pnu	시군구	번지	주택유형	도로조건	연면적	대지면적	계약연월	계약일	거래금액만원	건축년도	도로명
4215034023	강원도 강릉시 강동면 안인리	5**	단독	8m미만	73.24	184	201804	30	12100	2003	대동안길
4215034023	강원도 강릉시 강동면 안인리	3**	단독	8m미만	97.33	749	201804	6	18500	2011	원장봉길
4215011300	강원도 강릉시 강문동	2**	단독	8m미만	57.12	195	201804	2	14057	1942	창해로362번길
4215011000	강원도 강릉시 교동	1**	단독	12m미만	68.08	5.48	201804	18	1077	1990	강릉대로269번길
4215011000	강원도 강릉시 교동	9**	단독	25m이상	241.92	109.8	201804	4	28800	1991	강릉대로
4215011000	강원도 강릉시 교동	1**	단독	25m이상	118.48	117.7	201804	20	50000	1959	강릉대로
4215011000	강원도 강릉시 교동	8**	단독	8m미만	159.63	134	201804	10	12000	1993	화부산로8번길
4215011000	강원도 강릉시 교동	9**	단독	8m미만	61.22	142.1	201804	28	12300	1975	명주로77번길
4215011000	강원도 강릉시 교동	9**	단독	25m미만	109.4	148.8	201804	6	18600	1982	화부산로
4215011000	강원도 강릉시 교동	9**	단독	8m미만	77.58	149.5	201804	4	9200	1977	강릉대로
4215011000	강원도 강릉시 교동	9**	단독	8m미만	125.53	205	201804	28	16000	1981	명주로77번길
4215011000	강원도 강릉시 교동	1***	단독	12m미만	495.92	225.2	201804	24	76000	2002	하슬라로232번길
4215011000	강원도 강릉시 교동	1**	단독	8m미만	80.54	231	201804	9	5950	1990	임영로198번길
4215011000	강원도 강릉시 교동	8**	단독	12m미만	117.72	264	201804	11	21200	1940	화부산로8번길
4215011000	강원도 강릉시 교동	7**	단독	12m미만	656.43	502	201804	6	110000	2014	율곡로2953번길
4215033022	강원도 강릉시 구정면 학산리	4**	단독	8m미만	212.65	840	201804	26	30000	2011	생길목길
4215010200	강원도 강릉시 남문동	1**	단독	8m미만	54	152	201804	24	7150	1970	홍제로12번길
4215010200	강원도 강릉시 남문동	1**	단독	12m미만	98.35	190	201804	6	17000	1983	홍제로
4215011600	강원도 강릉시 내곡동	6**	단독	8m미만	210.31	175.1	201804	1	32000	1987	관대길28번길
4215011600	강원도 강릉시 내곡동	5*	단독	8m미만	410.48	277	201804	9	84300	2016	강변로172번길
4215012100	강원도 강릉시 노암동	3**	단독	8m미만	35.96	79	201804	26	5400	1982	연화봉길10번길
4215012100	강원도 강릉시 노암동	6**	단독	8m미만	25.72	86	201804	27	5700	1958	안땔길
4215012100	강원도 강릉시 노암동	3**	단독	8m미만	70.47	116	201804	5	9500	1978	노암길
4215012100	강원도 강릉시 노암동	2**	단독	8m미만	73.84	116	201804	13	4900	1979	연화봉길
4215012100	강원도 강릉시 노암동	6**	단독	8m미만	102.7	162	201804	6	11000	1981	안땔길
4215011900	강원도 강릉시 박월동	2**	단독	8m미만	216.57	983	201804	16	18000	1990	박월길
4215012900	강원도 강릉시 병산동	3**	단독	8m미만	152.34	381	201804	16	10629	2011	공항길
4215036029	강원도 강릉시 사천면 사기막리	1**	단독	8m미만	92.4	495	201804	30	18750	2012	중앙서로
4215036025	강원도 강릉시 사천면 사천진리	*	단독	8m미만	49.94	140	201804	17	8700	1978	진리중앙길
4215036025	강원도 강릉시 사천면 사천진리	1**	단독	8m미만	127.47	539	201804	5	24000	2017	손맞이길
4215036024	강원도 강릉시 사천면 판교리	5**	단독	8m미만	99.02	564	201804	3	14400	2000	조부동길
4215031029	강원도 강릉시 성산면 산북리	9**	단독	-	79.56	460	201804	12	16000	2015	칠봉로
4215031025	강원도 강릉시 성산면 송암리	4**	단독	8m미만	74.76	562	201804	11	18900	2013	대송길
4215037023	강원도 강릉시 연곡면 동덕리	9*	단독	12m미만	84.86	6355	201804	27	266900	1984	해안로
4215037021	강원도 강릉시 연곡면 방내리	3**	단독	8m미만	84	311	201804	14	15100	1992	향교말길
4215037028	강원도 강릉시 연곡면 삼산리	7**	단독	12m미만	199.28	764	201804	8	30480	2006	진고개로
4215035026	강원도 강릉시 옥계면 남양리	1***	단독	8m미만	59.5	382	201804	16	6000	1990	남양2길
4215035030	강원도 강릉시 옥계면 산계리	5**	단독	8m미만	108.2	473	201804	26	5000	2003	산계길
4215010900	강원도 강릉시 옥천동	1*	단독	8m미만	77.62	132	201804	10	6560	1935	수문길
4215010900	강원도 강릉시 옥천동	9*	단독	8m미만	279.55	205	201804	13	48000	2008	옥천로23번길
4215010900	강원도 강릉시 옥천동	1*	단독	8m미만	79	271	201804	4	13000	1990	null
4215032023	강원도 강릉시 왕산면 왕산리	1**	단독	8m미만	140.53	660	201804	6	32780	2009	왕산로
4215013100	강원도 강릉시 유천동	7**	단독	12m미만	297.12	297.5	201804	6	80000	2016	선수촌로128번길
4215013100	강원도 강릉시 유천동	5**	단독	8m미만	145.88	935	201804	26	37000	2013	유죽길
4215010500	강원도 강릉시 임당동	1*	단독	8m미만	37.01	73	201804	23	7500	1955	강릉대로194번길
4215010500	강원도 강릉시 임당동	1**	단독	8m미만	95.7	142	201804	12	8000	1969	임영로164번길
4215010500	강원도 강릉시 임당동	1**	단독	8m미만	508.07	249	201804	5	88500	2016	토성로
4215010500	강원도 강릉시 임당동	4*	단독	8m미만	700.15	420	201804	30	145000	2017	임영로164번길
4215012500	강원도 강릉시 입암동	6**	단독	12m미만	47.84	96	201804	26	4700	1975	강중길
4215012500	강원도 강릉시 입암동	6**	단독	12m미만	105.34	110	201804	3	7300	1983	강중길
4215012500	강원도 강릉시 입암동	6**	단독	12m미만	62.97	165	201804	7	8700	1977	강중길
4215012500	강원도 강릉시 입암동	5**	단독	25m미만	100.88	212	201804	23	11000	1983	강변로
4215012500	강원도 강릉시 입암동	6**	단독	25m미만	255.03	222	201804	25	32000	2001	강변로
4215025022	강원도 강릉시 주문진읍 교항리	7*	단독	8m미만	66.27	189.4	201804	17	7200	1981	신리1길
4215025023	강원도 강릉시 주문진읍 장덕리	3**	단독	8m미만	190.8	420	201804	2	5000	1998	장덕성황길
4215025021	강원도 강릉시 주문진읍 주문리	3**	단독	-	30.98	74	201804	7	3000	1984	불당골1길
4215025021	강원도 강릉시 주문진읍 주문리	7**	단독	12m미만	64.93	136	201804	9	30000	1992	해안로
4215025021	강원도 강릉시 주문진읍 주문리	7**	단독	8m미만	98.3	147	201804	20	6900	2003	소돌길
4215025021	강원도 강릉시 주문진읍 주문리	1***	단독	8m미만	52.83	197	201804	3	5600	1986	용소원길
4215025021	강원도 강릉시 주문진읍 주문리	1***	단독	8m미만	52.83	197	201804	27	5800	1986	용소원길
4215013200	강원도 강릉시 지변동	1*	단독	8m미만	218	394.44	201804	3	38500	1995	경포로15번길
4215013200	강원도 강릉시 지변동	2**	단독	8m미만	359.25	578	201804	18	53500	1991	지변길18번길
4215011200	강원도 강릉시 초당동	2**	단독	8m미만	112.32	275	201804	9	32000	1982	초당원길
4215011100	강원도 강릉시 포남동	1***	단독	8m미만	271.25	145.4	201804	13	40000	1993	산양큰길22번길
4215011100	강원도 강릉시 포남동	1***	단독	12m미만	181.2	178.7	201804	27	31700	1989	산양길
4215011100	강원도 강릉시 포남동	1***	단독	12m미만	198.68	186	201804	11	24400	1994	남강초교2길
4215011100	강원도 강릉시 포남동	1***	단독	8m미만	407.25	248.8	201804	13	34000	1989	강릉대로547번길
4215011100	강원도 강릉시 포남동	1***	단독	12m미만	183.42	249.1	201804	28	29000	1989	산양큰길9번길
4215011100	강원도 강릉시 포남동	1***	단독	25m미만	621	265.4	201804	26	50000	1990	남구길17번길
4215010100	강원도 강릉시 홍제동	1***	다가구	12m미만	417.15	253.7	201804	24	124000	2016	선수촌로63번길
4215010100	강원도 강릉시 홍제동	2*	단독	8m미만	112.9	122	201804	3	12000	1984	골말길
4282025029	강원도 고성군 간성읍 광산리	2**	단독	25m미만	39.51	530	201804	21	8100	1961	진부령로
4282025321	강원도 고성군 거진읍 거진리	2**	단독	8m미만	20	117	201804	26	5800	1988	해오름해변길
4282032024	강원도 고성군 죽왕면 공현진리	1**	단독	8m미만	188.49	127	201804	11	7000	1991	공현진길
4282033036	강원도 고성군 토성면 성대리	5**	단독	8m미만	140.5	728	201804	12	31500	1999	성대로
4282033036	강원도 고성군 토성면 성대리	1**	단독	8m미만	185.5	942	201804	20	24200	1995	새터1길
4282033023	강원도 고성군 토성면 아야진리	1**	단독	8m미만	26.95	194	201804	16	5300	1968	아야진길
4282033021	강원도 고성군 토성면 천진리	1**	단독	25m미만	66.18	278	201804	3	17723	1981	토성로
4282031027	강원도 고성군 현내면 마달리	2*	단독	8m미만	131.07	965	201804	24	13219	2010	백두대간로
4217012000	강원도 동해시 대구동	5**	단독	8m미만	36.36	326	201804	24	4500	1970	대동로
4217011100	강원도 동해시 발한동	5**	단독	12m미만	78.82	79	201804	23	2100	2003	느릅재길
4217011100	강원도 동해시 발한동	3**	단독	25m미만	21.06	92.7	201804	30	3000	1970	사문4길
4217011100	강원도 동해시 발한동	1**	단독	8m미만	39.8	138	201804	17	4500	1975	향로5길
4217011100	강원도 동해시 발한동	2**	단독	8m미만	76.9	161	201804	9	7500	1982	관사1길
4217011100	강원도 동해시 발한동	2**	단독	8m미만	657.19	456	201804	30	89000	2017	발한로
4217011000	강원도 동해시 부곡동	1**	단독	8m미만	86.83	159.9	201804	26	3700	1970	부곡복개로
4217010300	강원도 동해시 송정동	8**	단독	25m미만	191.16	157	201804	23	10700	1987	송정로
4217012600	강원도 동해시 이로동	2*	단독	8m미만	35.34	62	201804	11	1850	1950	삼화3길
4217012600	강원도 동해시 이로동	1**	단독	8m미만	68.4	155	201804	1	3000	1970	무릉1길
4217012600	강원도 동해시 이로동	3*	단독	12m미만	110.88	191	201804	14	9700	2001	파수길
4217010100	강원도 동해시 천곡동	9**	단독	25m미만	139.69	668.7	201804	19	70000	2014	동굴로
4223035023	강원도 삼척시 가곡면 오저리	4**	단독	8m미만	141.46	403	201804	14	15000	2003	가곡천로
4223035024	강원도 삼척시 가곡면 풍곡리	6**	단독	8m미만	68	327	201804	6	5000	1996	풍곡안길
4223031021	강원도 삼척시 근덕면 상맹방리	2**	단독	8m미만	52.05	515	201804	7	20000	1979	상맹방길
4223031033	강원도 삼척시 근덕면 용화리	4**	단독	8m미만	68.83	344	201804	12	37000	2003	용화안길
4223031034	강원도 삼척시 근덕면 장호리	4**	단독	8m미만	64.79	207	201804	30	4800	1940	장호길
4223012000	강원도 삼척시 남양동	1*	단독	8m미만	154.95	197.7	201804	2	18000	1984	사대길
4223012000	강원도 삼척시 남양동	1**	단독	8m미만	129.82	591	201804	2	19689	1961	사직로
4223010500	강원도 삼척시 당저동	1*	단독	8m미만	33.25	175.3	201804	12	9100	1969	교동로
4223025030	강원도 삼척시 도계읍 도계리	2**	단독	8m미만	79.5	112	201804	2	2000	1983	도계느티로2길
4223025033	강원도 삼척시 도계읍 전두리	1**	단독	8m미만	60.1	85	201804	29	1800	1976	강원남부로
4223025034	강원도 삼척시 도계읍 흥전리	8*	단독	8m미만	28.5	70	201804	9	1200	1971	흥전길
4223011300	강원도 삼척시 등봉동	2**	단독	8m미만	71.05	284	201804	27	2300	1925	평등2길
4223012100	강원도 삼척시 사직동	4**	단독	8m미만	98.1	172.6	201804	2	12500	2000	사직로4길
4223025323	강원도 삼척시 원덕읍 노곡리	7*	단독	8m미만	70.08	417	201804	16	12200	1937	노실길
4223025327	강원도 삼척시 원덕읍 월천리	1**	단독	8m미만	116.34	331	201804	19	14000	1994	고포월천길
4223025326	강원도 삼척시 원덕읍 호산리	3**	단독	8m미만	66.49	220	201804	19	27409	1999	호산1길
4223025326	강원도 삼척시 원덕읍 호산리	3**	단독	8m미만	362.94	469	201804	18	97591	1999	호산3길
4223010800	강원도 삼척시 증산동	3*	단독	8m미만	41.98	231	201804	4	10000	1959	수로부인길
4221010600	강원도 속초시 교동	9**	다가구	8m미만	656.44	391.2	201804	17	57000	2005	밤골6길
4221010600	강원도 속초시 교동	9**	단독	8m미만	84.81	201.7	201804	16	19500	2015	만천7길
4221010600	강원도 속초시 교동	9**	단독	8m미만	226.58	206	201804	11	40000	1998	먹거리5길
4221010600	강원도 속초시 교동	6**	단독	12m미만	127.62	261	201804	8	26900	1986	중앙로55번길
4221010400	강원도 속초시 금호동	4**	단독	8m미만	62.1	109	201804	29	5400	1982	수복로167번길
4221010400	강원도 속초시 금호동	4**	단독	8m미만	94.14	169	201804	11	18800	1995	수복로201번길
4221010200	강원도 속초시 동명동	4**	단독	25m미만	307.1	83	201804	20	97000	1991	장안로
4221010200	강원도 속초시 동명동	4**	단독	25m미만	95.32	119	201804	17	72000	2002	장안로
4221010200	강원도 속초시 동명동	4**	단독	25m미만	60.97	155	201804	28	107000	1984	장안로
4221010200	강원도 속초시 동명동	3**	단독	8m미만	53.46	162	201804	17	66200	1993	중앙로
4221010200	강원도 속초시 동명동	4**	단독	8m미만	31.59	195	201804	25	60000	1975	장안로4길
4221010200	강원도 속초시 동명동	4**	단독	8m미만	92.63	195	201804	17	101700	1975	장안로4길
4221010200	강원도 속초시 동명동	4**	단독	8m미만	56.24	198	201804	25	60000	1975	장안로4길
4221010100	강원도 속초시 영랑동	1**	단독	12m미만	96.9	83	201804	13	25000	1989	영랑해안길
4221011300	강원도 속초시 장사동	6**	단독	8m미만	54.42	92	201804	30	10500	1969	사진3길
4221010800	강원도 속초시 조양동	1***	단독	8m미만	26.44	73	201804	11	4600	1968	새마을12길
4221010800	강원도 속초시 조양동	1***	단독	8m미만	26.44	79	201804	4	6455	1968	새마을4길
4221010300	강원도 속초시 중앙동	4**	단독	8m미만	22.25	13	201804	19	2500	1985	수복로
4221010300	강원도 속초시 중앙동	4**	단독	8m미만	19.69	37	201804	12	1700	1958	중앙시장로
4221010300	강원도 속초시 중앙동	4**	단독	8m미만	22.25	76	201804	19	14700	1985	수복로
4221010300	강원도 속초시 중앙동	4**	단독	8m미만	89.94	93	201804	10	24500	1960	중앙로
4221010500	강원도 속초시 청학동	4**	단독	8m미만	34.56	24	201804	26	5000	2007	수복로143번길
4221010500	강원도 속초시 청학동	4**	단독	8m미만	139.04	255	201804	30	30500	1969	중앙로
4221010900	강원도 속초시 청호동	1***	단독	8m미만	29.85	47	201804	4	4500	1971	청호로
4221010900	강원도 속초시 청호동	1***	단독	8m미만	68.4	214	201804	13	52000	1991	청호로6길
4280031025	강원도 양구군 남면 청리	5**	단독	12m미만	65.34	359	201804	15	4500	1984	관대두무로
4280025028	강원도 양구군 양구읍 공리	1**	단독	8m미만	92.85	370	201804	2	7968	2014	춘양로2545번길
4283035037	강원도 양양군 강현면 용호리	1*	단독	8m미만	408.52	661	201804	9	38000	1996	동해대로
4283035023	강원도 양양군 강현면 하복리	4**	단독	12m미만	344.52	737	201804	12	29798	1998	복골길
4283025021	강원도 양양군 양양읍 남문리	*	단독	12m미만	52.47	233	201804	5	21000	1975	군청길
4283025021	강원도 양양군 양양읍 남문리	1*	단독	8m미만	151.66	281	201804	30	21500	1980	군청길
4283025035	강원도 양양군 양양읍 서문리	2**	단독	8m미만	133.99	195	201804	19	10000	1979	서문3길
4283025035	강원도 양양군 양양읍 서문리	2**	단독	8m미만	87.03	271	201804	2	20800	2014	고치물길
4283025025	강원도 양양군 양양읍 연창리	1**	단독	8m미만	29	90	201804	16	3700	1983	거릿말길
4283034036	강원도 양양군 현남면 지경리	*	단독	25m미만	1224.7	601	201804	11	100000	2003	동해대로
4275032522	강원도 영월군 김삿갓면 각동리	3**	단독	8m미만	90.98	310	201804	17	19500	2017	길론길
4275032528	강원도 영월군 김삿갓면 외룡리	4**	단독	8m미만	85.86	794	201804	2	8200	2016	음지마을길
4275034026	강원도 영월군 남면 북쌍리	9**	단독	8m미만	111.04	631	201804	21	10000	1997	들골길
4275025024	강원도 영월군 영월읍 덕포리	8**	단독	12m미만	79	340	201804	16	6500	1998	덕포하리2길
4275025028	강원도 영월군 영월읍 연하리	3**	단독	12m미만	87.6	693	201804	25	5000	2016	null
4275025021	강원도 영월군 영월읍 영흥리	1***	단독	8m미만	61.14	175	201804	18	5500	1978	단종로
4275025022	강원도 영월군 영월읍 하송리	4*	단독	8m미만	58.28	198	201804	23	17000	1978	은행나무1길
4275025022	강원도 영월군 영월읍 하송리	4*	단독	8m미만	96.21	263	201804	2	20000	1990	은행나무1길
4275036025	강원도 영월군 주천면 금마리	5**	단독	8m미만	37.12	149	201804	14	3300	1998	자작결운길
4275036021	강원도 영월군 주천면 주천리	1***	다가구	12m미만	76.56	56.4	201804	7	7000	1998	주천시장길
4275036021	강원도 영월군 주천면 주천리	1***	단독	8m미만	33	50	201804	27	3000	1972	주천로72번길
4213011800	강원도 원주시 가현동	6*	단독	8m미만	29.8	83	201804	5	3300	1962	가현로
4213010500	강원도 원주시 개운동	3**	단독	12m미만	81.58	138.7	201804	5	16500	1982	명륜초교길
4213010500	강원도 원주시 개운동	2**	단독	12m미만	51.48	152	201804	20	14000	1977	치악로1735번길
4213010500	강원도 원주시 개운동	3**	단독	12m미만	71.98	182.2	201804	25	20000	1979	개운2길
4213036022	강원도 원주시 귀래면 귀래리	3**	단독	8m미만	99.84	660	201804	21	27000	1962	귀운길
4213036025	강원도 원주시 귀래면 용암리	1***	단독	8m미만	101.96	893	201804	17	6000	1962	용암동막길
4213036023	강원도 원주시 귀래면 운계리	6*	단독	8m미만	83.88	631	201804	3	15900	1995	운계다둔길
4213036021	강원도 원주시 귀래면 운남리	1***	단독	8m미만	72.9	476	201804	17	8500	1964	용암말길
4213036021	강원도 원주시 귀래면 운남리	2**	단독	8m미만	92.58	478	201804	26	16200	2009	녹재길
4213011000	강원도 원주시 단계동	8**	다가구	12m미만	325.74	273.8	201804	24	47750	1994	금불4길
4213011000	강원도 원주시 단계동	1***	단독	12m미만	341.46	195.3	201804	4	82500	2011	백간공원길
4213011000	강원도 원주시 단계동	9**	단독	12m미만	398.47	203	201804	21	75000	2014	이화4길
4213011000	강원도 원주시 단계동	8**	단독	8m미만	297.78	207.6	201804	8	31000	1995	금불1길
4213011000	강원도 원주시 단계동	1***	단독	12m미만	332.85	208.4	201804	6	77000	2010	백간공원길
4213011000	강원도 원주시 단계동	8**	단독	8m미만	494.88	251.6	201804	9	40000	1995	금불1길
4213010700	강원도 원주시 단구동	6**	단독	8m미만	84.8	139	201804	14	10500	1984	치악로
4213010700	강원도 원주시 단구동	1***	단독	25m미만	110.88	219	201804	18	25500	1985	치악로1735번길
4213010700	강원도 원주시 단구동	1***	단독	12m미만	197.71	272	201804	29	23800	1988	송림길
4213010600	강원도 원주시 명륜동	8**	다가구	12m미만	391.61	225.7	201804	20	55500	2003	남원로469번길
4213010600	강원도 원주시 명륜동	3**	단독	8m미만	49.95	109.1	201804	16	8500	2007	종각길
4213010600	강원도 원주시 명륜동	8**	단독	12m미만	346.68	197.8	201804	2	45300	2004	남원로469번길
4213010600	강원도 원주시 명륜동	8**	단독	12m미만	373.49	213.1	201804	5	58000	2004	남원로469번길
4213010600	강원도 원주시 명륜동	3**	단독	12m미만	267.08	224	201804	13	19000	1989	남원로527번길
4213011500	강원도 원주시 무실동	8**	단독	8m미만	26.45	247	201804	9	14700	1964	은행정길
4213011500	강원도 원주시 무실동	1***	단독	8m미만	115.87	883	201804	9	42900	1964	송삼길
4213025026	강원도 원주시 문막읍 건등리	1***	단독	12m미만	188.18	173.2	201804	13	29000	1996	석지1길
4213025022	강원도 원주시 문막읍 동화리	1***	단독	8m미만	194.36	204.9	201804	12	22000	2002	동화택지길
4213025022	강원도 원주시 문막읍 동화리	1**	단독	8m미만	90	544	201804	25	17900	1962	동화골길
4213025021	강원도 원주시 문막읍 문막리	1**	단독	8m미만	55.64	399	201804	25	8300	1964	천마산길
4213025029	강원도 원주시 문막읍 반계리	1***	단독	12m미만	85.13	714	201804	28	18000	2009	원양1로
4213025028	강원도 원주시 문막읍 포진리	6**	단독	8m미만	37.49	241	201804	30	4600	1983	삼괴정길
4213025027	강원도 원주시 문막읍 후용리	3**	단독	8m미만	63.87	485	201804	16	5000	1979	고청동길
4213011300	강원도 원주시 봉산동	9**	단독	8m미만	128.45	136	201804	16	12500	1996	봉천길
4213011300	강원도 원주시 봉산동	1***	단독	12m미만	365.16	184.3	201804	25	70000	2015	삼광1길
4213035026	강원도 원주시 부론면 단강리	1***	단독	12m미만	68.76	495	201804	26	9000	2014	부귀로
4213031021	강원도 원주시 소초면 평장리	1***	단독	12m미만	98.82	653	201804	16	13500	1996	섬배로
4213039027	강원도 원주시 신림면 송계리	3**	단독	8m미만	320.81	3672	201804	11	89858	2009	송계로
4213039026	강원도 원주시 신림면 황둔리	*	단독	8m미만	96.18	742	201804	17	15000	2006	솔치로
4213011100	강원도 원주시 우산동	2**	단독	8m미만	61.65	54.7	201804	13	6200	1979	우무개로
4213011100	강원도 원주시 우산동	2**	단독	8m미만	130.9	147.2	201804	16	18200	1980	우산초교길
4213011100	강원도 원주시 우산동	2**	단독	8m미만	136	165.2	201804	13	23000	1979	우산초교길
4213011100	강원도 원주시 우산동	2**	단독	8m미만	97.13	198.4	201804	12	18500	1979	우산초교길
4213011100	강원도 원주시 우산동	2**	단독	8m미만	137.08	201.3	201804	9	17000	1979	우산초교길
4213011100	강원도 원주시 우산동	2**	단독	8m미만	422.55	204	201804	5	38000	1995	북원로2485번길
4213011100	강원도 원주시 우산동	2**	단독	8m미만	173.25	248	201804	6	19500	1989	우무개로
4213010300	강원도 원주시 원동	2**	단독	8m미만	78.67	167	201804	19	10595	1962	다박골길
4213010800	강원도 원주시 일산동	2**	단독	25m미만	57.56	59	201804	11	6700	1964	남산로
4213010800	강원도 원주시 일산동	2**	단독	8m미만	57.4	168.6	201804	27	8500	1971	일산초교길
4213010800	강원도 원주시 일산동	1**	단독	8m미만	80.84	176	201804	24	13000	1977	일산로36번길
4213010800	강원도 원주시 일산동	2**	단독	8m미만	392.25	198.3	201804	2	78700	2015	동진골3길
4213010800	강원도 원주시 일산동	3**	단독	8m미만	174.96	212	201804	3	25000	1989	무실로130번길
4213033025	강원도 원주시 지정면 신평리	5**	단독	8m미만	83.57	238	201804	6	16520	2017	신평안터길
4213011200	강원도 원주시 태장동	2***	단독	8m미만	53.88	148	201804	11	5000	1978	신촌길
4213011200	강원도 원주시 태장동	2***	단독	8m미만	69.36	160	201804	11	5000	1978	신촌길
4213011200	강원도 원주시 태장동	1***	단독	25m미만	133	302	201804	27	17000	1994	태장공단길
4213011200	강원도 원주시 태장동	1***	단독	8m미만	37.24	594	201804	21	26000	1983	현충로
4213038022	강원도 원주시 판부면 서곡리	1***	다가구	12m미만	327.32	198.5	201804	2	67000	2017	매봉길
4213038022	강원도 원주시 판부면 서곡리	4**	단독	8m미만	110.83	259	201804	3	14500	1997	건너말길
4213010900	강원도 원주시 학성동	2**	단독	8m미만	55.04	111	201804	4	11800	1983	옛시청길
4213010900	강원도 원주시 학성동	2**	단독	25m미만	91.84	158	201804	16	25000	1992	원일로
4213032021	강원도 원주시 호저면 주산리	6**	단독	8m미만	53.9	251	201804	23	7152	1964	막골길
4213037022	강원도 원주시 흥업면 매지리	1***	단독	8m미만	84.42	505	201804	19	9000	1994	미촌길
4213037021	강원도 원주시 흥업면 흥업리	8*	단독	8m미만	68.04	333	201804	10	25000	1986	울업1길
4281033024	강원도 인제군 기린면 방동리	2**	단독	8m미만	91.78	991	201804	9	4127	2005	방태산길
4281032024	강원도 인제군 북면 용대리	1***	단독	8m미만	69.12	334	201804	18	3000	1992	아랫남교길
4281032023	강원도 인제군 북면 한계리	1***	단독	8m미만	229.85	793	201804	10	10500	2012	설악로
4281032023	강원도 인제군 북면 한계리	8**	단독	8m미만	99.72	990	201804	4	20000	2007	모란골길
4281035022	강원도 인제군 상남면 하남리	7**	단독	8m미만	57.52	290	201804	13	3000	1982	후평동길
4281025031	강원도 인제군 인제읍 고사리	1**	단독	8m미만	676.67	872	201804	24	50706	2004	장수터길
4281025022	강원도 인제군 인제읍 남북리	8*	단독	8m미만	133.1	868	201804	11	13774	2002	조리미길
4281025021	강원도 인제군 인제읍 상동리	3**	단독	8m미만	279.54	157	201804	2	34000	1989	인제로188번길
4281025030	강원도 인제군 인제읍 하추리	3**	단독	8m미만	94.71	423	201804	3	2432	1992	하추로
4281025023	강원도 인제군 인제읍 합강리	6*	단독	8m미만	93.75	663	201804	30	6113	1997	이평로
4277034022	강원도 정선군 북평면 북평리	7**	단독	12m미만	59.4	186	201804	12	5500	1981	북평1길
4277025921	강원도 정선군 신동읍 예미리	3**	단독	8m미만	66	483	201804	5	8000	2014	의림로
4277037026	강원도 정선군 여량면 봉정리	3**	단독	12m미만	222.3	512	201804	3	12000	1999	봉정로
4277035021	강원도 정선군 임계면 가목리	1**	단독	8m미만	121.75	830	201804	2	10000	1993	마상길
4277025023	강원도 정선군 정선읍 덕송리	4**	단독	8m미만	65.1	331	201804	10	5200	2017	문곡강변길
4277025021	강원도 정선군 정선읍 봉양리	3*	단독	8m미만	59.57	148	201804	23	7000	1980	녹송4길
4277036021	강원도 정선군 화암면 화암리	3**	단독	8m미만	82.4	204	201804	16	4200	1996	소금강로
4278025624	강원도 철원군 갈말읍 군탄리	2**	단독	-	85.47	993	201804	30	4753	1993	군탄로
4278025621	강원도 철원군 갈말읍 신철원리	9**	단독	25m미만	17.79	23	201804	11	10000	1976	삼부연로
4278025621	강원도 철원군 갈말읍 신철원리	1**	단독	8m미만	86.94	334	201804	16	5500	1995	용화동길
4278032026	강원도 철원군 근남면 마현리	1***	단독	8m미만	79.95	669	201804	12	8000	2005	null
4278025328	강원도 철원군 김화읍 청양리	1***	단독	8m미만	26.28	339	201804	20	5000	2009	null
4278025328	강원도 철원군 김화읍 청양리	1***	단독	8m미만	197	463	201804	13	8139	1996	청양로
4278025928	강원도 철원군 동송읍 양지리	4**	단독	8m미만	83.49	321	201804	3	5400	1998	양지3길
4278025922	강원도 철원군 동송읍 오덕리	2**	단독	8m미만	212.55	316	201804	20	11900	2008	덕고동길
4278025921	강원도 철원군 동송읍 이평리	8**	다가구	8m미만	375.43	331	201804	29	28500	1994	금학로187번안길
4278025921	강원도 철원군 동송읍 이평리	2**	단독	8m미만	103.36	407	201804	20	12000	1997	금학로59번길
4278025923	강원도 철원군 동송읍 장흥리	5**	단독	8m미만	75.24	284	201804	30	4000	1990	장방산길
4278025923	강원도 철원군 동송읍 장흥리	2**	단독	12m미만	74.1	328	201804	23	10500	2010	태봉로
4211012200	강원도 춘천시 교동	1*	다가구	12m미만	539.44	338	201804	9	87000	2007	삭주로66번길
4211012200	강원도 춘천시 교동	1*	단독	8m미만	55.59	99	201804	4	13500	1980	삭주로66번길
4211012200	강원도 춘천시 교동	1*	단독	8m미만	99.33	120	201804	4	16200	1980	삭주로66번길
4211012200	강원도 춘천시 교동	6*	단독	8m미만	66.5	169	201804	6	17900	1994	서부대성로105번길
4211012200	강원도 춘천시 교동	1**	단독	8m미만	177.42	172.5	201804	23	28000	2003	향교앞길
4211012200	강원도 춘천시 교동	1*	단독	8m미만	215.77	238	201804	4	43000	1993	교동길
4211012200	강원도 춘천시 교동	1**	단독	8m미만	127.8	314.9	201804	19	46000	1982	삭주로80번길
4211011700	강원도 춘천시 근화동	2**	단독	8m미만	56.07	154	201804	11	26500	1974	방송길36번길
4211034023	강원도 춘천시 남면 가정리	4*	단독	8m미만	163.12	493	201804	28	15600	2001	큰성골길
4211040027	강원도 춘천시 남산면 강촌리	3**	단독	8m미만	303.63	288	201804	10	25000	1999	강촌구곡1길
4211040026	강원도 춘천시 남산면 방곡리	4**	단독	12m미만	207	331	201804	12	23500	2000	강촌로
4211040026	강원도 춘천시 남산면 방곡리	5**	단독	8m미만	126.98	755	201804	9	26700	2001	노일길
4211040024	강원도 춘천시 남산면 수동리	5**	단독	8m미만	82.82	284.2	201804	26	27000	2012	추곡고개길
4211039021	강원도 춘천시 동내면 거두리	9**	다가구	12m미만	355.88	221.2	201804	12	60500	2010	거두택지길14번길
4211039021	강원도 춘천시 동내면 거두리	9**	다가구	12m미만	372.4	231.1	201804	30	60000	2009	거두택지길26번길
4211039023	강원도 춘천시 동내면 고은리	7*	단독	8m미만	191	838	201804	18	39800	2004	동내로
4211039024	강원도 춘천시 동내면 사암리	8**	단독	8m미만	58.29	141	201804	9	2000	1961	사암길
4211039024	강원도 춘천시 동내면 사암리	8**	단독	8m미만	123.72	333	201804	15	27477	2018	점말1길
4211039024	강원도 춘천시 동내면 사암리	1***	단독	8m미만	98.27	368	201804	6	16000	1993	대룡산길
4211031022	강원도 춘천시 동면 만천리	8**	단독	8m미만	659.19	406	201804	18	99879	2018	도일길
4211031022	강원도 춘천시 동면 만천리	3**	단독	8m미만	117.94	470	201804	19	27800	2013	도일길
4211031022	강원도 춘천시 동면 만천리	1**	단독	-	52.2	497	201804	3	10621	2017	금베이길
4211031030	강원도 춘천시 동면 상걸리	5**	단독	8m미만	84.22	624	201804	16	9100	2017	길골길
4211032023	강원도 춘천시 동산면 원창리	1***	단독	8m미만	86.53	774	201804	2	10000	2013	구암길
4211010100	강원도 춘천시 봉의동	*	단독	8m미만	796.6	258	201804	27	88200	2005	봉의산길22번길
4211036028	강원도 춘천시 사북면 고성리	2**	단독	8m미만	74.91	547	201804	6	18800	2014	매산골길
4211036028	강원도 춘천시 사북면 고성리	2**	단독	8m미만	27.29	935	201804	23	7000	2009	매산골길
4211036023	강원도 춘천시 사북면 오탄리	9**	단독	8m미만	37.8	316	201804	11	2425	1900	놀미길
4211035022	강원도 춘천시 서면 금산리	6**	단독	8m미만	74.55	428	201804	3	20000	1986	금산2길
4211035028	강원도 춘천시 서면 덕두원리	4*	단독	8m미만	510.23	1282	201804	29	97000	2013	박사로
4211035030	강원도 춘천시 서면 안보리	5**	단독	8m미만	52.32	422	201804	6	10000	2012	율장길
4211012400	강원도 춘천시 석사동	6**	단독	8m미만	380.36	164.5	201804	21	36500	1994	석사길5번길
4211011600	강원도 춘천시 소양로4가	1**	단독	8m미만	186.81	115.1	201804	9	17900	1993	가연길5번길
4211025023	강원도 춘천시 신북읍 유포리	1**	단독	8m미만	144.42	388	201804	20	22000	1995	맥국길
4211025023	강원도 춘천시 신북읍 유포리	5**	단독	-	99.27	429	201804	30	25034	2018	아침못길
4211011100	강원도 춘천시 약사동	1**	단독	8m미만	51.42	143.7	201804	10	14000	1900	공지로
4211011100	강원도 춘천시 약사동	*	단독	8m미만	56.13	173	201804	3	20700	1973	중앙로67번길
4211011100	강원도 춘천시 약사동	1**	단독	12m미만	192.5	293.4	201804	10	38537	1983	공지로
4211010700	강원도 춘천시 옥천동	3*	단독	8m미만	37.58	112.1	201804	3	14450	1900	중앙로27번길
4211012100	강원도 춘천시 온의동	1**	다가구	8m미만	367.82	236	201804	17	74000	2018	영서로2291번길
4211012100	강원도 춘천시 온의동	5**	단독	12m미만	375.76	225	201804	24	46000	1998	춘주로92번길
4211010200	강원도 춘천시 요선동	*	다가구	8m미만	493.52	230	201804	30	105000	2017	서부대성로47번길
4211011800	강원도 춘천시 우두동	1***	단독	12m미만	472.47	202.6	201804	25	57000	1995	영서로2756번길
4211010800	강원도 춘천시 조양동	*	단독	8m미만	70.89	185	201804	7	11600	1900	아침길23번길
4211010800	강원도 춘천시 조양동	*	단독	8m미만	88.09	192	201804	6	21000	1979	금강로83번길
4211010800	강원도 춘천시 조양동	*	단독	25m미만	306.54	444	201804	30	87100	1972	시청길
4211012600	강원도 춘천시 칠전동	5**	단독	25m미만	151.21	218.9	201804	20	41000	2011	칠전동길
4211012300	강원도 춘천시 퇴계동	3**	단독	12m미만	98.58	168	201804	23	28500	1981	퇴계로93번길
4211012300	강원도 춘천시 퇴계동	3**	단독	8m미만	399.88	196	201804	11	89686	2016	퇴계로93번길
4211012300	강원도 춘천시 퇴계동	1***	단독	12m미만	422.52	259	201804	4	84000	2015	승지골길13번길
4211012300	강원도 춘천시 퇴계동	4**	단독	8m미만	41.78	320	201804	16	49500	1968	미나리길
4211011200	강원도 춘천시 효자동	3**	다가구	8m미만	246.86	129	201804	16	25000	1993	공지로264번길
4211011200	강원도 춘천시 효자동	7**	단독	12m미만	274.83	135.2	201804	18	20000	1991	전원길
4211011200	강원도 춘천시 효자동	7**	단독	8m미만	161.53	146	201804	18	25100	2000	백령로107번길
4211011200	강원도 춘천시 효자동	7**	단독	12m미만	330.8	149.5	201804	7	66000	2014	효평길
4211011200	강원도 춘천시 효자동	1**	단독	8m미만	294.22	195	201804	17	46000	2002	효제길23번길
4211011200	강원도 춘천시 효자동	1**	단독	8m미만	62.27	205	201804	19	19000	1971	새마을길
4211011200	강원도 춘천시 효자동	4**	단독	8m미만	419.22	215	201804	7	70000	2015	명주길
4211011200	강원도 춘천시 효자동	4**	단독	8m미만	43.35	221	201804	24	9500	1980	명주길
4211011200	강원도 춘천시 효자동	6**	단독	25m미만	568.22	227.4	201804	26	110000	2012	효자로
4211011200	강원도 춘천시 효자동	6**	단독	8m미만	215.69	228.4	201804	6	37000	1983	서부대성로227번길
4211011200	강원도 춘천시 효자동	4**	단독	8m미만	62.1	244	201804	18	15500	1978	새마을길
4211011200	강원도 춘천시 효자동	4**	단독	8m미만	401.88	283	201804	4	47500	1993	효명길
4211012000	강원도 춘천시 후평동	6**	단독	12m미만	242.43	135.9	201804	25	22000	1991	성심로47번길
4211012000	강원도 춘천시 후평동	4**	단독	8m미만	86.22	165	201804	11	16700	1979	춘천로270번길
4211012000	강원도 춘천시 후평동	7**	단독	8m미만	160.35	180.6	201804	30	19600	1989	만천로227번길
4211012000	강원도 춘천시 후평동	8**	단독	8m미만	275.29	198.3	201804	13	30000	2003	후석로379번길
4211012000	강원도 춘천시 후평동	6**	단독	12m미만	66.95	200.1	201804	24	8500	1977	춘천로296번길
4211012000	강원도 춘천시 후평동	5**	단독	8m미만	322.8	205	201804	30	43000	1997	삭주로108번길
4211012000	강원도 춘천시 후평동	7**	단독	8m미만	239.4	207.5	201804	15	15500	1991	후석로380번길
4211012000	강원도 춘천시 후평동	8**	단독	12m미만	151.05	214.1	201804	25	29800	1987	후석로250번길
4211012000	강원도 춘천시 후평동	6**	단독	12m미만	658.66	282	201804	24	130000	2017	효평길
4219010200	강원도 태백시 장성동	1**	단독	25m미만	111.67	309	201804	20	21000	1989	장성로
4219010400	강원도 태백시 철암동	4**	단독	8m미만	35.72	66	201804	25	1050	1983	삼방1길
4219011200	강원도 태백시 통동	7*	단독	8m미만	34.02	72	201804	30	1500	1957	통리4길
4219011200	강원도 태백시 통동	7*	단독	8m미만	45.6	72	201804	24	3000	1957	null
4219011200	강원도 태백시 통동	6*	단독	25m미만	117.52	213	201804	18	11150	1981	통리1길
4219010900	강원도 태백시 화전동	6*	단독	8m미만	40.5	75	201804	4	1500	1992	효자길
4219010900	강원도 태백시 화전동	8*	단독	8m미만	44.59	142	201804	23	4000	2012	세곡1길
4219010900	강원도 태백시 화전동	8*	단독	8m미만	81.2	199	201804	19	1100	1998	초막1길
4219010900	강원도 태백시 화전동	1*	단독	12m미만	48.8	209	201804	17	5000	1984	외솔배기길
4219010900	강원도 태백시 화전동	7*	단독	8m미만	54.72	389	201804	25	2000	1998	태백로
4219010100	강원도 태백시 황지동	8*	단독	8m미만	39.7	37.04	201804	16	1000	1985	문화로
4219010100	강원도 태백시 황지동	2**	단독	8m미만	35.12	50	201804	10	1750	1973	연지로25번길
4219010100	강원도 태백시 황지동	2**	단독	8m미만	21.6	53	201804	10	2250	1983	연지로25번길
4219010100	강원도 태백시 황지동	2**	단독	8m미만	71.81	64	201804	4	4800	1981	먹거리길
4219010100	강원도 태백시 황지동	2**	단독	8m미만	44.17	73	201804	11	2500	1982	황지로
4219010100	강원도 태백시 황지동	1*	단독	8m미만	47.88	83	201804	4	4000	1972	황지북2길
4219010100	강원도 태백시 황지동	2**	단독	8m미만	33	95	201804	24	8600	1985	장수길
4219010100	강원도 태백시 황지동	2*	단독	8m미만	35.7	102	201804	30	7500	1998	서황지로
4276038026	강원도 평창군 대관령면 용산리	3**	단독	8m미만	82.92	660	201804	26	11900	2012	큰터길
4276038024	강원도 평창군 대관령면 횡계리	3**	단독	-	103.04	192	201804	10	12000	1985	눈마을2길
4276038024	강원도 평창군 대관령면 횡계리	*	단독	8m미만	84.64	208	201804	11	13850	2018	대관령마루길
4276038024	강원도 평창군 대관령면 횡계리	*	단독	8m미만	84.64	211	201804	11	13850	2018	대관령마루길
4276038024	강원도 평창군 대관령면 횡계리	3**	단독	8m미만	80.18	331	201804	19	6000	1980	해당화3길
4276033025	강원도 평창군 대화면 하안미리	1**	단독	8m미만	95.5	668	201804	28	19900	2011	중왕산길
4276032022	강원도 평창군 방림면 운교리	1***	단독	8m미만	120.47	540	201804	27	18700	2011	null
4276032022	강원도 평창군 방림면 운교리	5**	단독	8m미만	88.14	789	201804	29	17100	2017	여우재길
4276032022	강원도 평창군 방림면 운교리	3**	단독	8m미만	110.93	917	201804	28	18200	2017	여우재2길
4276034026	강원도 평창군 봉평면 무이리	1***	단독	8m미만	145.49	380	201804	4	18350	2008	안흥동2길
4276034026	강원도 평창군 봉평면 무이리	1***	단독	8m미만	194.91	713	201804	4	27450	2008	안흥동2길
4276034026	강원도 평창군 봉평면 무이리	2**	단독	8m미만	168.95	855	201804	5	16500	2006	경강로
4276034028	강원도 평창군 봉평면 원길리	8**	단독	8m미만	98.05	647	201804	30	10000	1998	봉평북로
4276034022	강원도 평창군 봉평면 평촌리	3**	단독	8m미만	96.72	538	201804	24	7000	2012	후군동길
4276036023	강원도 평창군 진부면 송정리	2***	단독	12m미만	207.56	249.3	201804	6	15000	1996	송정택지2길
4276036023	강원도 평창군 진부면 송정리	2***	단독	8m미만	98.01	378.3	201804	30	16000	1996	null
4276036034	강원도 평창군 진부면 수항리	3**	단독	8m미만	171.76	632	201804	9	24080	1996	아차골길
4276036034	강원도 평창군 진부면 수항리	2**	단독	8m미만	183.24	927	201804	4	5800	1980	오대천로
4276036037	강원도 평창군 진부면 장전리	8*	단독	8m미만	91	335	201804	18	12000	2005	장전길
4276025038	강원도 평창군 평창읍 대상리	1**	단독	12m미만	185.21	890	201804	29	24250	2008	평창강로
4276025036	강원도 평창군 평창읍 마지리	1**	단독	8m미만	98.8	991	201804	10	14500	2007	마지2길
4276025044	강원도 평창군 평창읍 주진리	1**	단독	8m미만	65.38	182	201804	20	8000	1979	찬샘내기2길
4276025023	강원도 평창군 평창읍 하리	3**	단독	8m미만	99.74	420	201804	23	10000	2006	하평길
4272036024	강원도 홍천군 남면 시동리	1***	단독	8m미만	49.59	215	201804	15	11300	1989	시동안로
4272036031	강원도 홍천군 남면 화전리	9**	단독	8m미만	131.49	566	201804	26	18000	2012	한서로
4272033024	강원도 홍천군 내촌면 도관리	2**	단독	8m미만	99.12	367	201804	16	3316	1993	안고래길
4272035030	강원도 홍천군 동면 노천리	1**	단독	12m미만	53.97	275	201804	1	11000	2017	공작산로
4272035030	강원도 홍천군 동면 노천리	9**	단독	8m미만	108.61	638	201804	10	14500	2000	금계로
4272035030	강원도 홍천군 동면 노천리	1***	단독	8m미만	95.34	945	201804	3	17000	1945	노천길
4272035021	강원도 홍천군 동면 속초리	9**	단독	8m미만	96.37	1093	201804	13	40000	2014	덕고개길
4272035022	강원도 홍천군 동면 신봉리	6*	단독	8m미만	98.3	660	201804	7	23500	2011	맞바위길
4272032021	강원도 홍천군 두촌면 철정리	6**	단독	8m미만	66.6	544	201804	1	21500	2001	북창길
4272038032	강원도 홍천군 북방면 노일리	8**	단독	8m미만	79.78	918	201804	13	18000	2007	null
4272038032	강원도 홍천군 북방면 노일리	8**	단독	8m미만	191.1	1118	201804	12	29900	2011	구룡밭길41번길
4272038026	강원도 홍천군 북방면 능평리	1**	단독	8m미만	83.16	377	201804	30	9000	1980	도사곡길
4272038035	강원도 홍천군 북방면 도사곡리	3*	단독	8m미만	149.34	500	201804	29	23400	2012	문들길
4272038033	강원도 홍천군 북방면 장항리	1**	단독	12m미만	47.25	530	201804	16	7700	2009	굴지강변로
4272037029	강원도 홍천군 서면 모곡리	1**	단독	8m미만	25.85	401	201804	20	10500	1974	설밀길
4272037029	강원도 홍천군 서면 모곡리	1***	단독	12m미만	116.5	660	201804	30	19135	2007	모곡로
4272037023	강원도 홍천군 서면 팔봉리	9**	단독	12m미만	313.56	416	201804	5	36100	2010	한치골길
4272037023	강원도 홍천군 서면 팔봉리	7**	단독	8m미만	364.6	495	201804	7	48000	2003	한치골길621번길
4272034021	강원도 홍천군 서석면 풍암리	4**	단독	8m미만	88.74	916	201804	30	14219	2004	풍암장터1길
4272025032	강원도 홍천군 홍천읍 삼마치리	*	단독	8m미만	68.21	396	201804	25	21500	2016	null
4272025032	강원도 홍천군 홍천읍 삼마치리	2**	단독	8m미만	51.5	595	201804	21	13000	2013	삼마치길9번길
4272025021	강원도 홍천군 홍천읍 진리	5*	단독	8m미만	61.5	153	201804	5	7000	1965	희망진리길
4272025023	강원도 홍천군 홍천읍 희망리	1**	단독	25m미만	78.12	235	201804	10	23800	1980	null
4272031029	강원도 홍천군 화촌면 구성포리	4**	단독	8m미만	97.02	350	201804	13	15800	2018	둔덕이길
4272031029	강원도 홍천군 화촌면 구성포리	9**	단독	8m미만	94.16	660	201804	19	5700	2003	무수터길
4272031026	강원도 홍천군 화촌면 군업리	7**	단독	8m미만	108.12	992	201804	1	19500	2014	군업안말길54번길
4279034022	강원도 화천군 사내면 광덕리	5**	단독	8m미만	99.6	1220	201804	13	10200	2008	도일길
4279032028	강원도 화천군 하남면 거례리	6**	단독	8m미만	77.85	667	201804	30	14000	2013	거례길
4279025022	강원도 화천군 화천읍 하리	9*	단독	-	99.51	284	201804	2	12000	2004	상승로3길
4273034024	강원도 횡성군 갑천면 구방리	2**	단독	8m미만	98.2	563	201804	25	26060	2012	태기로구방6길
4273034026	강원도 횡성군 갑천면 매일리	9**	단독	8m미만	98.99	205.4	201804	27	9000	2005	청정로매일2길
4273034026	강원도 횡성군 갑천면 매일리	3**	단독	8m미만	76.98	660	201804	12	14200	2017	갑천로
4273034031	강원도 횡성군 갑천면 전촌리	4**	단독	8m미만	125.37	1108	201804	10	27060	2007	외갑천로341번길
4273034025	강원도 횡성군 갑천면 포동리	5**	단독	8m미만	82.33	372	201804	9	14000	1989	청정로
4273034027	강원도 횡성군 갑천면 하대리	4*	단독	12m미만	125.25	240	201804	14	9000	2001	갑천로
4273034027	강원도 횡성군 갑천면 하대리	2**	단독	8m미만	46.32	300	201804	27	7350	2017	갑천로483번길
4273034023	강원도 횡성군 갑천면 화전리	1**	단독	8m미만	196.66	970	201804	4	23545	2009	외갑천로694번길
4273038021	강원도 횡성군 강림면 강림리	1***	단독	8m미만	93.42	330	201804	3	12700	2004	강림길
4273038021	강원도 횡성군 강림면 강림리	1*	단독	8m미만	47.45	490	201804	24	13400	2015	강림동길
4273036030	강원도 횡성군 공근면 창봉리	1*	단독	8m미만	60.93	231	201804	3	4900	1980	영서로
4273033029	강원도 횡성군 둔내면 삽교리	1***	단독	8m미만	56.1	207	201804	10	5000	2003	청태산로466번길
4273033021	강원도 횡성군 둔내면 현천리	6**	단독	8m미만	81.98	1009	201804	24	16370	2016	현천남길
4273037025	강원도 횡성군 서원면 유현리	4**	단독	8m미만	84.68	472	201804	9	16484	2018	경강로
4273037025	강원도 횡성군 서원면 유현리	4**	단독	8m미만	75.28	660	201804	6	15748	2018	경강로
4273037021	강원도 횡성군 서원면 창촌리	6**	단독	8m미만	295.83	1522	201804	17	7000	2004	서원로111번길
4273032022	강원도 횡성군 안흥면 가천리	2*	단독	8m미만	84.51	678	201804	26	20960	2017	주천강로
4273032021	강원도 횡성군 안흥면 안흥리	2**	단독	8m미만	84.69	420	201804	18	21675	2015	실미송한길
4273031027	강원도 횡성군 우천면 상대리	4**	단독	8m미만	94.08	337	201804	30	17000	2015	하대길
4273031027	강원도 횡성군 우천면 상대리	5*	단독	8m미만	94.39	916	201804	20	21300	2018	봉화로
4273031022	강원도 횡성군 우천면 용둔리	2**	단독	8m미만	104.74	648	201804	16	17300	2016	경강로용둔1길
4273031026	강원도 횡성군 우천면 하궁리	8**	단독	8m미만	86.53	507	201804	8	16568	2014	경강로
4273035021	강원도 횡성군 청일면 봉명리	4**	단독	8m미만	83.27	774	201804	16	5593	2004	봉명로
4273025023	강원도 횡성군 횡성읍 북천리	1**	단독	8m미만	60.48	184	201804	20	10800	1995	화성로
4273025029	강원도 횡성군 횡성읍 영영포리	5**	단독	8m미만	71.16	977	201804	3	15500	1994	영영포남길
4273025021	강원도 횡성군 횡성읍 읍상리	3**	단독	8m미만	37.45	145	201804	16	6000	1985	화성로
4273025021	강원도 횡성군 횡성읍 읍상리	5**	단독	8m미만	89.38	208.5	201804	2	21000	2015	성북동로14번길
4273025021	강원도 횡성군 횡성읍 읍상리	1**	단독	25m미만	216.22	250	201804	13	57440	1976	한우로
4273025022	강원도 횡성군 횡성읍 읍하리	5**	다가구	8m미만	429.69	217.3	201804	25	64000	2008	읍하로
4273025046	강원도 횡성군 횡성읍 정암리	1**	단독	-	120.24	940	201804	19	25800	2018	정암길
4273025043	강원도 횡성군 횡성읍 학곡리	2**	단독	8m미만	89.4	224	201804	24	12300	2003	학오로90번길
4182025034	경기도 가평군 가평읍 금대리	4*	단독	8m미만	40.5	64.25	201804	16	3600	2004	북한강변로
4182025029	경기도 가평군 가평읍 마장리	8**	단독	8m미만	69.21	423	201804	11	5600	1997	아랫마장길
4182025029	경기도 가평군 가평읍 마장리	6*	단독	8m미만	84.28	551	201804	17	29200	2018	물안산길
4182025029	경기도 가평군 가평읍 마장리	9**	단독	8m미만	144.6	552	201804	21	36000	2013	아랫마장길
4182025028	경기도 가평군 가평읍 승안리	1*	단독	12m미만	131.42	270	201804	25	22800	1979	용추로
4182035021	경기도 가평군 북면 목동리	4**	단독	8m미만	88.31	496	201804	17	14500	1997	싸리재길
4182035022	경기도 가평군 북면 소법리	5**	단독	8m미만	109.23	364	201804	23	15600	2004	손일로
4182033025	경기도 가평군 상면 덕현리	1**	단독	8m미만	493.44	1600	201804	11	60000	1996	깃대봉길
4182033024	경기도 가평군 상면 임초리	2**	단독	8m미만	76.63	315	201804	4	19950	2015	임초밤안골로
4182033024	경기도 가평군 상면 임초리	2**	단독	8m미만	84.15	334	201804	28	10000	1997	임초밤안골로
4182031022	경기도 가평군 설악면 선촌리	1**	단독	8m미만	119.66	546	201804	25	35000	2016	미사리로
4182031021	경기도 가평군 설악면 신천리	4**	단독	12m미만	213.85	170	201804	25	49500	2007	자잠로
4182031027	경기도 가평군 설악면 위곡리	5**	단독	-	167.94	397	201804	25	35840	2018	한서로268번길
4182031027	경기도 가평군 설악면 위곡리	5**	단독	-	129.43	584	201804	25	34160	2018	한서로268번길
4182031034	경기도 가평군 설악면 천안리	5**	단독	12m미만	89.6	526	201804	18	12000	1997	유명로
4182031023	경기도 가평군 설악면 회곡리	4*	단독	8m미만	75	526	201804	13	18500	2012	유명로
4182034524	경기도 가평군 조종면 상판리	2**	단독	8m미만	72.16	713	201804	6	14500	2018	명지산로
4182034522	경기도 가평군 조종면 신상리	1**	단독	8m미만	125.6	530	201804	17	15100	1988	운악청계로371번길
4182034528	경기도 가평군 조종면 운악리	1**	단독	12m미만	196.56	447	201804	18	47665	2010	명지산로
4182034528	경기도 가평군 조종면 운악리	2**	단독	12m미만	185.02	660	201804	18	28100	2013	null
4182034521	경기도 가평군 조종면 현리	2**	단독	8m미만	145.76	641	201804	18	31000	1991	연인산로
4182032526	경기도 가평군 청평면 고성리	3**	단독	8m미만	110.94	562	201804	5	24800	2013	null
4182032526	경기도 가평군 청평면 고성리	6**	단독	8m미만	101.2	593	201804	3	21500	2003	양진길
4182032527	경기도 가평군 청평면 삼회리	4**	단독	8m미만	174.24	549	201804	3	22000	2008	북한강로1636번길
4182032525	경기도 가평군 청평면 호명리	4*	단독	8m미만	188.61	1093	201804	1	42000	2003	호명리길
4128112400	경기도 고양덕양구 강매동	1**	단독	8m미만	102.52	307	201804	10	45000	1995	강매로
4128111600	경기도 고양덕양구 고양동	9**	단독	8m미만	170.67	148	201804	7	30700	1987	혜음로
4128111800	경기도 고양덕양구 관산동	6**	단독	8m미만	122.69	342	201804	12	35500	1996	고골길116번길
4128111900	경기도 고양덕양구 내유동	4**	단독	8m미만	101.58	290	201804	4	38500	1979	통일로1154번길
4128111700	경기도 고양덕양구 대자동	6**	단독	8m미만	199.72	355	201804	10	38300	2006	고골길264번길
4128112200	경기도 고양덕양구 대장동	7*	단독	8m미만	63.21	215	201804	13	40700	1900	대장길
4128113100	경기도 고양덕양구 덕은동	*	단독	-	51.62	88	201804	30	14500	1900	중앙로64번길
4128111200	경기도 고양덕양구 동산동	3**	단독	12m미만	494.19	284.2	201804	17	168500	2014	동산1로1길
4128111200	경기도 고양덕양구 동산동	5*	단독	8m미만	95.76	287	201804	11	85982	2011	고양대로2002번길
4128111200	경기도 고양덕양구 동산동	5*	단독	8m미만	128.48	474	201804	6	103000	1980	고양대로1978번길
4128111100	경기도 고양덕양구 삼송동	1**	단독	8m미만	29.79	99	201804	20	43000	1969	신도2길
4128111100	경기도 고양덕양구 삼송동	6*	단독	8m미만	113.07	152	201804	26	64000	1973	통일로240번길
4128111100	경기도 고양덕양구 삼송동	1*	단독	8m미만	242.12	260	201804	26	133500	2009	신도3길
4128111100	경기도 고양덕양구 삼송동	7*	단독	8m미만	198.91	267	201804	25	77500	2000	삼송로139번길
4128111300	경기도 고양덕양구 용두동	3**	단독	8m미만	43.37	321	201804	13	44700	1900	용두로47번안길
4128111300	경기도 고양덕양구 용두동	3**	단독	8m미만	197.64	526	201804	28	115500	1900	null
4128110400	경기도 고양덕양구 원흥동	6**	다가구	12m미만	530.52	295.4	201804	20	212000	2013	서삼릉1길
4128110400	경기도 고양덕양구 원흥동	4**	단독	8m미만	89.68	453	201804	14	62417	2016	고양대로1730번길
4128110900	경기도 고양덕양구 지축동	3**	단독	8m미만	99.01	164	201804	13	36300	2018	중고개길
4128112800	경기도 고양덕양구 행신동	7**	다가구	12m미만	393.86	191.9	201804	20	110000	2000	용현로35번길
4128112800	경기도 고양덕양구 행신동	6**	단독	8m미만	127.92	103	201804	10	24000	1988	행신로143번길
4128112800	경기도 고양덕양구 행신동	7**	단독	12m미만	420.35	210	201804	20	96600	1997	용현로53번길
4128112500	경기도 고양덕양구 행주내동	4**	단독	8m미만	131.94	315	201804	20	89500	1999	행주로99번길
4128112900	경기도 고양덕양구 화전동	2**	단독	8m미만	22	182	201804	30	44000	1900	중앙로176번길
4128112300	경기도 고양덕양구 화정동	9**	다가구	8m미만	443.52	206.4	201804	16	105000	1997	은빛로17번길
4128510500	경기도 고양일산동구 마두동	8**	다가구	8m미만	291.07	216.6	201804	25	76000	1996	율천로8번길
4128510500	경기도 고양일산동구 마두동	8**	단독	8m미만	528.9	277.8	201804	5	95000	2010	일산로330번길
4128511100	경기도 고양일산동구 설문동	7**	단독	8m미만	107.13	276	201804	18	41000	2012	고봉로770번길
4128511100	경기도 고양일산동구 설문동	1**	단독	8m미만	199.38	430	201804	23	31000	2015	장진천길
4128511300	경기도 고양일산동구 성석동	1***	단독	8m미만	119.8	203	201804	20	19500	1996	운정로
4128511300	경기도 고양일산동구 성석동	5**	단독	8m미만	216.44	569	201804	5	60000	2009	성현로138번길
4128511300	경기도 고양일산동구 성석동	5**	단독	8m미만	991.03	1387	201804	30	208500	2015	성현로138번길
4128511300	경기도 고양일산동구 성석동	1***	단독	8m미만	640.75	1607	201804	22	100000	2002	성현로135번길
4128510300	경기도 고양일산동구 정발산동	8**	단독	12m미만	288.42	217.3	201804	25	83500	1996	햇살로
4128510300	경기도 고양일산동구 정발산동	1***	단독	8m미만	156.96	231.2	201804	6	71000	1999	일산로380번길
4128510200	경기도 고양일산동구 중산동	1***	단독	8m미만	175.84	193.4	201804	7	56500	2008	소개울3길
4128510200	경기도 고양일산동구 중산동	1***	단독	12m미만	523.18	238.9	201804	21	93000	1998	중산로157번길
4128710600	경기도 고양일산서구 가좌동	6**	단독	8m미만	162.45	450	201804	25	47500	2001	가좌로
4128710400	경기도 고양일산서구 대화동	2***	단독	8m미만	287.49	212.1	201804	20	121500	2013	강성로214번길
4128710500	경기도 고양일산서구 덕이동	1***	단독	8m미만	180.58	203	201804	4	19500	1999	덕이로292번길
4129010200	경기도 과천시 문원동	1*	단독	8m미만	385.31	248	201804	26	162000	2013	공원마을3길
4129010900	경기도 과천시 별양동	5*	단독	12m미만	209.26	249.4	201804	9	143000	1986	향촌길
4129011000	경기도 과천시 부림동	3*	다가구	8m미만	404.35	339.6	201804	16	209000	1988	부림로
4129011000	경기도 과천시 부림동	3*	단독	8m미만	211.68	239.4	201804	17	149900	1983	null
4121010100	경기도 광명시 광명동	*	다가구	8m미만	178.29	102.9	201804	18	44000	1991	광복로37번길
4121010100	경기도 광명시 광명동	2**	다가구	8m미만	198.72	129	201804	6	47190	1997	너부대로32번길
4121010100	경기도 광명시 광명동	2**	단독	8m미만	163.2	102	201804	17	35000	1993	너부대로
4121010100	경기도 광명시 광명동	3**	단독	8m미만	114.75	104	201804	9	49000	1983	광명로832번길
4121010100	경기도 광명시 광명동	6*	단독	8m미만	138.62	109.1	201804	17	65500	1985	광명로952번길
4121010100	경기도 광명시 광명동	1**	단독	8m미만	145.8	115.7	201804	11	74500	1985	광이로13번길
4121010400	경기도 광명시 소하동	1***	다가구	12m미만	224.97	229.4	201804	3	132200	2012	소하일로52번길
4121010400	경기도 광명시 소하동	1***	다가구	12m미만	225.83	230	201804	12	125000	2011	신촌로15번길
4121010400	경기도 광명시 소하동	1***	단독	12m미만	582.3	300.1	201804	16	220000	2010	소하일로52번길
4121010300	경기도 광명시 하안동	6**	다가구	8m미만	311.88	174.9	201804	7	89000	1996	안재로10번길
4121010300	경기도 광명시 하안동	6**	단독	12m미만	396.82	175	201804	15	95000	1991	안재로
4161010100	경기도 광주시 경안동	1**	다가구	8m미만	195.87	121	201804	3	40000	1994	경안로
4161010100	경기도 광주시 경안동	1**	다가구	8m미만	638.28	300	201804	2	90000	2003	문화로101번길
4161010100	경기도 광주시 경안동	5*	다가구	8m미만	153.75	334	201804	16	60000	2018	경안로
4161025930	경기도 광주시 곤지암읍 건업리	3**	단독	8m미만	782.38	997	201804	20	66000	2009	광여로862번길
4161025932	경기도 광주시 곤지암읍 연곡리	4**	단독	8m미만	172.46	380	201804	28	35200	2004	연곡길
4161025933	경기도 광주시 곤지암읍 오향리	3**	다가구	12m미만	529.68	948	201804	8	148000	2004	광여로
4161037021	경기도 광주시 남한산성면 산성리	4**	단독	8m미만	76.3	264	201804	10	79000	2008	남한산성로
4161037026	경기도 광주시 남한산성면 오전리	2**	단독	8m미만	80.4	565	201804	27	27000	1994	null
4161033027	경기도 광주시 도척면 궁평리	6**	다가구	8m미만	658.48	727	201804	24	134613	2012	도척윗로
4161033021	경기도 광주시 도척면 노곡리	4**	단독	8m미만	187.03	674	201804	21	35000	2017	고녹길80번길
4161033028	경기도 광주시 도척면 진우리	8**	단독	8m미만	59.54	602	201804	2	20000	1980	저수지길
4161011300	경기도 광주시 목동	3**	단독	8m미만	219.87	547	201804	9	47900	2000	목동길13번길
4161011300	경기도 광주시 목동	3**	단독	8m미만	220.28	621	201804	26	54000	2015	목동길
4161010300	경기도 광주시 송정동	1**	다가구	8m미만	264.65	240	201804	11	26500	1996	통미로16번길
4161010300	경기도 광주시 송정동	5**	단독	-	343.39	215	201804	21	105000	2015	중앙로
4161010300	경기도 광주시 송정동	3**	단독	8m미만	42.11	385	201804	2	90000	1989	중앙로319번길
4161011200	경기도 광주시 역동	1**	단독	8m미만	162.24	102	201804	15	33000	1999	역동로
4161025023	경기도 광주시 오포읍 능평리	6**	단독	8m미만	235.86	335	201804	7	57980	2016	수레안길41번길
4161025023	경기도 광주시 오포읍 능평리	3**	단독	8m미만	388.43	500	201804	26	59000	2002	대명대길11번길
4161025023	경기도 광주시 오포읍 능평리	1**	단독	8m미만	429.18	645	201804	27	84000	1991	오포로171번길
4161025023	경기도 광주시 오포읍 능평리	1**	단독	8m미만	187.59	826	201804	28	92000	2010	오포로171번길
4161025024	경기도 광주시 오포읍 문형리	7**	다가구	25m미만	594.75	791	201804	9	167500	2003	오포로
4161025024	경기도 광주시 오포읍 문형리	6*	단독	12m미만	372	251	201804	24	45000	2006	봉골길
4161025022	경기도 광주시 오포읍 신현리	3**	단독	8m미만	191.8	298	201804	20	60000	2016	문형산안길28번길
4161025022	경기도 광주시 오포읍 신현리	6**	단독	8m미만	199.41	300	201804	28	50000	2010	머루숯길81번길
4161025022	경기도 광주시 오포읍 신현리	8**	단독	8m미만	198.87	395	201804	10	53500	2002	상태길81번길
4161010900	경기도 광주시 직동	*	단독	8m미만	244.47	416	201804	20	32400	2003	고불로306번길
4161025325	경기도 광주시 초월읍 학동리	3**	단독	8m미만	100.35	300	201804	1	42500	2017	하오개길79번길
4161034022	경기도 광주시 퇴촌면 관음리	6**	단독	8m미만	194.98	562	201804	5	40000	2006	천진암로522번길
4161034025	경기도 광주시 퇴촌면 도수리	5**	단독	8m미만	88.2	278	201804	3	29650	2002	도지울길12번길
4161010400	경기도 광주시 회덕동	2**	단독	8m미만	180	182	201804	9	27550	1997	회덕길
4161010400	경기도 광주시 회덕동	2**	단독	8m미만	96.88	331	201804	19	36300	1999	회덕길68번길
4131010400	경기도 구리시 교문동	2**	단독	8m미만	192.24	87.1	201804	17	49000	1994	체육관로161번길
4131010400	경기도 구리시 교문동	3**	단독	8m미만	48.14	99	201804	9	22500	1970	경춘로20번길
4131010400	경기도 구리시 교문동	3**	단독	8m미만	46.25	116	201804	20	22750	1982	딸기원로
4131010500	경기도 구리시 수택동	4**	단독	12m미만	148.32	84.3	201804	12	25600	1984	원수택로12번길
4131010500	경기도 구리시 수택동	5**	단독	8m미만	261.49	115.8	201804	11	69000	1992	수택천로7번길
4131010500	경기도 구리시 수택동	5**	단독	8m미만	198.99	117	201804	30	30000	1984	검배로84번길
4131010500	경기도 구리시 수택동	4**	단독	8m미만	239.76	133.9	201804	12	65300	1988	이문안로
4131010500	경기도 구리시 수택동	3**	단독	8m미만	144.43	138	201804	13	33000	1982	왕숙천로247번길
4131010500	경기도 구리시 수택동	2**	단독	8m미만	210.45	152	201804	9	59800	1983	이문안로155번길
4131010500	경기도 구리시 수택동	4**	단독	8m미만	386.91	154	201804	26	85000	2003	안골로103번길
4131010600	경기도 구리시 아천동	3**	다가구	8m미만	324.18	291	201804	30	111000	2006	null
4131010300	경기도 구리시 인창동	6**	단독	12m미만	45.34	58	201804	22	12100	1969	null
4131010300	경기도 구리시 인창동	2**	단독	8m미만	32	83	201804	20	20000	1951	응달말로16번길
4131010300	경기도 구리시 인창동	3**	단독	8m미만	285.56	185	201804	1	49866	1989	null
4141010500	경기도 군포시 금정동	7*	다가구	25m미만	638.48	285.7	201804	2	150000	1994	금정로
4141010500	경기도 군포시 금정동	1**	단독	8m미만	40	76	201804	17	13400	1973	흥안대로18번길
4141010500	경기도 군포시 금정동	7**	단독	8m미만	75.64	90	201804	26	30000	1995	당산로135번안길
4141010500	경기도 군포시 금정동	7**	단독	25m미만	242.1	98.2	201804	20	65000	1986	당산로
4141010500	경기도 군포시 금정동	1**	단독	8m미만	60.75	112	201804	23	19900	1985	공단로214번길
4141010100	경기도 군포시 당동	8**	단독	8m미만	166.33	102.5	201804	23	28500	1985	군포로599번길
4141010100	경기도 군포시 당동	7**	단독	8m미만	523.8	198.2	201804	12	115000	2001	null
4141010300	경기도 군포시 부곡동	1***	단독	12m미만	465.24	260.3	201804	16	170000	2012	삼성로20번길
4141010400	경기도 군포시 산본동	1***	다가구	25m미만	335.79	194.9	201804	25	77000	1997	곡란로90번길
4141010400	경기도 군포시 산본동	4*	단독	8m미만	149.37	90.2	201804	25	41000	1992	고산로
4141010400	경기도 군포시 산본동	9*	단독	8m미만	220.95	139.2	201804	25	52500	1994	산본천로229번길
4141010400	경기도 군포시 산본동	1***	단독	8m미만	490.11	218.3	201804	20	104000	1994	곡란로74번길
4157025324	경기도 김포시 고촌읍 신곡리	1***	다가구	25m미만	478.38	322	201804	12	137000	2007	신곡로3번길
4157025324	경기도 김포시 고촌읍 신곡리	4**	단독	8m미만	138.98	136	201804	24	39000	1900	장차로
4157025324	경기도 김포시 고촌읍 신곡리	6**	단독	8m미만	117.8	143	201804	13	39700	1994	인향로24번길
4157034021	경기도 김포시 대곶면 대능리	7*	단독	8m미만	162.91	381	201804	9	13000	1998	대곶남로571번길
4157034030	경기도 김포시 대곶면 석정리	1**	단독	8m미만	88.2	861	201804	30	23000	2006	대곶로328번길
4157034028	경기도 김포시 대곶면 오니산리	6*	단독	8m미만	106.25	504	201804	4	38000	1900	오니산로
4157034025	경기도 김포시 대곶면 율생리	1**	단독	8m미만	199.4	270	201804	11	9000	2003	종생로
4157034025	경기도 김포시 대곶면 율생리	2**	단독	8m미만	128.7	397	201804	5	29000	1990	종생로
4157034025	경기도 김포시 대곶면 율생리	2**	단독	8m미만	98.8	550	201804	16	34000	2010	종생로136번길
4157010800	경기도 김포시 마산동	6**	단독	12m미만	574.57	321.7	201804	27	183500	2017	김포한강8로194번길
4157010100	경기도 김포시 북변동	7**	단독	12m미만	297.52	180.2	201804	6	57000	1996	봉화로182번길
4157010100	경기도 김포시 북변동	4**	단독	8m미만	49.68	446	201804	25	45000	1990	북변중로23번길
4157010600	경기도 김포시 사우동	2**	다가구	8m미만	441.12	212.3	201804	30	69000	2003	봉화로
4157010600	경기도 김포시 사우동	2**	단독	8m미만	68.1	144	201804	8	24000	1978	봉화로29번길
4157010600	경기도 김포시 사우동	8**	단독	12m미만	353.04	204.5	201804	3	92000	2002	사우로
4157025624	경기도 김포시 양촌읍 구래리	2**	단독	8m미만	47.52	212	201804	3	18000	1900	양곡1로24번길
4157025627	경기도 김포시 양촌읍 유현리	1**	단독	8m미만	36.94	886	201804	25	39300	2003	서현로
4157010400	경기도 김포시 장기동	1***	다가구	12m미만	406.13	232	201804	5	120000	1900	김포한강1로78번길
4157010400	경기도 김포시 장기동	1***	다가구	25m미만	408.05	233.4	201804	6	95000	1900	김포한강1로78번길
4157010400	경기도 김포시 장기동	1***	단독	12m미만	414.13	231.8	201804	25	102000	2010	김포한강1로78번길
4157025025	경기도 김포시 통진읍 가현리	6**	단독	8m미만	95.04	281	201804	28	14700	1995	가현로85번길
4157025022	경기도 김포시 통진읍 마송리	5**	단독	12m미만	479.43	261.9	201804	12	97000	2010	서암로6번길
4157025023	경기도 김포시 통진읍 서암리	7**	단독	8m미만	139.56	136	201804	12	24500	2008	조강로86번길
4157025023	경기도 김포시 통진읍 서암리	6**	단독	8m미만	198	495	201804	12	11450	1996	하성로101번길
4157025024	경기도 김포시 통진읍 수참리	4**	단독	8m미만	137.04	237	201804	3	36500	1980	김포대로
4157025024	경기도 김포시 통진읍 수참리	4**	단독	8m미만	40	242	201804	12	25000	1900	김포대로
4157036021	경기도 김포시 하성면 마곡리	5**	단독	8m미만	150.21	754	201804	12	20000	2009	하성로447번길
4157036021	경기도 김포시 하성면 마곡리	6**	단독	8m미만	79.2	1200	201804	16	39556	1995	태산로36번길
4157036021	경기도 김포시 하성면 마곡리	3**	단독	12m미만	260.64	1428	201804	4	104012	2008	월하로
4157036032	경기도 김포시 하성면 마근포리	2**	단독	8m미만	132.3	390	201804	16	9500	1979	마근포로
4157036022	경기도 김포시 하성면 석탄리	2**	단독	8m미만	84.48	370	201804	17	17567	1997	석평로166번길
4136010300	경기도 남양주시 금곡동	4**	다가구	8m미만	670.41	168	201804	24	130000	2014	사릉로33번길
4136011200	경기도 남양주시 다산동	4***	단독	8m미만	268.11	175	201804	2	58000	1984	미금로42번길
4136011100	경기도 남양주시 별내동	7**	단독	8m미만	162.96	331	201804	3	55000	2006	불암산로39번길
4136034024	경기도 남양주시 수동면 내방리	2*	단독	8m미만	128.4	294	201804	8	24500	2014	비룡로
4136034024	경기도 남양주시 수동면 내방리	*	단독	8m미만	99.09	496	201804	11	36000	2013	비룡로1324번길
4136034025	경기도 남양주시 수동면 외방리	5**	단독	8m미만	119.54	440	201804	9	34930	2001	비룡로
4136034026	경기도 남양주시 수동면 입석리	4**	단독	8m미만	157.89	321	201804	3	31000	1991	비룡로800번길
4136034022	경기도 남양주시 수동면 지둔리	1*	단독	8m미만	199.43	651	201804	9	38140	2003	비룡로973번길
4136010800	경기도 남양주시 수석동	3*	단독	8m미만	103.27	317	201804	27	80000	1918	null
4136025021	경기도 남양주시 와부읍 덕소리	2**	단독	8m미만	108.48	231	201804	25	39500	1969	수레로
4136010400	경기도 남양주시 일패동	1**	단독	8m미만	39.8	208	201804	4	29000	2006	경춘로784번길
4136010400	경기도 남양주시 일패동	8**	단독	8m미만	112.08	1070	201804	19	99850	1987	일패로84번길
4136036021	경기도 남양주시 조안면 능내리	6*	단독	8m미만	175.39	737	201804	3	71000	2006	다산로760번길
4136036026	경기도 남양주시 조안면 시우리	3**	단독	8m미만	82.62	262	201804	6	30000	2018	고래산로
4136025922	경기도 남양주시 진건읍 배양리	1**	단독	8m미만	171.3	314	201804	17	46500	1995	고재로
4136025922	경기도 남양주시 진건읍 배양리	3**	단독	8m미만	194.34	341	201804	30	48500	2003	고재로149번길
4136025921	경기도 남양주시 진건읍 사능리	5**	단독	8m미만	219.89	202	201804	13	40400	2008	사릉로283번길
4136025924	경기도 남양주시 진건읍 신월리	3**	단독	8m미만	56	388	201804	25	34428	1945	사릉로706번길
4136025323	경기도 남양주시 진접읍 내곡리	6**	단독	8m미만	165.54	331	201804	10	36000	1997	금강로전도치1길
4136025325	경기도 남양주시 진접읍 부평리	2**	단독	8m미만	198.3	843	201804	13	30000	2003	광릉수목원로186번길
4136025321	경기도 남양주시 진접읍 장현리	3**	단독	8m미만	263.82	284	201804	2	47000	2018	봉현로56번길
4136010200	경기도 남양주시 평내동	5**	다가구	12m미만	431.67	240.7	201804	4	120000	2009	경춘로1286번안길
4136010200	경기도 남양주시 평내동	5**	다가구	12m미만	423.22	269.6	201804	2	123000	2009	평내로29번안길
4136010200	경기도 남양주시 평내동	1**	단독	12m미만	46.08	734	201804	11	151637	1952	평내로161번길
4136010100	경기도 남양주시 호평동	6**	단독	25m미만	663.7	284.3	201804	12	148500	2006	호평로68번길
4136025623	경기도 남양주시 화도읍 가곡리	2**	단독	8m미만	113.74	247	201804	5	45000	2018	비룡로331번길
4136025623	경기도 남양주시 화도읍 가곡리	2**	단독	8m미만	98.4	258	201804	30	59000	1991	비룡로331번길
4136025623	경기도 남양주시 화도읍 가곡리	3**	단독	8m미만	122.88	456	201804	24	19800	2003	가곡로88번길
4136025624	경기도 남양주시 화도읍 구암리	5**	단독	8m미만	101	760	201804	25	26000	1996	null
4136025625	경기도 남양주시 화도읍 금남리	4**	단독	12m미만	301.12	545	201804	20	75000	1995	북한강로
4136025626	경기도 남양주시 화도읍 답내리	1*	단독	8m미만	64.39	612	201804	30	29534	2017	경춘로
4136025621	경기도 남양주시 화도읍 마석우리	2*	단독	8m미만	84.56	137	201804	25	32275	2017	소래비로85번길
4136025621	경기도 남양주시 화도읍 마석우리	5**	단독	12m미만	372.18	218.7	201804	27	90000	2008	비룡로55번길
4136025621	경기도 남양주시 화도읍 마석우리	5**	단독	12m미만	424.1	259	201804	3	97000	2006	맷돌로91번길
4136025630	경기도 남양주시 화도읍 차산리	3**	단독	8m미만	237	353	201804	28	40000	2007	재재기로105번길
4136025630	경기도 남양주시 화도읍 차산리	3**	단독	8m미만	134.42	1254	201804	2	67000	1995	재재기로139번길
4125010400	경기도 동두천시 광암동	4**	단독	8m미만	145.35	284	201804	21	17000	1969	광암로17번길
4125010700	경기도 동두천시 동두천동	2**	단독	8m미만	66.68	259	201804	3	10500	1970	원터강변로17번길
4125010900	경기도 동두천시 상봉암동	2**	단독	8m미만	82.38	141	201804	25	10000	1994	봉동로40번길
4125010300	경기도 동두천시 생연동	5**	다가구	12m미만	382.56	175	201804	2	67058	2017	생연로200번길
4125010300	경기도 동두천시 생연동	5**	단독	8m미만	88.13	83	201804	26	3400	1967	null
4125010300	경기도 동두천시 생연동	5**	단독	12m미만	53.52	99	201804	30	8000	1962	동광로53번길
4125010300	경기도 동두천시 생연동	5**	단독	12m미만	284.88	119	201804	9	23500	2002	동두천로
4125010300	경기도 동두천시 생연동	5**	단독	12m미만	478.16	182	201804	28	50000	2005	동광로53번길
4125010100	경기도 동두천시 송내동	2**	단독	8m미만	208.9	562	201804	26	35000	2005	아차노리로
4125010200	경기도 동두천시 지행동	3**	단독	8m미만	120.21	118	201804	12	12700	1993	평화로2262번길
4125010200	경기도 동두천시 지행동	7**	단독	12m미만	391.12	361.9	201804	23	98500	2015	평화로2261번길
4125010200	경기도 동두천시 지행동	2**	단독	8m미만	151.26	436	201804	9	23000	2004	이담로163번길
4119012100	경기도 부천시 고강동	2**	단독	8m미만	242.46	204.9	201804	30	63500	1989	고강로92번길
4119011300	경기도 부천시 괴안동	1**	단독	12m미만	187.77	165.2	201804	1	59000	1989	안곡로149번길
4119011300	경기도 부천시 괴안동	1**	단독	25m미만	139.4	165.9	201804	25	70000	1987	부광로
4119011300	경기도 부천시 괴안동	1**	단독	12m미만	190.35	168.3	201804	13	55000	1990	경인로484번길
4119011200	경기도 부천시 범박동	1**	단독	8m미만	37.75	43	201804	21	17800	1985	범박로
4119011200	경기도 부천시 범박동	1**	단독	-	36.36	54.03	201804	13	18300	1961	범박로
4119010900	경기도 부천시 상동	3**	다가구	8m미만	169.38	192.9	201804	11	64000	1998	석천로2번길
4119010900	경기도 부천시 상동	6**	다가구	12m미만	371.87	227.2	201804	19	105000	2003	상이로9번길
4119010900	경기도 부천시 상동	3**	단독	8m미만	173.43	147	201804	11	59500	1984	석천로2번길
4119010900	경기도 부천시 상동	3**	단독	8m미만	183.24	193.1	201804	11	64954	1987	석천로2번길
4119010900	경기도 부천시 상동	5**	단독	25m미만	342.3	228.2	201804	7	120000	2003	상이로51번길
4119010600	경기도 부천시 소사동	1*	단독	12m미만	196.74	114.7	201804	25	37500	1988	소사로300번길
4119010600	경기도 부천시 소사동	*	단독	12m미만	298.14	143.2	201804	16	80000	1988	부일로571번길
4119010600	경기도 부천시 소사동	1*	단독	8m미만	164.8	162.3	201804	25	55000	1981	소사로
4119010600	경기도 부천시 소사동	1*	단독	12m미만	270.27	165	201804	7	63000	1989	소사로309번길
4119011000	경기도 부천시 소사본동	1**	다가구	8m미만	185.37	113.5	201804	11	40000	1960	소삼로30번길
4119011000	경기도 부천시 소사본동	1**	다가구	8m미만	248.97	136	201804	18	55120	1992	호현로489번나길
4119011000	경기도 부천시 소사본동	2**	단독	8m미만	83.46	93.3	201804	20	40900	1982	소사로126번길
4119011000	경기도 부천시 소사본동	2**	단독	8m미만	109.08	93.4	201804	20	30000	1982	소사로126번길
4119011000	경기도 부천시 소사본동	2**	단독	8m미만	109.08	93.5	201804	21	31000	1982	소사로126번길
4119011000	경기도 부천시 소사본동	1**	단독	8m미만	164.13	96	201804	24	36800	1991	호현로451번길
4119011000	경기도 부천시 소사본동	2**	단독	8m미만	157.56	101.3	201804	26	26840	1987	소사로125번가길
4119011000	경기도 부천시 소사본동	2**	단독	8m미만	178.35	104.8	201804	26	32500	1987	소사로125번가길
4119011000	경기도 부천시 소사본동	2**	단독	8m미만	179.82	104.9	201804	28	38670	1987	소사로125번가길
4119011000	경기도 부천시 소사본동	2**	단독	8m미만	97.52	114.8	201804	18	32000	1982	소사로160번길
4119011000	경기도 부천시 소사본동	2**	단독	8m미만	190.8	115.1	201804	25	55680	1988	소사로125번가길
4119011000	경기도 부천시 소사본동	2**	단독	8m미만	102.84	122	201804	13	33200	1980	소사로148번길
4119011000	경기도 부천시 소사본동	1**	단독	8m미만	76.29	122.9	201804	10	23500	1978	소사로213번길
4119011000	경기도 부천시 소사본동	2**	단독	8m미만	97.52	124	201804	18	33000	1982	소사로160번길
4119011000	경기도 부천시 소사본동	2**	단독	8m미만	234.3	126	201804	18	38000	1985	은성로76번길
4119011000	경기도 부천시 소사본동	2**	단독	8m미만	226.77	136.6	201804	30	53690	1989	소사로125번가길
4119011000	경기도 부천시 소사본동	1**	단독	8m미만	149.52	137.9	201804	2	46000	1980	소사로202번길
4119011000	경기도 부천시 소사본동	1**	단독	8m미만	138.51	142.5	201804	17	40700	1978	은성로19번길
4119011000	경기도 부천시 소사본동	1**	단독	12m미만	178.81	159.1	201804	16	62000	1980	은성로62번길
4119011000	경기도 부천시 소사본동	1**	단독	8m미만	305.73	209	201804	5	56000	2000	호현로402번길
4119011400	경기도 부천시 송내동	5**	다가구	12m미만	115.92	99.1	201804	19	39000	1983	경인로160번길
4119011400	경기도 부천시 송내동	5**	다가구	8m미만	115.56	108.6	201804	19	36300	1983	경인로160번길
4119011400	경기도 부천시 송내동	5**	다가구	12m미만	137.99	119.7	201804	19	42200	1983	경인로160번길
4119011400	경기도 부천시 송내동	5**	다가구	12m미만	119.7	135.5	201804	19	35000	1983	경인로160번길
4119011400	경기도 부천시 송내동	4**	단독	8m미만	177.39	108.3	201804	1	27000	1987	성주로
4119011400	경기도 부천시 송내동	4**	단독	8m미만	146.64	121.2	201804	19	21600	1983	경인로60번가길
4119011400	경기도 부천시 송내동	6**	단독	12m미만	399.2	152	201804	27	57800	1989	성주로132번길
4119011400	경기도 부천시 송내동	6**	단독	12m미만	288.36	203.6	201804	27	55300	1989	마니로24번길
4119011400	경기도 부천시 송내동	6**	단독	12m미만	326.16	210.8	201804	27	63760	1989	마니로24번길
4119010200	경기도 부천시 심곡동	9*	다가구	12m미만	308.67	176	201804	20	64600	1988	부천로79번길
4119010200	경기도 부천시 심곡동	9*	다가구	12m미만	308.67	176	201804	20	64600	1988	부천로79번길
4119010200	경기도 부천시 심곡동	1**	단독	12m미만	66.12	96	201804	30	35000	1975	부천로10번길
4119010200	경기도 부천시 심곡동	2**	단독	12m미만	174.6	104.5	201804	30	37000	1988	null
4119010200	경기도 부천시 심곡동	3**	단독	8m미만	203.95	115.5	201804	15	46500	1987	장말로272번길
4119010200	경기도 부천시 심곡동	3**	단독	8m미만	149.94	133.3	201804	15	32200	1986	장말로280번길
4119010200	경기도 부천시 심곡동	3**	단독	25m미만	229.46	137.7	201804	3	63000	1989	장말로352번길
4119010200	경기도 부천시 심곡동	3**	단독	8m미만	227.25	147.8	201804	15	39300	1987	장말로280번길
4119010200	경기도 부천시 심곡동	3**	단독	12m미만	316.5	190.2	201804	15	52900	1989	신흥로67번길
4119011100	경기도 부천시 심곡본동	6**	단독	12m미만	98.51	96.8	201804	10	43500	1978	심곡로45번길
4119011100	경기도 부천시 심곡본동	6**	단독	8m미만	193.5	110.7	201804	11	30000	1994	성주로
4119011100	경기도 부천시 심곡본동	5**	단독	12m미만	131.04	111.1	201804	26	32800	1983	경인로170번길
4119011100	경기도 부천시 심곡본동	5**	단독	12m미만	177.12	113.9	201804	26	41700	1983	null
4119011100	경기도 부천시 심곡본동	7**	단독	8m미만	47.93	119	201804	11	37000	1971	자유로
4119011100	경기도 부천시 심곡본동	5**	단독	8m미만	136.36	119.6	201804	26	33700	1983	null
4119011100	경기도 부천시 심곡본동	5**	단독	8m미만	145.44	124.1	201804	26	33000	1983	null
4119011100	경기도 부천시 심곡본동	6**	단독	8m미만	237.96	137.3	201804	28	44800	1990	성주로225번길
4119011100	경기도 부천시 심곡본동	5**	단독	12m미만	117.83	148.2	201804	17	122000	1981	자유로
4119011100	경기도 부천시 심곡본동	6**	단독	12m미만	398.89	169	201804	16	85000	1992	경인로206번길
4119010500	경기도 부천시 약대동	1**	다가구	12m미만	289.44	172	201804	17	59900	1988	도약로189번길
4119010700	경기도 부천시 역곡동	2**	단독	25m미만	127.5	165.3	201804	5	58500	1983	부일로
4119010700	경기도 부천시 역곡동	1**	단독	8m미만	423.56	727	201804	10	123000	1960	역곡로98번길
4119011700	경기도 부천시 오정동	5**	단독	8m미만	159.4	168.7	201804	23	50000	1984	상오정로7번길
4119011500	경기도 부천시 옥길동	7**	단독	25m미만	485.09	289.8	201804	25	143500	2016	양지로184번길
4119010100	경기도 부천시 원미동	1**	다가구	8m미만	158.08	167.1	201804	30	58500	1978	조종로36번길
4119010100	경기도 부천시 원미동	1**	다가구	8m미만	328.32	199.1	201804	26	72000	1989	조종로36번길
4119010100	경기도 부천시 원미동	1**	단독	8m미만	120.57	107	201804	6	27300	1989	조종로69번길
4119010100	경기도 부천시 원미동	1**	단독	8m미만	107.8	113	201804	6	24000	1980	조종로69번길
4119010100	경기도 부천시 원미동	1**	단독	8m미만	107.3	119	201804	6	29800	1981	원미로
4119010100	경기도 부천시 원미동	1**	단독	8m미만	194.13	119	201804	6	36000	1999	조종로69번길
4119010100	경기도 부천시 원미동	1**	단독	8m미만	194.58	140	201804	6	37200	1991	조종로69번길
4119010100	경기도 부천시 원미동	1**	단독	8m미만	264.06	152.7	201804	9	51000	1990	조종로27번길
4119010100	경기도 부천시 원미동	1**	단독	8m미만	266.01	198	201804	6	50900	1991	조종로69번길
4119010100	경기도 부천시 원미동	1**	단독	8m미만	314.46	333	201804	6	95000	1996	조종로69번길
4119012000	경기도 부천시 원종동	3**	단독	25m미만	196.65	170.4	201804	12	50000	1988	삼작로424번길
4119012000	경기도 부천시 원종동	1**	단독	12m미만	170.64	215	201804	10	64500	1985	소사로862번길
4119011900	경기도 부천시 작동	3**	단독	12m미만	193.71	194.7	201804	21	80000	2009	까치로54번길
4119010800	경기도 부천시 중동	8**	다가구	8m미만	251.49	169.7	201804	19	58500	1993	부일로356번길
4119010800	경기도 부천시 중동	7**	단독	12m미만	218.52	124.7	201804	19	51500	1988	중동로165번길
4119010800	경기도 부천시 중동	7**	단독	8m미만	290.34	166.8	201804	9	42000	1989	중동로161번길
4119010800	경기도 부천시 중동	1***	단독	12m미만	291.39	215	201804	14	69200	1995	부흥로296번길
4119010300	경기도 부천시 춘의동	2**	단독	8m미만	199.5	119	201804	16	46700	1989	부천로185번길
4119010300	경기도 부천시 춘의동	2**	단독	25m미만	170.3	142	201804	30	70500	1978	부천로185번길
4119010300	경기도 부천시 춘의동	2**	단독	12m미만	145.4	142.6	201804	30	49000	1979	부천로185번길
4119010300	경기도 부천시 춘의동	1**	단독	8m미만	222.48	149	201804	21	66000	2015	길주로463번길
4113511400	경기도 성남분당구 구미동	2**	단독	12m미만	380.34	371.4	201804	25	278000	2004	구미로192번길
4113510100	경기도 성남분당구 분당동	1**	다가구	12m미만	441.42	222.6	201804	4	135000	1996	선지봉로7번길
4113510100	경기도 성남분당구 분당동	1**	단독	12m미만	428.31	216.2	201804	24	142500	1996	분당로381번길
4113510500	경기도 성남분당구 서현동	3**	단독	12m미만	305.35	207.9	201804	4	130000	1997	효자길
4113510500	경기도 성남분당구 서현동	8*	단독	8m미만	129.47	494.4	201804	12	250000	1981	null
4113510700	경기도 성남분당구 야탑동	3**	단독	12m미만	409.2	224.3	201804	3	115000	1995	야탑로105번길
4113510300	경기도 성남분당구 정자동	2**	다가구	12m미만	381.52	198.3	201804	21	135000	1996	불곡로21번길
4113510300	경기도 성남분당구 정자동	2**	단독	25m미만	392.4	196.7	201804	6	151700	1998	불곡북로31번길
4113510800	경기도 성남분당구 판교동	5**	단독	12m미만	215.72	224.8	201804	7	148000	2012	판교로210번길
4113510800	경기도 성남분당구 판교동	5**	단독	12m미만	202.49	225.2	201804	9	170000	2011	서판교로126번길
4113510800	경기도 성남분당구 판교동	5**	단독	12m미만	311.04	462.4	201804	23	300000	2010	서판교로32번길
4113110400	경기도 성남수정구 단대동	1**	단독	8m미만	149.92	97.5	201804	19	60000	1986	희망로464번길
4113110400	경기도 성남수정구 단대동	1**	단독	8m미만	175.35	102.1	201804	19	60000	1989	산성대로393번길
4113110700	경기도 성남수정구 복정동	6**	다가구	12m미만	627.08	323.1	201804	18	218000	1999	복정로96번길
4113110700	경기도 성남수정구 복정동	6**	다가구	25m미만	686.26	355.2	201804	3	284500	2007	성남대로1542번길
4113110700	경기도 성남수정구 복정동	7**	단독	12m미만	518.64	258.2	201804	3	190500	2002	성남대로1390번길
4113110500	경기도 성남수정구 산성동	8**	다가구	8m미만	113.03	64.1	201804	28	48000	1985	수정남로319번길
4113110500	경기도 성남수정구 산성동	1***	단독	8m미만	42.51	59.2	201804	21	40950	1981	수정로342번길
4113110500	경기도 성남수정구 산성동	2**	단독	8m미만	118.98	62.5	201804	19	54000	1993	수정남로329번길
4113110500	경기도 성남수정구 산성동	8**	단독	12m미만	139.16	64.5	201804	18	55000	1998	수정로366번길
4113110500	경기도 성남수정구 산성동	1***	단독	8m미만	79.56	66.8	201804	10	50000	1989	수정남로280번길
4113110500	경기도 성남수정구 산성동	1***	단독	8m미만	125.65	67.1	201804	4	49000	1988	수정남로294번길
4113110500	경기도 성남수정구 산성동	1***	단독	8m미만	136.94	71.4	201804	26	56000	1992	수정로332번길
4113110500	경기도 성남수정구 산성동	2**	단독	8m미만	125.49	74	201804	4	60000	1997	수정남로319번길
4113110500	경기도 성남수정구 산성동	6**	단독	8m미만	193.18	86.4	201804	3	45000	1995	수정남로324번길
4113111300	경기도 성남수정구 상적동	3**	단독	8m미만	165.77	347	201804	11	129000	1978	null
4113110300	경기도 성남수정구 수진동	2***	다가구	8m미만	121.32	62.5	201804	23	33000	1993	산성대로149번길
4113110300	경기도 성남수정구 수진동	4***	다가구	8m미만	121.85	65.1	201804	30	34000	1991	성남대로1194번길
4113110300	경기도 성남수정구 수진동	4***	다가구	8m미만	132.78	67.8	201804	13	37000	1991	성남대로1194번길
4113110300	경기도 성남수정구 수진동	2***	단독	8m미만	27.8	33.55	201804	24	8000	1983	탄리로17번길
4113110300	경기도 성남수정구 수진동	1***	단독	8m미만	87.64	54.5	201804	20	25700	1993	탄리로31번길
4113110300	경기도 성남수정구 수진동	2***	단독	8m미만	105.26	56.2	201804	1	29000	1990	탄리로13번길
4113110300	경기도 성남수정구 수진동	1***	단독	8m미만	90.32	57.2	201804	23	32800	2003	수정남로54번길
4113110300	경기도 성남수정구 수진동	5**	단독	8m미만	99.28	58.5	201804	9	33300	1997	탄리로45번길
4113110300	경기도 성남수정구 수진동	2***	단독	8m미만	107.94	58.8	201804	26	22500	1989	제일로98번길
4113110300	경기도 성남수정구 수진동	2***	단독	8m미만	113.21	59.8	201804	18	34800	1992	산성대로149번길
4113110300	경기도 성남수정구 수진동	5**	단독	8m미만	106.34	62.5	201804	21	34200	1989	수정남로66번길
4113110300	경기도 성남수정구 수진동	7**	단독	8m미만	107.06	62.5	201804	1	32000	1991	탄리로45번길
4113110300	경기도 성남수정구 수진동	1***	단독	8m미만	135.25	63.1	201804	6	35000	1999	제일로110번길
4113110300	경기도 성남수정구 수진동	4***	단독	8m미만	140.12	63.1	201804	9	30750	1992	제일로109번길
4113110300	경기도 성남수정구 수진동	8**	단독	8m미만	109.52	63.5	201804	17	34000	1991	수정남로66번길
4113110300	경기도 성남수정구 수진동	7**	단독	8m미만	116.7	63.5	201804	6	31000	1990	탄리로45번길
4113110300	경기도 성남수정구 수진동	1***	단독	8m미만	159.4	63.5	201804	23	34000	1996	수정남로54번길
4113110300	경기도 성남수정구 수진동	2***	단독	8m미만	173.34	64.1	201804	7	40000	1994	산성대로165번길
4113110300	경기도 성남수정구 수진동	3***	단독	8m미만	161.09	64.5	201804	28	37500	1991	제일로137번길
4113110300	경기도 성남수정구 수진동	1***	단독	8m미만	132.8	67.1	201804	18	39250	2004	산성대로149번길
4113110300	경기도 성남수정구 수진동	1***	단독	8m미만	113.89	67.4	201804	16	33000	1990	수정남로58번길
4113110300	경기도 성남수정구 수진동	1***	단독	8m미만	148.26	70.4	201804	3	35500	2002	탄리로25번길
4113110300	경기도 성남수정구 수진동	1***	단독	8m미만	138.84	74.7	201804	7	34500	1991	산성대로173번길
4113110100	경기도 성남수정구 신흥동	6***	다가구	8m미만	108.56	60.8	201804	18	31000	1991	탄리로30번길
4113110100	경기도 성남수정구 신흥동	6***	다가구	8m미만	103.63	61.5	201804	17	36700	1993	탄리로52번길
4113110100	경기도 성남수정구 신흥동	4***	다가구	8m미만	136.99	62.8	201804	3	31000	1985	시민로155번길
4113110100	경기도 성남수정구 신흥동	4***	다가구	8m미만	97.4	63.1	201804	4	27000	1996	시민로145번길
4113110100	경기도 성남수정구 신흥동	5***	다가구	8m미만	116.44	71.4	201804	21	31500	1991	수정로170번길
4113110100	경기도 성남수정구 신흥동	6***	단독	8m미만	42.18	51.9	201804	4	15500	1981	탄리로
4113110100	경기도 성남수정구 신흥동	5***	단독	8m미만	51.2	54.9	201804	13	17000	1985	수정로170번길
4113110100	경기도 성남수정구 신흥동	6***	단독	8m미만	99.3	57.5	201804	26	28500	1989	탄리로30번길
4113110100	경기도 성남수정구 신흥동	1***	단독	8m미만	94.12	58.5	201804	21	44569	1990	수정로252번길
4113110100	경기도 성남수정구 신흥동	6***	단독	8m미만	107.19	60.2	201804	14	29000	1997	탄리로16번길
4113110100	경기도 성남수정구 신흥동	1***	단독	8m미만	94.42	60.5	201804	17	39700	1990	수정로288번길
4113110100	경기도 성남수정구 신흥동	4***	단독	8m미만	37.81	61.5	201804	17	19800	1975	시민로145번길
4113110100	경기도 성남수정구 신흥동	3***	단독	8m미만	102.87	61.5	201804	16	33000	1986	산성대로269번길
4113110100	경기도 성남수정구 신흥동	3***	단독	8m미만	90.75	61.8	201804	16	25000	1991	공원로379번길
4113110100	경기도 성남수정구 신흥동	6***	단독	8m미만	129.43	62.5	201804	1	30800	1986	수정남로98번길
4113110100	경기도 성남수정구 신흥동	3***	단독	8m미만	88.03	63.1	201804	5	29000	1972	수정로228번길
4113110100	경기도 성남수정구 신흥동	3***	단독	8m미만	107.82	63.1	201804	25	27200	1986	수정남로152번길
4113110100	경기도 성남수정구 신흥동	8**	단독	12m미만	161.14	63.1	201804	24	45000	1999	수정남로
4113110100	경기도 성남수정구 신흥동	3***	단독	8m미만	36.69	63.5	201804	12	18500	1974	시민로142번길
4113110100	경기도 성남수정구 신흥동	5***	단독	8m미만	100.6	63.5	201804	23	26000	1992	수정로170번길
4113110100	경기도 성남수정구 신흥동	1***	단독	8m미만	90.2	65.1	201804	21	40500	1985	수정로252번길
4113110100	경기도 성남수정구 신흥동	2***	단독	8m미만	71.3	66.1	201804	15	28000	1985	산성대로283번길
4113110100	경기도 성남수정구 신흥동	5***	단독	8m미만	86.72	66.1	201804	17	29000	2001	수정로180번길
4113110100	경기도 성남수정구 신흥동	5***	단독	8m미만	147.6	67.8	201804	6	21000	1979	탄리로52번길
4113110100	경기도 성남수정구 신흥동	4***	단독	8m미만	116.66	68.8	201804	4	26000	1990	시민로145번길
4113110100	경기도 성남수정구 신흥동	2***	단독	8m미만	181.23	70.7	201804	11	35000	1991	산성대로269번길
4113111100	경기도 성남수정구 심곡동	3**	단독	8m미만	407.77	252	201804	21	141000	2011	심곡로20번길
4113110600	경기도 성남수정구 양지동	2**	다가구	12m미만	159.62	181.8	201804	30	81500	1976	양지로
4113110600	경기도 성남수정구 양지동	4**	단독	8m미만	198.45	111.4	201804	7	49000	1997	산성대로515번길
4113110600	경기도 성남수정구 양지동	4**	단독	8m미만	198.96	123.4	201804	14	43700	1991	산성대로515번길
4113110600	경기도 성남수정구 양지동	8**	단독	8m미만	284.12	162	201804	5	71700	1991	양지로
4113110600	경기도 성남수정구 양지동	2**	단독	12m미만	130.98	181.8	201804	30	82500	1978	양지로
4113110200	경기도 성남수정구 태평동	5***	다가구	8m미만	108.55	60.8	201804	20	25500	1988	남문로15번길
4113110200	경기도 성남수정구 태평동	6***	다가구	8m미만	116.07	63.5	201804	2	29600	2006	모란로132번길
4113110200	경기도 성남수정구 태평동	5***	다가구	8m미만	144.94	66.8	201804	3	37800	1997	남문로8번길
4113110200	경기도 성남수정구 태평동	6***	다가구	8m미만	197.56	66.8	201804	18	40000	1993	남문로4번길
4113110200	경기도 성남수정구 태평동	6***	다가구	8m미만	224.6	132	201804	1	67500	1984	성남대로1250번길
4113110200	경기도 성남수정구 태평동	4***	단독	8m미만	44.3	56.5	201804	23	15000	1982	남문로39번길
4113110200	경기도 성남수정구 태평동	6***	단독	8m미만	79.88	60.8	201804	9	25500	1984	수정북로5번길
4113110200	경기도 성남수정구 태평동	3**	단독	8m미만	101.95	62.5	201804	26	21000	1988	시민로257번길
4113110200	경기도 성남수정구 태평동	2***	단독	8m미만	109.18	62.5	201804	6	18500	1991	남문로137번길
4113110200	경기도 성남수정구 태평동	1***	단독	8m미만	45.19	63.1	201804	15	15700	1977	남문로117번길
4113110200	경기도 성남수정구 태평동	2***	단독	8m미만	113.8	64.1	201804	18	20000	1989	남문로117번길
4113110200	경기도 성남수정구 태평동	2***	단독	8m미만	125.12	64.1	201804	7	21000	1989	남문로123번길
4113110200	경기도 성남수정구 태평동	5***	단독	8m미만	88.24	64.5	201804	11	27000	1972	제일로197번길
4113110200	경기도 성남수정구 태평동	6***	단독	8m미만	103.85	65.1	201804	19	25000	1986	수정북로5번길
4113110200	경기도 성남수정구 태평동	2***	단독	8m미만	147.44	65.1	201804	22	23400	1988	탄리로132번길
4113110200	경기도 성남수정구 태평동	4***	단독	8m미만	115.3	67.1	201804	10	26000	1985	남문로43번길
4113110200	경기도 성남수정구 태평동	1***	단독	8m미만	126.89	67.8	201804	28	20000	1995	남문로121번길
4113110200	경기도 성남수정구 태평동	4***	단독	8m미만	164.64	70.1	201804	13	42000	2001	남문로35번길
4113110200	경기도 성남수정구 태평동	3***	단독	8m미만	126.4	73.1	201804	17	20000	1988	탄리로132번길
4113110200	경기도 성남수정구 태평동	2***	단독	8m미만	140.93	74	201804	17	27300	1991	남문로111번길
4113110200	경기도 성남수정구 태평동	7**	단독	8m미만	165.96	102.5	201804	9	43500	1989	태평로58번길
4113110200	경기도 성남수정구 태평동	3***	단독	8m미만	148.14	103.3	201804	9	40000	1985	탄리로119번길
4113110200	경기도 성남수정구 태평동	7***	단독	8m미만	99.12	107.6	201804	5	34000	1983	남문로132번길
4113110200	경기도 성남수정구 태평동	5***	단독	8m미만	329.3	146.1	201804	11	80500	1988	남문로17번길
4113110200	경기도 성남수정구 태평동	7***	단독	8m미만	301.1	187.4	201804	13	78000	1988	남문로144번길
4113310300	경기도 성남중원구 금광동	1***	다가구	8m미만	122.61	67.8	201804	11	36140	1989	금빛로41번길
4113310300	경기도 성남중원구 금광동	4***	다가구	8m미만	269.44	101.8	201804	9	73000	1996	산성대로420번길
4113310300	경기도 성남중원구 금광동	1***	단독	8m미만	99.28	67.1	201804	26	31000	1977	광명로324번길
4113310300	경기도 성남중원구 금광동	1***	단독	8m미만	79.77	69.1	201804	12	24000	1978	금상로107번길
4113310300	경기도 성남중원구 금광동	1***	단독	8m미만	113.8	69.8	201804	21	35056	1987	광명로342번길
4113310300	경기도 성남중원구 금광동	2***	단독	8m미만	142.8	69.8	201804	21	37670	1992	금상로107번길
4113310300	경기도 성남중원구 금광동	3**	단독	12m미만	149.94	74	201804	26	42150	1989	희망로422번길
4113310300	경기도 성남중원구 금광동	1***	단독	8m미만	197.86	75.4	201804	18	43145	1995	금빛로33번길
4113310300	경기도 성남중원구 금광동	3***	단독	12m미만	209.5	95.7	201804	23	59500	1985	광명로323번길
4113310300	경기도 성남중원구 금광동	3***	단독	8m미만	189.93	98.8	201804	19	33500	1988	광명로335번길
4113310300	경기도 성남중원구 금광동	4***	단독	8m미만	320.2	99.2	201804	4	70000	1990	자혜로8번길
4113310300	경기도 성남중원구 금광동	4***	단독	12m미만	182.82	101.8	201804	28	52500	1988	자혜로12번길
4113310300	경기도 성남중원구 금광동	3***	단독	8m미만	178.4	117.4	201804	10	46000	1989	광명로335번길
4113310300	경기도 성남중원구 금광동	3***	단독	12m미만	109.9	128.6	201804	3	41500	1998	산성대로382번길
4113310300	경기도 성남중원구 금광동	4***	단독	8m미만	262.07	157.7	201804	20	63000	1986	산성대로408번길
4113310500	경기도 성남중원구 상대원동	1***	다가구	12m미만	105.66	68.8	201804	23	24300	1983	둔촌대로389번길
4113310500	경기도 성남중원구 상대원동	5***	다가구	8m미만	137.52	70.4	201804	12	30500	1988	둔촌대로371번길
4113310500	경기도 성남중원구 상대원동	4***	단독	8m미만	96.59	54.19	201804	9	26000	1989	희망로347번길
4113310500	경기도 성남중원구 상대원동	3***	단독	8m미만	101.22	54.2	201804	27	25000	1988	희망로359번길
4113310500	경기도 성남중원구 상대원동	4***	단독	8m미만	115.58	57.5	201804	4	27500	1989	희망로327번길
4113310500	경기도 성남중원구 상대원동	4***	단독	8m미만	110.88	58.2	201804	8	29500	1987	희망로343번길
4113310500	경기도 성남중원구 상대원동	4***	단독	8m미만	110.22	58.8	201804	19	33000	1996	희망로343번길
4113310500	경기도 성남중원구 상대원동	4***	단독	8m미만	107	59.5	201804	21	29000	1988	희망로327번길
4113310500	경기도 성남중원구 상대원동	5***	단독	8m미만	104.87	60.5	201804	18	22000	1989	둔촌대로371번길
4113310500	경기도 성남중원구 상대원동	4***	단독	8m미만	102.74	61.2	201804	17	29000	1987	희망로327번길
4113310500	경기도 성남중원구 상대원동	5***	단독	8m미만	76.96	62.1	201804	2	26000	1984	희망로317번길
4113310500	경기도 성남중원구 상대원동	2***	단독	12m미만	113.23	62.5	201804	11	25600	1987	박석로85번길
4113310500	경기도 성남중원구 상대원동	4***	단독	12m미만	145.69	62.5	201804	12	28000	1989	희망로353번길
4113310500	경기도 성남중원구 상대원동	2***	단독	8m미만	79.95	63.5	201804	2	22000	1983	희망로326번길
4113310500	경기도 성남중원구 상대원동	1***	단독	8m미만	113.7	64.1	201804	14	24200	1989	박석로62번길
4113310500	경기도 성남중원구 상대원동	3***	단독	8m미만	115.8	64.5	201804	12	25000	1990	희망로359번길
4113310500	경기도 성남중원구 상대원동	3***	단독	8m미만	120.79	64.5	201804	10	30500	1990	희망로359번길
4113310500	경기도 성남중원구 상대원동	2***	단독	8m미만	119.64	65.5	201804	16	22000	1989	박석로85번길
4113310500	경기도 성남중원구 상대원동	2***	단독	8m미만	120.6	66.1	201804	28	28500	1988	금상로18번길
4113310500	경기도 성남중원구 상대원동	2***	단독	8m미만	41.06	66.8	201804	25	14000	1978	희망로344번길
4113310500	경기도 성남중원구 상대원동	2***	단독	8m미만	123.45	66.8	201804	15	22000	1993	박석로85번길
4113310500	경기도 성남중원구 상대원동	5***	단독	8m미만	73.55	67.1	201804	26	24500	1979	희망로317번길
4113310500	경기도 성남중원구 상대원동	2***	단독	8m미만	123.89	68.1	201804	6	25500	1989	박석로87번길
4113310500	경기도 성남중원구 상대원동	3***	단독	8m미만	125.27	69.4	201804	25	33000	1990	희망로367번길
4113310500	경기도 성남중원구 상대원동	2***	단독	8m미만	76.44	70.4	201804	10	22800	1980	박석로85번길
4113310500	경기도 성남중원구 상대원동	3***	단독	8m미만	80.27	70.4	201804	5	30000	1986	희망로367번길
4113310500	경기도 성남중원구 상대원동	2***	단독	8m미만	119.13	73.1	201804	5	30500	1986	박석로73번길
4113310500	경기도 성남중원구 상대원동	2***	단독	8m미만	134.87	73.7	201804	9	18000	1987	박석로49번길
4113310500	경기도 성남중원구 상대원동	6**	단독	8m미만	153.47	94.9	201804	16	45700	1988	금상로108번길
4113310500	경기도 성남중원구 상대원동	3***	단독	8m미만	165.78	99	201804	12	39000	1988	희망로375번길
4113310500	경기도 성남중원구 상대원동	6**	단독	8m미만	167.58	101.2	201804	30	42700	1986	금상로108번길
4113310500	경기도 성남중원구 상대원동	1***	단독	8m미만	199.2	115.4	201804	15	40700	1990	박석로15번길
4113310500	경기도 성남중원구 상대원동	2***	단독	8m미만	194.08	116.2	201804	23	39900	1989	희망로322번길
4113310500	경기도 성남중원구 상대원동	3***	단독	8m미만	286.87	119.7	201804	26	50000	1997	희망로375번길
4113310500	경기도 성남중원구 상대원동	5***	단독	8m미만	136.07	127.8	201804	20	42000	1988	둔촌대로371번길
4113310500	경기도 성남중원구 상대원동	1***	단독	12m미만	364.3	141.5	201804	19	65300	1991	박석로25번길
4113310500	경기도 성남중원구 상대원동	2***	단독	12m미만	467.22	185.1	201804	22	80000	1991	희망로344번길
4113310500	경기도 성남중원구 상대원동	1***	단독	8m미만	342.42	187.8	201804	7	73000	1989	박석로41번길
4113310500	경기도 성남중원구 상대원동	1***	단독	12m미만	365.67	203.6	201804	26	76000	1996	박석로
4113310100	경기도 성남중원구 성남동	2***	단독	8m미만	143.64	69	201804	7	39800	1996	광명로134번길
4113310100	경기도 성남중원구 성남동	2***	단독	8m미만	129.36	76	201804	9	35500	1997	광명로142번길
4113310100	경기도 성남중원구 성남동	3***	단독	8m미만	159.93	102.5	201804	27	56000	1987	성남대로1140번길
4113310100	경기도 성남중원구 성남동	2***	단독	8m미만	306.24	116.8	201804	21	65000	1993	광명로
4113310100	경기도 성남중원구 성남동	2***	단독	8m미만	277.7	203.8	201804	6	94000	1985	광명로82번길
4113310100	경기도 성남중원구 성남동	2***	단독	12m미만	680.9	235.3	201804	2	162500	2003	광명로94번길
4113310100	경기도 성남중원구 성남동	4***	단독	25m미만	399.8	250.3	201804	27	270000	2017	둔촌대로64번길
4113310400	경기도 성남중원구 은행동	2***	다가구	8m미만	137.79	67.1	201804	3	34000	1991	자혜로91번길
4113310400	경기도 성남중원구 은행동	2***	단독	8m미만	193.54	78.1	201804	20	29000	1991	자혜로91번길
4113310400	경기도 성남중원구 은행동	1***	단독	12m미만	402.92	94.4	201804	26	78000	1991	은행로12번길
4113310400	경기도 성남중원구 은행동	1***	단독	8m미만	165.9	100.5	201804	14	51000	1989	은행로3번길
4113310400	경기도 성남중원구 은행동	5**	단독	8m미만	159.41	106.5	201804	25	44500	1988	산성대로596번길
4113313200	경기도 성남중원구 중앙동	2***	다가구	8m미만	125.69	66.8	201804	6	42389	1993	광명로
4113313200	경기도 성남중원구 중앙동	2***	다가구	8m미만	142.44	70.7	201804	18	45978	2006	광명로
4113313200	경기도 성남중원구 중앙동	3***	단독	8m미만	96.48	56.5	201804	4	36660	1988	광명로184번길
4113313200	경기도 성남중원구 중앙동	3***	단독	8m미만	114.12	61.5	201804	27	40500	1989	광명로176번길
4113313200	경기도 성남중원구 중앙동	2***	단독	8m미만	119.23	62.5	201804	12	34000	1990	광명로
4113313200	경기도 성남중원구 중앙동	3***	단독	8m미만	119.45	65.1	201804	27	37839	1992	광명로182번길
4113313200	경기도 성남중원구 중앙동	3***	단독	8m미만	139.2	69.4	201804	12	37654	1978	광명로166번길
4113310900	경기도 성남중원구 하대원동	1**	단독	8m미만	113.49	95.9	201804	7	24000	1986	마지로163번길
4111312800	경기도 수원권선구 고색동	2**	단독	12m미만	171.18	161	201804	12	43500	1984	고색로66번길
4111313600	경기도 수원권선구 곡반정동	5**	다가구	12m미만	347.4	153.9	201804	11	67000	2009	곡반정로33번길
4111313600	경기도 수원권선구 곡반정동	5**	단독	12m미만	460.9	217.1	201804	26	111500	2006	동수원로146번길
4111313700	경기도 수원권선구 권선동	1***	단독	8m미만	307.98	225	201804	30	67500	1990	권선로668번길
4111313700	경기도 수원권선구 권선동	9**	단독	12m미만	68.68	230.2	201804	27	79000	1993	경수대로347번길
4111313700	경기도 수원권선구 권선동	1***	단독	8m미만	495.65	234	201804	3	82000	1996	세권로207번길
4111313100	경기도 수원권선구 서둔동	1**	다가구	8m미만	103.35	100	201804	7	17270	1998	서호서로39번길
4111313100	경기도 수원권선구 서둔동	2**	단독	8m미만	164.14	169	201804	3	36000	1984	null
4111313100	경기도 수원권선구 서둔동	1*	단독	8m미만	151.9	208	201804	24	69000	1980	null
4111313100	경기도 수원권선구 서둔동	2**	단독	25m이상	83.56	473	201804	11	143000	1979	null
4111312600	경기도 수원권선구 세류동	2**	단독	8m미만	95.13	89.1	201804	11	35000	1983	세권로20번길
4111312600	경기도 수원권선구 세류동	2**	단독	12m미만	50.41	99.4	201804	15	39600	1979	세권로20번길
4111312600	경기도 수원권선구 세류동	5**	단독	8m미만	169.11	100	201804	30	21000	1986	정조로566번길
4111312600	경기도 수원권선구 세류동	2**	단독	8m미만	62.88	109	201804	4	19300	1976	권선로
4111312600	경기도 수원권선구 세류동	1**	단독	8m미만	41.98	112	201804	23	19000	1970	null
4111312600	경기도 수원권선구 세류동	4**	단독	8m미만	143.45	120	201804	20	22700	1981	정조로535번길
4111312600	경기도 수원권선구 세류동	2**	단독	8m미만	143.86	121.8	201804	19	27000	1994	세권로20번길
4111312600	경기도 수원권선구 세류동	1**	단독	8m미만	48.6	122	201804	24	20000	1971	null
4111312600	경기도 수원권선구 세류동	1***	단독	12m미만	187.23	122	201804	19	33000	1991	null
4111312600	경기도 수원권선구 세류동	9**	단독	8m미만	75.87	126	201804	26	17500	1979	덕영대로1106번길
4111312600	경기도 수원권선구 세류동	5**	단독	8m미만	127.68	126.6	201804	25	20000	1989	정조로566번길
4111312600	경기도 수원권선구 세류동	1**	단독	8m미만	157.54	128	201804	15	28000	1990	권선로
4111312600	경기도 수원권선구 세류동	1***	단독	12m미만	100.54	131	201804	19	29300	1991	null
4111312600	경기도 수원권선구 세류동	1***	단독	12m미만	112.86	134	201804	19	32000	1991	null
4111312600	경기도 수원권선구 세류동	1***	단독	8m미만	207.54	139	201804	17	29000	1988	세권로108번길
4111312600	경기도 수원권선구 세류동	2**	단독	12m미만	267.12	142.8	201804	3	74500	2013	세권로20번길
4111312600	경기도 수원권선구 세류동	9*	단독	12m미만	342.16	145	201804	28	67000	2003	권선로545번길
4111312600	경기도 수원권선구 세류동	4**	단독	8m미만	152.12	145.9	201804	12	28500	1978	세권로62번길
4111312600	경기도 수원권선구 세류동	8**	단독	8m미만	135.66	154	201804	23	23000	1979	세권로107번길
4111312600	경기도 수원권선구 세류동	8**	단독	8m미만	199.81	154	201804	20	36500	1994	세권로101번길
4111312600	경기도 수원권선구 세류동	5**	단독	8m미만	130.95	155	201804	18	33000	1980	정조로536번길
4111312600	경기도 수원권선구 세류동	2**	단독	8m미만	49.85	157.8	201804	3	23000	1977	덕영대로1031번길
4111312600	경기도 수원권선구 세류동	2**	단독	8m미만	71.67	165	201804	19	28000	1976	세류로
4111312600	경기도 수원권선구 세류동	1**	단독	8m미만	159.56	165	201804	10	28600	1984	정조로613번길
4111312600	경기도 수원권선구 세류동	1***	단독	12m미만	416.79	168	201804	3	135000	2017	경수대로235번길
4111312600	경기도 수원권선구 세류동	1**	단독	12m미만	97.72	174	201804	4	63000	1978	null
4111312600	경기도 수원권선구 세류동	1***	단독	8m미만	211.11	183.2	201804	20	51000	1987	경수대로235번길
4111312600	경기도 수원권선구 세류동	1**	단독	12m미만	96.92	245	201804	4	50000	1978	수원천로
4111312600	경기도 수원권선구 세류동	2**	단독	12m미만	237.48	307.9	201804	11	71000	1984	세권로20번길
4111312900	경기도 수원권선구 오목천동	5**	다가구	8m미만	217.02	164	201804	1	24000	1993	삼천병마로1566번길
4111312900	경기도 수원권선구 오목천동	5**	단독	8m미만	199.26	151	201804	18	31300	1991	오목천로39번길
4111312900	경기도 수원권선구 오목천동	5**	단독	8m미만	209.34	176	201804	25	33700	1993	삼천병마로1570번길
4111313300	경기도 수원권선구 탑동	7**	단독	12m미만	310.74	184.7	201804	16	53000	2002	탑동로57번길
4111313500	경기도 수원권선구 호매실동	1***	단독	12m미만	534.15	269.9	201804	1	157000	2015	금곡로140번길
4111710700	경기도 수원영통구 망포동	3**	단독	25m미만	479.36	232	201804	2	110000	2003	영통로174번길
4111710700	경기도 수원영통구 망포동	5**	단독	8m미만	619.36	286	201804	20	97000	2003	영통로130번길
4111710700	경기도 수원영통구 망포동	5**	단독	8m미만	590.6	359	201804	5	108000	2003	영통로130번길
4111710100	경기도 수원영통구 매탄동	1***	다가구	12m미만	411.96	182.2	201804	5	90000	2002	인계로264번길
4111710100	경기도 수원영통구 매탄동	1***	다가구	12m미만	572.04	289	201804	5	120000	2003	매탄로79번길
4111710100	경기도 수원영통구 매탄동	1**	단독	8m미만	244.65	154	201804	26	45800	1990	권광로276번길
4111710100	경기도 수원영통구 매탄동	1**	단독	8m미만	178.02	164.3	201804	20	44000	1989	매여울로68번길
4111710100	경기도 수원영통구 매탄동	1**	단독	12m미만	189.79	172	201804	9	44500	1978	권광로276번길
4111710100	경기도 수원영통구 매탄동	1**	단독	8m미만	207.35	172.5	201804	10	40000	1989	매여울로40번길
4111710100	경기도 수원영통구 매탄동	1***	단독	8m미만	220.41	174	201804	20	60000	1990	null
4111710100	경기도 수원영통구 매탄동	1**	단독	25m미만	305.8	180.7	201804	20	64400	1990	산남로
4111710100	경기도 수원영통구 매탄동	1***	단독	12m미만	309.47	181.2	201804	26	55000	1992	효원로366번길
4111710100	경기도 수원영통구 매탄동	1***	단독	8m미만	294.84	183.4	201804	10	61700	1993	권선로820번길
4111710100	경기도 수원영통구 매탄동	1***	단독	8m미만	298.53	183.4	201804	10	61700	1993	null
4111710100	경기도 수원영통구 매탄동	1**	단독	8m미만	261.81	201.8	201804	9	58500	1990	매봉로35번길
4111710100	경기도 수원영통구 매탄동	1**	단독	12m미만	489.89	304.9	201804	23	154000	2013	동수원로514번길
4111710600	경기도 수원영통구 신동	3**	단독	12m미만	156.06	712	201804	8	201000	1981	null
4111710500	경기도 수원영통구 영통동	1***	단독	12m미만	447.86	250.2	201804	5	138000	2000	매영로393번길
4111710500	경기도 수원영통구 영통동	1***	단독	8m미만	177.89	268.35	201804	6	70446	2017	영통로501번길
4111710300	경기도 수원영통구 이의동	1***	다가구	12m미만	905.17	387.2	201804	1	295000	2015	센트럴파크로127번길
4111710300	경기도 수원영통구 이의동	1***	단독	25m미만	493.55	250.3	201804	24	220000	2014	대학1로8번길
4111113500	경기도 수원장안구 송죽동	5**	단독	8m미만	267.74	166.8	201804	28	31800	1989	송원로59번길
4111113500	경기도 수원장안구 송죽동	4**	단독	8m미만	178.74	167.7	201804	10	45000	1984	파장천로12번길
4111113500	경기도 수원장안구 송죽동	3**	단독	8m미만	156.88	181.4	201804	13	53700	1983	송정로59번길
4111113500	경기도 수원장안구 송죽동	3**	단독	8m미만	191.89	192.6	201804	14	52000	1983	송정로59번길
4111113700	경기도 수원장안구 연무동	2**	다가구	8m미만	340.71	196.4	201804	14	102500	2018	수원천로458번길
4111113700	경기도 수원장안구 연무동	5*	단독	8m미만	129.12	80	201804	20	13000	1996	창훈로46번길
4111113700	경기도 수원장안구 연무동	1**	단독	8m미만	134.18	89	201804	7	13000	1980	수원천로392번길
4111113700	경기도 수원장안구 연무동	5*	단독	8m미만	24.56	93	201804	26	17000	1964	null
4111113700	경기도 수원장안구 연무동	6*	단독	8m미만	148.65	98	201804	16	30800	1992	창훈로40번길
4111113700	경기도 수원장안구 연무동	2**	단독	8m미만	181.86	114.3	201804	19	35000	1987	창룡대로
4111113700	경기도 수원장안구 연무동	2**	단독	8m미만	148.33	146.1	201804	30	32700	1984	월드컵로405번길
4111113700	경기도 수원장안구 연무동	2**	단독	8m미만	281.88	156.3	201804	25	36600	1989	경수대로754번길
4111113700	경기도 수원장안구 연무동	2**	단독	8m미만	165.88	160.2	201804	30	37268	1985	창훈로19번길
4111113700	경기도 수원장안구 연무동	2**	단독	8m미만	243.3	169.9	201804	25	39000	1989	경수대로754번길
4111113700	경기도 수원장안구 연무동	2**	단독	8m미만	284.4	175.6	201804	28	47000	1994	월드컵로418번길
4111113700	경기도 수원장안구 연무동	2**	단독	8m미만	128.47	182	201804	5	34300	1983	연무로
4111113700	경기도 수원장안구 연무동	2**	단독	8m미만	129.91	188.9	201804	5	30000	1982	창훈로29번길
4111113400	경기도 수원장안구 영화동	3*	다가구	8m미만	291.18	195	201804	24	69000	2016	팔달로316번길
4111113400	경기도 수원장안구 영화동	1**	단독	8m미만	162.78	96	201804	7	24000	1994	팔달로
4111113400	경기도 수원장안구 영화동	4**	단독	12m미만	61.49	135.2	201804	24	30000	1975	팔달로199번길
4111113400	경기도 수원장안구 영화동	1**	단독	8m미만	245.83	156	201804	28	35000	1986	수원천로407번길
4111113400	경기도 수원장안구 영화동	3**	단독	12m미만	188.53	182.8	201804	10	57250	1984	정조로957번길
4111113400	경기도 수원장안구 영화동	7*	단독	8m미만	115.78	187	201804	3	39500	1979	수성로
4111113400	경기도 수원장안구 영화동	4**	단독	8m미만	77.68	209	201804	10	32000	1977	수성로276번길
4111113400	경기도 수원장안구 영화동	4**	단독	8m미만	164.34	229	201804	10	39000	1975	팔달로237번길
4111113200	경기도 수원장안구 율전동	1**	단독	12m미만	262.05	182	201804	28	73500	1991	서부로2181번길
4111113100	경기도 수원장안구 이목동	1**	단독	-	50.58	1018	201804	22	40000	1980	장안로
4111113000	경기도 수원장안구 정자동	3*	단독	8m미만	77.36	118.4	201804	2	23000	1980	장안로104번길
4111113000	경기도 수원장안구 정자동	5**	단독	8m미만	96.47	153	201804	15	33493	1980	장안로279번길
4111113000	경기도 수원장안구 정자동	4*	단독	8m미만	166.64	157	201804	7	34750	1983	수성로289번길
4111113000	경기도 수원장안구 정자동	4**	단독	8m미만	153	159	201804	27	40000	1984	정자로133번길
4111113000	경기도 수원장안구 정자동	4*	단독	8m미만	326.74	171	201804	25	102000	2017	수성로245번길
4111113000	경기도 수원장안구 정자동	4**	단독	8m미만	146.5	176	201804	18	38300	1983	정자로145번길
4111113000	경기도 수원장안구 정자동	4**	단독	8m미만	178.06	191	201804	14	40800	1983	정자로145번길
4111113000	경기도 수원장안구 정자동	2*	단독	8m미만	117.86	198.8	201804	16	41200	1984	장안로
4111113600	경기도 수원장안구 조원동	8**	다가구	25m미만	552.43	245.3	201804	12	120000	2003	금당로9번길
4111113600	경기도 수원장안구 조원동	4**	단독	-	177.81	80	201804	9	29000	2001	null
4111113600	경기도 수원장안구 조원동	7**	단독	8m미만	100.8	91.1	201804	29	21500	1995	조원로74번길
4111113600	경기도 수원장안구 조원동	5**	단독	8m미만	73.72	104	201804	5	20101	1981	송정로192번길
4111113600	경기도 수원장안구 조원동	5**	단독	8m미만	98.08	116	201804	26	22000	1982	조원로
4111113600	경기도 수원장안구 조원동	7**	단독	8m미만	221.8	134	201804	29	46500	1984	조원로74번길
4111113600	경기도 수원장안구 조원동	5**	단독	8m미만	107.56	151	201804	5	31522	1981	송정로192번길
4111113600	경기도 수원장안구 조원동	7**	단독	8m미만	272.34	151.3	201804	13	77000	2011	송정로187번길
4111113600	경기도 수원장안구 조원동	5**	단독	8m미만	269.7	161	201804	19	39900	1994	조원로54번길
4111113600	경기도 수원장안구 조원동	5**	단독	12m미만	355.9	178	201804	19	92000	2014	조원로
4111113300	경기도 수원장안구 천천동	2**	단독	8m미만	266.12	200	201804	20	63000	1993	서부로2126번길
4111513700	경기도 수원팔달구 고등동	1*	다가구	12m미만	141.48	141.2	201804	6	34000	1974	고화로81번길
4111513700	경기도 수원팔달구 고등동	5*	다가구	-	219.35	185.8	201804	10	42450	1900	null
4111513700	경기도 수원팔달구 고등동	4*	다가구	25m미만	488.48	275.6	201804	16	97000	1997	고화로
4111513700	경기도 수원팔달구 고등동	6*	단독	-	39.75	63	201804	18	20000	1985	null
4111513700	경기도 수원팔달구 고등동	5*	단독	12m미만	102.5	88.9	201804	17	15200	1981	고화로71번길
4111513700	경기도 수원팔달구 고등동	1*	단독	25m미만	88.3	175.2	201804	12	40000	1977	고화로
4111513700	경기도 수원팔달구 고등동	5*	단독	8m미만	149.12	181.2	201804	4	37000	1996	고등로71번길
4111513200	경기도 수원팔달구 교동	2**	단독	8m미만	33.06	20	201804	10	8750	1974	효원로89번길
4111513200	경기도 수원팔달구 교동	1**	단독	8m미만	60.23	106	201804	30	23000	1900	효원로85번길
4111513200	경기도 수원팔달구 교동	1**	단독	8m미만	119.07	158	201804	25	34750	2000	세류로112번길
4111513300	경기도 수원팔달구 매교동	9*	다가구	8m미만	236.72	151	201804	6	41236	1995	수원천로137번길
4111513300	경기도 수원팔달구 매교동	2**	단독	8m미만	23.04	96	201804	13	19600	1968	정조로
4111513300	경기도 수원팔달구 매교동	1**	단독	8m미만	41.32	106	201804	13	20380	1970	효원로103번길
4111513300	경기도 수원팔달구 매교동	9*	단독	8m미만	82.08	135	201804	28	27610	1977	효원로89번길
4111513300	경기도 수원팔달구 매교동	9*	단독	8m미만	71.74	142	201804	28	26970	1974	매산로104번길
4111513300	경기도 수원팔달구 매교동	2**	단독	8m미만	108.48	174	201804	17	34797	1980	효원로153번길
4111513300	경기도 수원팔달구 매교동	2**	단독	8m미만	41.06	182	201804	20	32209	1943	인계로4번길
4111513300	경기도 수원팔달구 매교동	1**	단독	8m미만	167.91	192	201804	13	52200	1983	정조로623번길
4111513600	경기도 수원팔달구 매산로3가	7*	단독	8m미만	72.59	211	201804	19	47850	1968	효원로60번길
4111513600	경기도 수원팔달구 매산로3가	7*	단독	8m미만	162.64	299	201804	19	118460	1981	효원로60번길
4111514000	경기도 수원팔달구 우만동	5**	단독	12m미만	168.52	125.1	201804	20	39500	1986	경수대로642번길
4111514000	경기도 수원팔달구 우만동	5**	단독	12m미만	288.68	135.1	201804	11	39500	1995	팔달문로131번길
4111514000	경기도 수원팔달구 우만동	4**	단독	8m미만	160.17	153.1	201804	18	25000	1985	경수대로704번길
4111514000	경기도 수원팔달구 우만동	4**	단독	12m미만	195.87	164.8	201804	10	51000	1988	세지로421번길
4111514000	경기도 수원팔달구 우만동	8*	단독	12m미만	444.88	190	201804	19	143700	2004	아주로13번길
4111514100	경기도 수원팔달구 인계동	5**	다가구	12m미만	295.59	192	201804	2	57157	2002	세지로161번길
4111514100	경기도 수원팔달구 인계동	5**	단독	8m미만	150.96	87	201804	19	28000	1994	세지로175번길
4111514100	경기도 수원팔달구 인계동	5**	단독	25m미만	130.72	100	201804	17	35382	1997	세지로
4111514100	경기도 수원팔달구 인계동	8**	단독	12m미만	119.31	109	201804	24	28500	1975	세지로175번길
4111514100	경기도 수원팔달구 인계동	5**	단독	8m미만	184.26	116	201804	2	30040	1992	세지로161번길
4111514100	경기도 수원팔달구 인계동	9**	단독	8m미만	42.48	122	201804	21	25590	1973	인계로28번길
4111514100	경기도 수원팔달구 인계동	1***	단독	8m미만	159.89	125.8	201804	10	37000	1986	세지로152번길
4111514100	경기도 수원팔달구 인계동	9**	단독	8m미만	232.61	136	201804	14	42720	1997	세지로191번길
4111514100	경기도 수원팔달구 인계동	5**	단독	12m미만	76.3	155	201804	9	34481	1976	세지로175번길
4111514100	경기도 수원팔달구 인계동	9**	단독	12m미만	62.42	184	201804	3	38253	1975	인계로10번길
4111513100	경기도 수원팔달구 장안동	1**	단독	8m미만	131.65	129	201804	3	48200	2011	화서문로45번길
4111513100	경기도 수원팔달구 장안동	9*	단독	8m미만	122.78	137	201804	2	40500	1977	화서문로45번길
4111513900	경기도 수원팔달구 지동	3**	단독	8m미만	31.37	37	201804	17	8100	2002	팔달문로56번길
4111513900	경기도 수원팔달구 지동	2**	단독	8m미만	27.77	69	201804	16	4000	1970	창룡문로
4111513900	경기도 수원팔달구 지동	2**	단독	8m미만	195.87	139	201804	21	22000	1984	세지로
4111513900	경기도 수원팔달구 지동	2**	단독	8m미만	69.42	205	201804	14	35000	1976	세지로
4111513900	경기도 수원팔달구 지동	1**	단독	12m미만	147.44	226	201804	10	55000	1979	null
4111513800	경기도 수원팔달구 화서동	1**	단독	8m미만	110.63	113.6	201804	21	30000	1986	동말로58번길
4111513800	경기도 수원팔달구 화서동	3*	단독	8m미만	261.81	179	201804	16	41000	1990	장안로5번길
4111513800	경기도 수원팔달구 화서동	6*	단독	8m미만	255.01	189.4	201804	9	53500	1978	팔달로165번길
4111513800	경기도 수원팔달구 화서동	1**	단독	8m미만	199.2	238	201804	18	44500	1993	동말로47번길
4111513800	경기도 수원팔달구 화서동	1**	단독	12m미만	116.83	273.4	201804	29	62000	1978	동말로4번길
4139012700	경기도 시흥시 거모동	1***	단독	8m미만	44.99	171	201804	9	40000	1980	도일로102번길
4139012700	경기도 시흥시 거모동	1***	단독	8m미만	67.77	192	201804	9	34800	1980	도일로102번길
4139011200	경기도 시흥시 과림동	2**	단독	-	39.67	1388	201804	3	95000	1980	과림저수지길
4139010100	경기도 시흥시 대야동	4**	단독	8m미만	180.86	120.1	201804	2	26000	1988	대골길
4139010100	경기도 시흥시 대야동	4**	단독	8m미만	220.5	136.8	201804	4	33000	1989	문화마을로16번길
4139010100	경기도 시흥시 대야동	4**	단독	12m미만	185.54	160.2	201804	10	39700	1987	대골길
4139010100	경기도 시흥시 대야동	5**	단독	12m미만	317.7	170	201804	10	82000	2002	비둘기공원3길
4139010100	경기도 시흥시 대야동	5**	단독	25m미만	332.81	197.3	201804	26	110000	1998	비둘기공원1길
4139010100	경기도 시흥시 대야동	2**	단독	8m미만	197.08	471	201804	5	93000	1995	방아다리길
4139010100	경기도 시흥시 대야동	2**	단독	8m미만	197.08	471	201804	30	93000	1995	방아다리길
4139012600	경기도 시흥시 목감동	3**	단독	8m미만	196.94	450	201804	6	70000	1988	목감1길
4139013400	경기도 시흥시 무지내동	3**	단독	-	59.5	225	201804	13	31200	1980	금오로130번길
4139010500	경기도 시흥시 미산동	2**	단독	8m미만	48.26	183	201804	23	28000	1980	양우재길
4139010300	경기도 시흥시 방산동	2**	단독	8m미만	120.06	505	201804	10	80500	1985	방골길
4139012300	경기도 시흥시 산현동	5**	단독	12m미만	518.78	295.1	201804	4	190000	2018	산현마을길
4139010200	경기도 시흥시 신천동	7**	단독	8m미만	227.73	131	201804	25	29750	1990	삼미시장3길
4139010200	경기도 시흥시 신천동	3**	단독	12m미만	190.77	191	201804	22	58000	1995	호현로49번길
4139013200	경기도 시흥시 정왕동	1***	다가구	12m미만	350.17	200.3	201804	25	76000	2003	정왕천로424번길
4139013200	경기도 시흥시 정왕동	1***	다가구	12m미만	349.65	205.7	201804	12	78000	2001	큰솔로56번길
4139013200	경기도 시흥시 정왕동	1***	다가구	12m미만	361.24	207.4	201804	25	75000	2002	정왕천로414번길
4139013200	경기도 시흥시 정왕동	1***	다가구	8m미만	350.55	223.2	201804	10	70000	2001	군서로60번길
4139013200	경기도 시흥시 정왕동	1***	다가구	8m미만	494.87	225.3	201804	9	113000	2003	군서로
4139013200	경기도 시흥시 정왕동	1***	다가구	12m미만	507.56	231.9	201804	27	60000	1999	옥터로36번길
4139013200	경기도 시흥시 정왕동	1***	단독	12m미만	244.86	205.3	201804	5	74500	1996	정왕천로369번길
4139013200	경기도 시흥시 정왕동	1***	단독	12m미만	315.45	210.2	201804	23	69000	1997	정왕천로375번길
4139013200	경기도 시흥시 정왕동	2***	단독	12m미만	493.75	225.6	201804	7	88000	2006	오이도중앙로36번길
4139013200	경기도 시흥시 정왕동	1***	단독	12m미만	655.46	231.8	201804	30	97000	2005	오이도로157번길
4139013200	경기도 시흥시 정왕동	1***	단독	25m미만	642.52	360.8	201804	3	168000	2003	봉우재로
4127310100	경기도 안산단원구 고잔동	6**	다가구	25m미만	325.62	276.8	201804	26	88000	1989	예술대학로3길
4127311200	경기도 안산단원구 대부남동	1***	단독	12m미만	99.62	370	201804	3	31000	2014	대남로
4127311200	경기도 안산단원구 대부남동	4**	단독	8m미만	89.19	404	201804	12	27500	2015	대남로
4127311200	경기도 안산단원구 대부남동	1**	단독	8m미만	99.08	527	201804	16	25830	2018	중부흥길
4127311200	경기도 안산단원구 대부남동	7**	단독	8m미만	40.3	605	201804	9	25500	1962	쪽박섬길
4127311000	경기도 안산단원구 대부동동	4**	단독	8m미만	79.08	280	201804	26	13000	2011	한지락길
4127311000	경기도 안산단원구 대부동동	1***	단독	8m미만	162	573	201804	11	46500	2015	대부황금로
4127311100	경기도 안산단원구 대부북동	6**	단독	12m미만	549.48	936	201804	16	120900	2013	장골2길
4127310900	경기도 안산단원구 선부동	1***	다가구	8m미만	496.6	234.8	201804	16	70700	1994	선이로2길
4127310900	경기도 안산단원구 선부동	1***	단독	12m미만	271.2	230.7	201804	29	58500	1990	석수로7길
4127310900	경기도 안산단원구 선부동	1***	단독	8m미만	370.64	236.3	201804	2	70000	1991	우목골길
4127310900	경기도 안산단원구 선부동	1***	단독	8m미만	328.2	240.4	201804	6	46700	1990	거미울2길
4127310300	경기도 안산단원구 신길동	1***	다가구	12m미만	229.23	229.9	201804	10	87000	2016	새뿔안길
4127310300	경기도 안산단원구 신길동	1***	단독	12m미만	329.19	195.4	201804	3	72000	2003	신길중앙로1길
4127310200	경기도 안산단원구 와동	7**	단독	12m미만	152.01	152.5	201804	1	39000	1995	화정천동로8길
4127310200	경기도 안산단원구 와동	7**	단독	8m미만	578.11	261.8	201804	22	85000	2001	사세충열로1길
4127310800	경기도 안산단원구 원곡동	7**	다가구	8m미만	398.91	228.3	201804	26	98000	1989	원본로4길
4127310700	경기도 안산단원구 초지동	7**	다가구	12m미만	578.88	241.8	201804	26	117700	2007	신촌1길
4127310700	경기도 안산단원구 초지동	7**	다가구	12m미만	527.05	256.3	201804	11	93000	2003	신촌3길
4127310700	경기도 안산단원구 초지동	6**	단독	12m미만	489.63	256.5	201804	14	95000	2006	신촌6길
4127311500	경기도 안산단원구 화정동	6**	단독	8m미만	113.77	483	201804	24	71000	1932	꽃우물1길
4127110400	경기도 안산상록구 본오동	8**	다가구	8m미만	612.96	259.3	201804	17	87250	1993	충장로3안길
4127110400	경기도 안산상록구 본오동	9**	다가구	8m미만	454.36	281.1	201804	14	78000	1998	고목로4길
4127110400	경기도 안산상록구 본오동	6**	단독	12m미만	362.33	209.6	201804	3	78200	1995	본오로1길
4127110400	경기도 안산상록구 본오동	1***	단독	12m미만	436.24	226.8	201804	4	65000	1996	각골로5안길
4127110400	경기도 안산상록구 본오동	8**	단독	25m미만	458.84	242.6	201804	28	98000	2008	오목로
4127110400	경기도 안산상록구 본오동	8**	단독	8m미만	485.1	248.4	201804	19	71000	1994	각골서로2안길
4127110400	경기도 안산상록구 본오동	9**	단독	25m미만	419.91	251.9	201804	30	73500	2002	고목로
4127110400	경기도 안산상록구 본오동	9**	단독	12m미만	603.96	257.7	201804	1	77500	1993	충장로1길
4127110400	경기도 안산상록구 본오동	8**	단독	8m미만	649.92	274.7	201804	16	83000	1995	오목로11길
4127110400	경기도 안산상록구 본오동	7**	단독	25m미만	658.95	285.4	201804	11	110000	1996	반석로
4127110300	경기도 안산상록구 사동	1***	단독	12m미만	583.68	248.3	201804	23	95000	2004	삼리1길
4127110300	경기도 안산상록구 사동	1***	단독	8m미만	479.95	256.6	201804	21	133500	2017	후곡안길
4127110300	경기도 안산상록구 사동	1***	단독	25m이상	618.7	273.1	201804	16	164000	1995	항가울로
4127110300	경기도 안산상록구 사동	1***	단독	8m미만	654.09	287.9	201804	21	80500	1996	후곡안길
4127110300	경기도 안산상록구 사동	1***	단독	25m이상	494.64	319.3	201804	20	113000	1996	감골로
4127110600	경기도 안산상록구 양상동	4*	다가구	8m미만	157.24	423	201804	26	45851	2003	버대길
4127110900	경기도 안산상록구 월피동	4**	단독	8m미만	107.19	302	201804	19	77500	1990	부루지3길
4127110200	경기도 안산상록구 이동	6**	단독	8m미만	159.94	225.4	201804	6	64700	2004	박우물1길
4127110200	경기도 안산상록구 이동	5**	단독	12m미만	432.09	243.7	201804	13	87000	2001	석삼말로1길
4127110200	경기도 안산상록구 이동	6**	단독	12m미만	601.4	267.7	201804	16	120000	2002	이동1길
4127110200	경기도 안산상록구 이동	5**	단독	25m미만	543.05	282.5	201804	14	120000	2008	구룡체육관로
4127110100	경기도 안산상록구 일동	5**	다가구	25m미만	571.82	264.9	201804	20	101000	1999	도매시장로
4127110100	경기도 안산상록구 일동	6**	단독	25m미만	323.97	197.4	201804	9	65000	1995	안산대학로
4127110100	경기도 안산상록구 일동	1**	단독	8m미만	431.6	227.4	201804	4	110000	2017	구룡동길
4127110100	경기도 안산상록구 일동	6**	단독	12m미만	594.55	265	201804	24	80500	1993	웃말1길
4127110100	경기도 안산상록구 일동	6**	단독	25m미만	659.11	426.6	201804	28	160500	1994	안산대학로
4127111400	경기도 안산상록구 장상동	3**	단독	8m미만	37.79	1663	201804	27	64000	1974	동막길
4155025030	경기도 안성시 공도읍 마정리	2**	단독	8m미만	293.41	1091	201804	20	60000	1900	전원길
4155025029	경기도 안성시 공도읍 만정리	2**	단독	8m미만	83.88	336	201804	3	26800	2013	정봉길
4155025029	경기도 안성시 공도읍 만정리	2**	단독	8m미만	84.61	377	201804	18	28200	2012	정봉길
4155025028	경기도 안성시 공도읍 불당리	1**	단독	8m미만	81.32	370	201804	16	14000	1996	불당길
4155025026	경기도 안성시 공도읍 승두리	6*	단독	8m미만	346.95	199	201804	30	44500	1993	고무다리길
4155025023	경기도 안성시 공도읍 신두리	2**	단독	8m미만	266.67	496	201804	2	16000	1900	대신두길
4155032030	경기도 안성시 금광면 한운리	4**	단독	8m미만	89.3	801	201804	30	24500	2009	한운길
4155011400	경기도 안성시 금산동	6*	단독	8m미만	130.41	142	201804	5	14000	1984	송남길
4155011400	경기도 안성시 금산동	3*	단독	8m미만	92.89	198	201804	24	22000	1972	금산길
4155011400	경기도 안성시 금산동	1**	단독	8m미만	367.24	212.4	201804	3	59000	1999	학자로
4155012000	경기도 안성시 금석동	8*	단독	8m미만	223.92	449	201804	23	23500	1997	금석길
4155035027	경기도 안성시 대덕면 건지리	2**	단독	8m미만	212.44	269	201804	28	19000	1995	외건지길
4155035028	경기도 안성시 대덕면 내리	2**	단독	12m미만	179.14	451	201804	11	31000	2001	내리9길
4155035034	경기도 안성시 대덕면 삼한리	3**	단독	8m미만	54.06	456	201804	7	6500	1955	동산말안길
4155035030	경기도 안성시 대덕면 죽리	7*	다가구	8m미만	312.11	646	201804	23	36800	1996	차골길
4155011600	경기도 안성시 대천동	7*	단독	12m미만	659.56	375.9	201804	7	170000	1900	중앙2길
4155012400	경기도 안성시 도기동	2*	단독	12m미만	232.92	583	201804	17	60000	1994	안성맞춤대로
4155034023	경기도 안성시 미양면 개정리	5**	단독	8m미만	60.57	323	201804	1	17000	2009	하개정길
4155034027	경기도 안성시 미양면 고지리	5**	단독	8m미만	74.75	922	201804	16	13000	1900	보촌2길
4155034028	경기도 안성시 미양면 정동리	2*	단독	8m미만	99.18	260	201804	12	6500	2003	미양로
4155031037	경기도 안성시 보개면 동평리	4**	단독	8m미만	42	211	201804	24	7700	2017	동평길
4155041030	경기도 안성시 삼죽면 기솔리	3*	단독	8m미만	121.94	942	201804	9	20000	1900	텃골길
4155041027	경기도 안성시 삼죽면 진촌리	3**	단독	25m미만	445.44	557	201804	16	48000	1998	서동대로
4155033024	경기도 안성시 서운면 신촌리	1**	단독	8m미만	93.38	309	201804	11	12500	1999	신촌음동길
4155011800	경기도 안성시 석정동	*	단독	12m미만	50.11	129.3	201804	21	18700	1972	백성1길
4155011800	경기도 안성시 석정동	*	단독	12m미만	34.95	134.5	201804	21	19700	1972	백성1길
4155011200	경기도 안성시 신흥동	2**	단독	12m미만	78.1	154	201804	25	16300	1924	장기로74번길
4155011900	경기도 안성시 아양동	2**	단독	8m미만	201.46	127	201804	10	16500	1993	내혜홀2길
4155036036	경기도 안성시 양성면 명목리	1**	단독	8m미만	66.48	426	201804	10	4900	1916	null
4155036036	경기도 안성시 양성면 명목리	4**	단독	8m미만	56.4	660	201804	9	15000	2015	null
4155036036	경기도 안성시 양성면 명목리	2**	단독	12m미만	99.67	660	201804	30	18000	2009	명삼길
4155012200	경기도 안성시 옥산동	1*	단독	8m미만	52.4	218	201804	19	21186	1900	옥산길
4155012200	경기도 안성시 옥산동	1*	단독	8m미만	51.62	298	201804	19	28890	1900	null
4155012200	경기도 안성시 옥산동	1*	단독	8m미만	51.62	334	201804	19	32424	1900	null
4155038028	경기도 안성시 원곡면 성주리	1**	단독	8m미만	96	565	201804	4	13800	1989	승량길
4155038022	경기도 안성시 원곡면 칠곡리	4**	단독	8m미만	68.01	319	201804	26	15000	1980	용소길
4155038022	경기도 안성시 원곡면 칠곡리	4**	단독	8m미만	89.21	451	201804	13	30000	2013	용소길
4155040029	경기도 안성시 죽산면 당목리	8**	단독	8m미만	191.76	1247	201804	9	24500	2016	목동길
4155040022	경기도 안성시 죽산면 매산리	1**	단독	8m미만	53.96	178	201804	20	4000	1995	상구산길
4155040021	경기도 안성시 죽산면 죽산리	1**	단독	8m미만	241.78	660	201804	27	25454	1998	봉업사길
4117310200	경기도 안양동안구 관양동	1***	다가구	8m미만	186.58	92.5	201804	23	57500	1991	관양로
4117310200	경기도 안양동안구 관양동	1***	단독	12m미만	153.24	90	201804	24	40800	1986	일동로200번길
4117310200	경기도 안양동안구 관양동	1***	단독	8m미만	179.85	122.6	201804	6	48500	1986	관악대로389번길
4117310200	경기도 안양동안구 관양동	1***	단독	8m미만	195.33	136	201804	9	70000	1985	관악대로359번길
4117310200	경기도 안양동안구 관양동	1***	단독	12m미만	256.08	146	201804	2	83500	1984	관악대로345번길
4117310200	경기도 안양동안구 관양동	1***	단독	12m미만	226.62	155.9	201804	28	82000	1988	관악대로360번길
4117310200	경기도 안양동안구 관양동	1***	단독	8m미만	265.08	158.6	201804	16	100000	1985	인덕원로16번길
4117310200	경기도 안양동안구 관양동	1***	단독	8m미만	122.4	178.5	201804	17	54700	1988	일동로
4117310100	경기도 안양동안구 비산동	4**	다가구	8m미만	251.99	132	201804	6	64480	1997	null
4117310100	경기도 안양동안구 비산동	3**	단독	8m미만	172.23	96	201804	25	45000	1993	운곡로113번길
4117310100	경기도 안양동안구 비산동	3**	단독	8m미만	243.18	164	201804	19	67800	1989	매곡로27번길
4117310300	경기도 안양동안구 평촌동	9**	단독	8m미만	491.05	235.5	201804	27	138000	1996	관평로69번길
4117310400	경기도 안양동안구 호계동	1***	다가구	8m미만	438.44	224.9	201804	14	120500	1997	갈산로
4117310400	경기도 안양동안구 호계동	7**	다가구	12m미만	708.66	234.3	201804	2	149000	1990	엘에스로47번길
4117310400	경기도 안양동안구 호계동	9**	단독	8m미만	60.76	54.85	201804	14	25000	1980	경수대로665번길
4117310400	경기도 안양동안구 호계동	9**	단독	12m미만	115.24	93.2	201804	19	30500	1983	귀인로82번길
4117310400	경기도 안양동안구 호계동	9**	단독	8m미만	137.32	119	201804	17	41400	1985	귀인로98번길
4117310400	경기도 안양동안구 호계동	9**	단독	12m미만	159.62	148	201804	20	48000	1983	귀인로82번길
4117310400	경기도 안양동안구 호계동	9**	단독	8m미만	103.25	149.4	201804	13	49200	1979	null
4117110300	경기도 안양만안구 박달동	2*	단독	8m미만	325.4	147.6	201804	17	41000	1997	박달우회로138번길
4117110300	경기도 안양만안구 박달동	4*	단독	8m미만	263.99	149	201804	14	53700	1992	양화로135번길
4117110300	경기도 안양만안구 박달동	6*	단독	8m미만	263.24	225	201804	19	81000	1980	양화로98번길
4117110300	경기도 안양만안구 박달동	7**	단독	8m미만	77.12	2681	201804	18	106000	1941	박달로204번길
4117110200	경기도 안양만안구 석수동	3**	다가구	12m미만	244.44	141.2	201804	23	56700	1992	안양로468번길
4117110200	경기도 안양만안구 석수동	3**	다가구	25m미만	524.82	185	201804	21	85000	2003	화창로
4117110200	경기도 안양만안구 석수동	2**	단독	12m미만	136.84	115.9	201804	16	43000	1985	석천로159번길
4117110200	경기도 안양만안구 석수동	2**	단독	8m미만	204.69	116.7	201804	21	44000	1989	만안로
4117110200	경기도 안양만안구 석수동	1**	단독	8m미만	54.94	145	201804	6	31500	1973	경수대로1290번길
4117110100	경기도 안양만안구 안양동	1***	다가구	8m미만	362.65	176.8	201804	2	79000	1995	안양로13번길
4117110100	경기도 안양만안구 안양동	8**	단독	8m미만	43.54	78.8	201804	12	25845	1975	만안로340번길
4117110100	경기도 안양만안구 안양동	8**	단독	8m미만	43.54	84.1	201804	13	21830	1975	만안로340번길
4117110100	경기도 안양만안구 안양동	5**	단독	8m미만	57.72	89	201804	14	29100	1971	null
4117110100	경기도 안양만안구 안양동	5**	단독	12m미만	52.43	99	201804	13	30062	1975	null
4117110100	경기도 안양만안구 안양동	5**	단독	8m미만	153.28	104.1	201804	13	22192	1982	문예로24번길
4117110100	경기도 안양만안구 안양동	9**	단독	8m미만	58.09	107	201804	27	35604	1977	양화로25번길
4117110100	경기도 안양만안구 안양동	4**	단독	8m미만	64.17	125.9	201804	5	24000	1979	수리산로12번길
4117110100	경기도 안양만안구 안양동	6**	단독	8m미만	231.84	134.2	201804	21	50000	1987	박달로578번길
4117110100	경기도 안양만안구 안양동	8**	단독	12m미만	229.89	136.9	201804	9	55000	1990	박달로557번길
4117110100	경기도 안양만안구 안양동	4**	단독	8m미만	260.88	149.5	201804	4	45000	1988	안양로147번길
4117110100	경기도 안양만안구 안양동	3*	단독	8m미만	95.21	151.3	201804	21	30300	1978	예술공원로51번길
4117110100	경기도 안양만안구 안양동	9**	단독	8m미만	199.38	169	201804	26	63030	1992	양화로25번길
4117110100	경기도 안양만안구 안양동	4**	단독	8m미만	156.26	176	201804	18	42000	1980	성결대학로46번길
4117110100	경기도 안양만안구 안양동	9**	단독	8m미만	73.79	185	201804	27	61559	1975	양화로25번길
4117110100	경기도 안양만안구 안양동	8**	단독	8m미만	269.11	219.5	201804	26	80000	1987	박달로557번길
4117110100	경기도 안양만안구 안양동	1***	단독	8m미만	44	549	201804	30	45000	2018	병목안로
4163010900	경기도 양주시 고읍동	3**	단독	8m미만	289	659	201804	19	93000	2000	고덕로
4163010600	경기도 양주시 광사동	6**	다가구	12m미만	427.9	256	201804	11	89500	2010	고읍남로191번길
4163010600	경기도 양주시 광사동	6**	단독	25m미만	169.51	253.8	201804	23	59500	2015	고읍남로39번길
4163033026	경기도 양주시 광적면 덕도리	2**	단독	8m미만	95.86	529	201804	2	25000	1996	광적로224번길
4163033026	경기도 양주시 광적면 덕도리	5**	단독	8m미만	608.28	1392	201804	9	60000	2001	광적로326번길
4163032025	경기도 양주시 남면 두곡리	7*	단독	8m미만	89.84	558	201804	4	15200	1999	화합로387번길
4163032029	경기도 양주시 남면 한산리	3**	단독	8m미만	112.4	991	201804	2	30000	1993	삼육사로375번길
4163011600	경기도 양주시 덕계동	4**	단독	8m미만	195.39	110	201804	7	23000	1994	평화로1416번길
4163011600	경기도 양주시 덕계동	4**	단독	8m미만	199.38	125	201804	17	28000	1995	평화로1416번길
4163011000	경기도 양주시 덕정동	1**	단독	8m미만	48.96	124	201804	25	18800	2009	덕정4길
4163010700	경기도 양주시 만송동	6*	단독	8m미만	83.7	191	201804	19	31600	2017	만송로366번길
4163025025	경기도 양주시 백석읍 홍죽리	1**	단독	8m미만	81.08	446	201804	22	23169	2014	양주산성로
4163034023	경기도 양주시 장흥면 부곡리	5**	단독	8m미만	48.09	112	201804	4	12000	1972	호국로
4163034023	경기도 양주시 장흥면 부곡리	5**	단독	8m미만	51.84	152	201804	20	15000	1958	호국로527번길
4183031023	경기도 양평군 강상면 교평리	1**	단독	8m미만	110.75	394	201804	8	28000	2009	효자고갯길
4183031023	경기도 양평군 강상면 교평리	9*	단독	8m미만	111.62	396	201804	16	35000	2007	봉의정길
4183031027	경기도 양평군 강상면 대석리	3*	단독	8m미만	84.97	335	201804	27	24780	2015	대감2길
4183031021	경기도 양평군 강상면 병산리	1***	단독	8m미만	28.05	529	201804	27	19286	2009	병산길
4183031022	경기도 양평군 강상면 송학리	9**	단독	8m미만	238.1	801	201804	3	38000	2001	뒤골길
4183031025	경기도 양평군 강상면 화양리	9*	단독	8m미만	169.6	1018	201804	7	27000	1995	강남로
4183032023	경기도 양평군 강하면 동오리	3**	단독	8m미만	68.32	485	201804	2	22800	1998	동오2길
4183032025	경기도 양평군 강하면 성덕리	5**	단독	8m미만	150	449	201804	17	22120	1993	강하2로
4183032025	경기도 양평군 강하면 성덕리	6**	단독	8m미만	99.06	500	201804	12	26870	2014	강하아주길
4183032026	경기도 양평군 강하면 전수리	3*	단독	8m미만	44.89	203	201804	12	12500	2016	전의3길
4183032026	경기도 양평군 강하면 전수리	5**	단독	8m미만	160.28	389	201804	15	35250	2018	전의1길
4183032026	경기도 양평군 강하면 전수리	4**	단독	8m미만	197.95	504	201804	30	25000	2008	전의3길
4183032026	경기도 양평군 강하면 전수리	5**	단독	8m미만	238.6	653	201804	30	66000	2007	전의6길
4183032026	경기도 양평군 강하면 전수리	5**	단독	12m미만	133.14	750	201804	20	93000	2011	강남로
4183041025	경기도 양평군 개군면 공세리	2**	단독	8m미만	78.64	560	201804	7	14300	1983	공서울길97번길
4183041031	경기도 양평군 개군면 주읍리	1**	단독	8m미만	98.28	592	201804	16	20000	1997	산수유꽃3길
4183036027	경기도 양평군 단월면 명성리	8*	단독	8m미만	62.89	158	201804	23	12200	2004	통골길
4183036029	경기도 양평군 단월면 산음리	6**	단독	8m미만	70.21	403	201804	5	16500	2018	석산로
4183035022	경기도 양평군 서종면 도장리	9*	단독	8m미만	122.94	350	201804	11	35000	2015	도장계곡길
4183035021	경기도 양평군 서종면 문호리	3**	단독	8m미만	122.06	475	201804	20	50250	2013	무내미길32번길
4183035021	경기도 양평군 서종면 문호리	4**	단독	8m미만	194.92	564	201804	3	53000	2001	문호길
4183035021	경기도 양평군 서종면 문호리	4**	단독	8m미만	221.36	626	201804	5	73500	2011	북한강로814번길
4183035021	경기도 양평군 서종면 문호리	4**	단독	8m미만	63.37	1052	201804	27	56450	2015	길곡2길
4183035028	경기도 양평군 서종면 수입리	2**	단독	8m미만	86.76	430	201804	7	20000	1994	화서로200번길
4183035028	경기도 양평군 서종면 수입리	1**	단독	8m미만	232.32	493	201804	17	19500	2002	화서로
4183035028	경기도 양평군 서종면 수입리	4**	단독	8m미만	56.47	533	201804	2	15000	1978	내수입길68번길
4183035025	경기도 양평군 서종면 정배리	5**	단독	8m미만	142.12	394	201804	7	25000	2007	퉁점골길
4183035025	경기도 양평군 서종면 정배리	9*	단독	8m미만	93.83	520	201804	2	9000	1918	명덕길
4183038026	경기도 양평군 양동면 계정리	4**	단독	8m미만	158.67	660	201804	20	24000	2001	계정샛담길
4183038024	경기도 양평군 양동면 고송리	6**	단독	8m미만	76.95	2165	201804	17	11747	1990	양동로
4183038023	경기도 양평군 양동면 매월리	9**	단독	8m미만	63.36	496	201804	1	14500	1992	null
4183033027	경기도 양평군 양서면 대심리	1**	단독	8m미만	66.44	433	201804	23	28100	1991	대심길35번길
4183033027	경기도 양평군 양서면 대심리	8*	단독	8m미만	61.44	605	201804	27	33000	2014	대심상심길133번길
4183033024	경기도 양평군 양서면 목왕리	5**	단독	8m미만	135.84	515	201804	11	47500	2015	목왕로
4183033024	경기도 양평군 양서면 목왕리	3**	단독	8m미만	238.48	605	201804	20	35000	1997	목왕로
4183033029	경기도 양평군 양서면 복포리	1**	단독	8m미만	112.25	416	201804	21	27800	2001	제탄2길
4183033025	경기도 양평군 양서면 신원리	9*	단독	8m미만	118.49	328	201804	16	35636	2017	신원1길142번안길
4183033025	경기도 양평군 양서면 신원리	9*	단독	8m미만	108.54	542	201804	26	34750	2013	신원1길142번안길
4183033022	경기도 양평군 양서면 용담리	2**	단독	8m미만	73.2	593	201804	10	34279	2008	null
4183033030	경기도 양평군 양서면 청계리	1**	단독	8m미만	231.19	492	201804	19	35000	2008	청계길5번길
4183025028	경기도 양평군 양평읍 대흥리	2**	단독	8m미만	160.24	379	201804	4	19480	2012	천변길60번길
4183025028	경기도 양평군 양평읍 대흥리	1**	단독	8m미만	106.26	743	201804	14	22700	2015	대흥대곡길56번길
4183025026	경기도 양평군 양평읍 백안리	1*	단독	8m미만	137.3	299	201804	16	14000	2000	삼산길
4183025026	경기도 양평군 양평읍 백안리	6**	단독	8m미만	92.4	397	201804	23	15000	2016	삼산길29번길
4183025023	경기도 양평군 양평읍 신애리	4**	단독	8m미만	75.58	473	201804	5	28761	2011	애곡길
4183025023	경기도 양평군 양평읍 신애리	3**	단독	8m미만	422.46	1010	201804	27	89500	2018	동박길
4183025021	경기도 양평군 양평읍 양근리	9*	단독	25m이상	47.3	410	201804	25	71000	1970	null
4183025022	경기도 양평군 양평읍 오빈리	2**	단독	8m미만	250.47	758	201804	30	34600	2011	안산길55번길
4183025031	경기도 양평군 양평읍 회현리	1**	단독	8m미만	89.6	288	201804	21	25000	2017	충신로294번1길
4183025031	경기도 양평군 양평읍 회현리	3**	단독	8m미만	170.68	822	201804	14	42800	2010	충신로222번길
4183025031	경기도 양평군 양평읍 회현리	6**	단독	8m미만	272.97	998	201804	26	148200	2014	충신로179번1길
4183034023	경기도 양평군 옥천면 신복리	2**	단독	8m미만	52.74	302	201804	19	13000	2016	사기막길25번안길
4183034023	경기도 양평군 옥천면 신복리	7*	단독	12m미만	108.66	436	201804	4	37500	2007	중미산로
4183034023	경기도 양평군 옥천면 신복리	8**	단독	8m미만	189.44	590	201804	27	34500	1988	마유산로576번길
4183034023	경기도 양평군 옥천면 신복리	1**	단독	8m미만	287.93	596	201804	9	55000	2001	중미산로
4183034023	경기도 양평군 옥천면 신복리	8**	단독	8m미만	135.8	660	201804	6	50780	2007	원통이길
4183034023	경기도 양평군 옥천면 신복리	1***	단독	8m미만	182.91	1101	201804	23	56409	1977	신복길
4183034021	경기도 양평군 옥천면 옥천리	6**	단독	8m미만	109.95	337	201804	1	26950	2014	들꽃마을길21번안길
4183034022	경기도 양평군 옥천면 용천리	4**	단독	8m미만	127.8	144	201804	2	28550	2017	사나사길
4183034022	경기도 양평군 옥천면 용천리	7*	단독	8m미만	103.04	579	201804	17	35500	2016	null
4183034022	경기도 양평군 옥천면 용천리	7*	단독	8m미만	106.04	590	201804	17	35500	2016	null
4183034022	경기도 양평군 옥천면 용천리	9**	단독	8m미만	182.04	606	201804	4	34900	2008	용천로
4183034022	경기도 양평군 옥천면 용천리	3**	단독	8m미만	126.64	992	201804	3	52950	2010	사나사길
4183040026	경기도 양평군 용문면 금곡리	3**	단독	8m미만	99.54	669	201804	13	34300	2015	금곡길50번길
4183040024	경기도 양평군 용문면 다문리	1**	단독	8m미만	123.24	252	201804	27	27500	2013	예술인마을2길
4183040024	경기도 양평군 용문면 다문리	5**	단독	8m미만	124.89	701	201804	27	16000	2016	null
4183040031	경기도 양평군 용문면 덕촌리	1**	단독	8m미만	94.97	365	201804	24	28780	2014	용문산로
4183040031	경기도 양평군 용문면 덕촌리	3**	단독	8m미만	157.68	600	201804	21	34100	2003	덕촌길211번길
4183040021	경기도 양평군 용문면 마룡리	1**	단독	-	135.45	524	201804	20	18500	2018	그릇고갯길
4183040023	경기도 양평군 용문면 삼성리	7**	단독	12m미만	180.7	556	201804	23	34485	2012	대흥로
4183040025	경기도 양평군 용문면 연수리	2**	단독	8m미만	93.12	344	201804	25	26700	2017	태남길
4183040025	경기도 양평군 용문면 연수리	6**	단독	12m미만	97.12	622	201804	2	21449	2015	연수로
4183040025	경기도 양평군 용문면 연수리	2**	단독	8m미만	296.85	670	201804	25	41300	1997	수득골길
4183040032	경기도 양평군 용문면 오촌리	1**	단독	12m미만	228	660	201804	2	12880	1997	null
4183040030	경기도 양평군 용문면 조현리	6*	단독	8m미만	64.36	394.86	201804	4	16000	1952	적현2길
4183040030	경기도 양평군 용문면 조현리	1**	단독	8m미만	207.81	627	201804	30	36900	2018	조현길
4183040030	경기도 양평군 용문면 조현리	4**	단독	8m미만	248.95	1087	201804	18	58500	2007	용문산로
4183040029	경기도 양평군 용문면 중원리	3**	단독	8m미만	166.69	459	201804	12	38816	2018	한솔길
4183040022	경기도 양평군 용문면 화전리	1***	단독	8m미만	116.72	409	201804	19	27500	2018	수곡안말길
4183039529	경기도 양평군 지평면 수곡리	6**	단독	8m미만	60.68	437	201804	2	12300	2010	어은길
4183039530	경기도 양평군 지평면 옥현리	1***	단독	8m미만	81	463	201804	10	15870	2008	중간담길
4183039530	경기도 양평군 지평면 옥현리	7**	단독	8m미만	165.42	700	201804	10	11549	1994	청가산길
4183039526	경기도 양평군 지평면 일신리	6*	단독	8m미만	144.51	403	201804	23	27000	2000	못저리길97번길
4183039526	경기도 양평군 지평면 일신리	6**	단독	8m미만	115.5	480	201804	4	15000	1997	여양2로
4183039521	경기도 양평군 지평면 지평리	2**	단독	8m미만	87.48	875	201804	17	28500	2004	관교길
4183037024	경기도 양평군 청운면 가현리	1**	단독	8m미만	137.9	417	201804	2	20550	2004	북대골길
4183037025	경기도 양평군 청운면 갈운리	6**	단독	8m미만	45.83	238	201804	24	5000	1974	경강로
4183037025	경기도 양평군 청운면 갈운리	1***	단독	8m미만	190.74	290	201804	10	35000	2005	몰운고갯길
4183037025	경기도 양평군 청운면 갈운리	1***	단독	8m미만	130.07	660	201804	2	20000	2008	중재골길
4183037025	경기도 양평군 청운면 갈운리	1***	단독	12m미만	106.59	820	201804	24	21450	2012	몰운고갯길
4183037021	경기도 양평군 청운면 용두리	6**	단독	8m미만	33	53	201804	18	2000	1996	null
4183037021	경기도 양평군 청운면 용두리	7**	단독	25m미만	17.5	228	201804	24	7700	1960	용두로
4183037021	경기도 양평군 청운면 용두리	5**	단독	8m미만	78.6	427	201804	21	18500	2017	용두로
4167025038	경기도 여주시 가남읍 금곡리	1**	단독	8m미만	133.4	312	201804	24	3800	1999	금곡길
4167025034	경기도 여주시 가남읍 안금리	3**	단독	8m미만	88.4	405	201804	30	8347	1999	안금1길
4167025035	경기도 여주시 가남읍 양귀리	3**	단독	12m미만	128.95	764	201804	27	32000	2015	가남로
4167037027	경기도 여주시 강천면 강천리	5**	단독	8m미만	87.02	331	201804	20	14000	2017	강천로
4167037029	경기도 여주시 강천면 도전리	1***	단독	8m미만	177.26	1000	201804	19	27820	2007	능이마을길
4167037023	경기도 여주시 강천면 이호리	5**	단독	8m미만	122.49	767	201804	25	30000	1991	이호2길
4167010800	경기도 여주시 교동	5**	단독	8m미만	48	165	201804	3	13000	1999	교동2길
4167010800	경기도 여주시 교동	2*	단독	8m미만	150.7	396	201804	25	25000	1997	세종로237번길
4167010800	경기도 여주시 교동	2**	단독	8m미만	63.36	459	201804	27	19780	1985	향교2길
4167033030	경기도 여주시 금사면 금사리	3**	단독	8m미만	150.44	349	201804	15	29634	2007	금사1길
4167033025	경기도 여주시 금사면 주록리	1**	단독	8m미만	205	420	201804	23	16500	1998	안산길
4167034030	경기도 여주시 능서면 광대리	1*	단독	8m미만	119.9	364	201804	23	24600	2017	광대1길
4167034022	경기도 여주시 능서면 구양리	2**	단독	8m미만	104.12	678	201804	21	17400	2013	구양3길
4167034021	경기도 여주시 능서면 번도리	5**	단독	8m미만	89	560	201804	3	11011	1995	중부대로
4167034031	경기도 여주시 능서면 오계리	9*	단독	8m미만	75.17	343	201804	16	18840	2008	능여로
4167011600	경기도 여주시 능현동	4**	단독	8m미만	50.5	170	201804	7	6900	1996	능현1길
4167035032	경기도 여주시 대신면 계림리	3**	단독	8m미만	43.5	245	201804	13	4200	1999	계림동길
4167035035	경기도 여주시 대신면 당남리	1**	단독	8m미만	82.33	320	201804	1	8000	2002	당남1길
4167035035	경기도 여주시 대신면 당남리	3*	단독	8m미만	69.65	365	201804	9	9270	2012	당남1길
4167035035	경기도 여주시 대신면 당남리	3*	단독	8m미만	96.17	660	201804	9	15230	1999	당남1길
4167035034	경기도 여주시 대신면 천서리	5*	단독	8m미만	81.85	34	201804	4	11485	2018	여양1로
4167011900	경기도 여주시 매룡동	7*	단독	8m미만	166.73	760	201804	16	30200	1999	매룡1길
4167036031	경기도 여주시 북내면 중암리	5**	단독	8m미만	102.6	661	201804	2	17287	2003	당전로
4167038022	경기도 여주시 산북면 송현리	1*	단독	8m미만	145.72	451	201804	12	14900	2001	송현길
4167038027	경기도 여주시 산북면 용담리	3**	단독	8m미만	172.82	645	201804	26	28000	1999	용담1길
4167010100	경기도 여주시 상동	3**	단독	12m미만	100.08	91	201804	24	16000	1990	여흥로160번길
4167010100	경기도 여주시 상동	1**	단독	8m미만	324.12	245	201804	9	45000	1993	청심로
4167012300	경기도 여주시 오금동	2**	단독	8m미만	90.54	924	201804	12	23950	2014	오금1길
4167010400	경기도 여주시 우만동	2**	단독	8m미만	178.5	500	201804	27	26600	2010	선사1길
4167010900	경기도 여주시 월송동	2**	단독	8m미만	95.59	95.59	201804	2	27000	2016	삼밭골길
4167010900	경기도 여주시 월송동	8*	단독	8m미만	113.5	208	201804	10	13735	1999	우암로
4167031025	경기도 여주시 점동면 관한리	3**	단독	12m미만	216	352	201804	2	8000	1999	성주로
4167031023	경기도 여주시 점동면 덕평리	9*	단독	8m미만	46.86	281	201804	23	4400	1999	덕실길
4167011500	경기도 여주시 점봉동	4**	단독	8m미만	565.72	568	201804	21	132000	2018	세종로
4167010200	경기도 여주시 홍문동	1*	단독	25m미만	353.4	134	201804	26	49500	1994	청심로
4167010200	경기도 여주시 홍문동	4**	단독	8m미만	392.12	219	201804	12	90000	2017	세종로113번길
4167032034	경기도 여주시 흥천면 신근리	6**	단독	8m미만	286	314	201804	20	13000	2011	방죽안길
4167032034	경기도 여주시 흥천면 신근리	6**	단독	8m미만	497.92	906	201804	20	37000	2011	방죽안길
4180031026	경기도 연천군 군남면 황지리	3**	단독	8m미만	99.84	580	201804	24	18000	2018	황지로55번길
4180036022	경기도 연천군 신서면 도신리	2**	단독	12m미만	198.57	264	201804	23	17500	1994	도대로3번길
4180025023	경기도 연천군 연천읍 상리	1**	단독	8m미만	72	209	201804	17	8300	1992	상리로34번길
4180025322	경기도 연천군 전곡읍 은대리	4*	단독	8m미만	136.53	548	201804	24	26500	2005	평화로940번길
4180025321	경기도 연천군 전곡읍 전곡리	4**	단독	8m미만	82.02	119	201804	14	9000	1966	은전로
4180025321	경기도 연천군 전곡읍 전곡리	4**	단독	12m미만	97.29	264	201804	9	26250	2017	전은길
4180032025	경기도 연천군 청산면 백의리	8**	단독	8m미만	63.35	177.8	201804	26	2000	1965	청창로713번길
4180032021	경기도 연천군 청산면 초성리	2**	단독	8m미만	58.51	105	201804	2	5000	1997	학담로137번길
4137010400	경기도 오산시 궐동	2*	단독	8m미만	79.23	90	201804	21	12100	1986	오산로368번길
4137010700	경기도 오산시 금암동	5**	단독	12m미만	306.31	226.1	201804	26	78000	2017	금암로
4137011000	경기도 오산시 내삼미동	8**	다가구	12m미만	293.34	249.8	201804	18	76000	2011	수청로
4137011300	경기도 오산시 세교동	4**	단독	8m미만	90.13	231	201804	5	24500	1983	독산성로362번길
4137010800	경기도 오산시 수청동	1*	다가구	8m미만	655.98	462	201804	3	188000	2018	박동길
4137010800	경기도 오산시 수청동	5**	단독	25m미만	1573.46	581.6	201804	26	252000	2011	수청로
4137010100	경기도 오산시 오산동	8**	단독	25m미만	13.78	21	201804	24	5500	1978	역광장로
4137010100	경기도 오산시 오산동	8**	단독	8m미만	29.76	35.18	201804	16	7000	1979	null
4137010100	경기도 오산시 오산동	8**	단독	8m미만	72.82	142.5	201804	9	35000	1976	null
4137010100	경기도 오산시 오산동	3**	단독	8m미만	307.62	192	201804	9	47500	1997	경기대로339번길
4137010100	경기도 오산시 오산동	9**	단독	12m미만	375.26	223.2	201804	14	74000	2001	운천로165번길
4137010100	경기도 오산시 오산동	5**	단독	8m미만	86.5	433	201804	17	115000	1976	성호대로
4137010300	경기도 오산시 원동	3**	다가구	8m미만	543.71	275	201804	3	166000	2016	경기대로148번길
4137010500	경기도 오산시 청학동	4*	단독	8m미만	280.4	157	201804	9	94500	2015	청학로17번길
4146310200	경기도 용인기흥구 구갈동	4**	단독	8m미만	349.68	171.1	201804	25	55000	1999	신구로22번길
4146310200	경기도 용인기흥구 구갈동	3**	단독	12m미만	409.91	243.3	201804	20	123300	2001	관곡로64번길
4146310200	경기도 용인기흥구 구갈동	3**	단독	12m미만	589.24	279.2	201804	27	125000	2001	관곡로77번길
4146311500	경기도 용인기흥구 동백동	6**	다가구	12m미만	364.16	219.3	201804	24	74500	2006	평촌1로
4146311500	경기도 용인기흥구 동백동	6**	단독	25m미만	440.58	319.5	201804	26	154000	2006	평촌1로1번길
4146311500	경기도 용인기흥구 동백동	7*	단독	8m미만	186.17	490	201804	7	89000	2016	향린1로88번길
4146311500	경기도 용인기흥구 동백동	7*	단독	8m미만	225.45	561	201804	23	86000	2010	향린2로11번길
4146310500	경기도 용인기흥구 보라동	3**	단독	8m미만	84.9	266	201804	23	43000	2016	용구대로1890번길
4146310300	경기도 용인기흥구 상갈동	1**	단독	8m미만	198.09	123.8	201804	16	27000	1900	상갈로45번길
4146311000	경기도 용인기흥구 서천동	7**	단독	12m미만	195.53	114.2	201804	18	60000	2017	서천동로43번길
4146310100	경기도 용인기흥구 신갈동	3*	다가구	12m미만	303.75	257.1	201804	2	71000	1987	신구로53번길
4146311200	경기도 용인기흥구 언남동	3**	단독	8m미만	738.34	364	201804	20	118000	2000	용인향교로20번길
4146311200	경기도 용인기흥구 언남동	1*	단독	8m미만	131.07	610	201804	5	55000	1900	언동로30번길
4146311100	경기도 용인기흥구 영덕동	1***	다가구	25m미만	358.42	240.8	201804	19	99300	2012	흥덕4로30번길
4146311100	경기도 용인기흥구 영덕동	1***	다가구	12m미만	359.82	249.1	201804	4	122000	2016	흥덕4로16번길
4146311100	경기도 용인기흥구 영덕동	1***	다가구	12m미만	377.55	254.7	201804	18	100600	2012	흥덕4로30번길
4146311100	경기도 용인기흥구 영덕동	1***	단독	12m미만	385.46	262.2	201804	5	90000	2011	흥덕4로15번길
4146311600	경기도 용인기흥구 중동	9**	단독	12m미만	235.5	260.4	201804	17	79000	2012	동백1로
4146310600	경기도 용인기흥구 지곡동	3**	단독	8m미만	179.6	917	201804	25	63600	2007	지삼로
4146311400	경기도 용인기흥구 청덕동	5**	단독	12m미만	507.6	230.2	201804	17	89200	2009	구성로279번길
4146510400	경기도 용인수지구 고기동	1*	다가구	8m미만	312.8	716	201804	6	110000	1999	호수로126번길
4146510400	경기도 용인수지구 고기동	1**	단독	8m미만	92.74	137	201804	13	47000	2015	고기로377번길
4146510400	경기도 용인수지구 고기동	2**	단독	8m미만	124.35	272	201804	5	44000	1900	샘말로92번길
4146510400	경기도 용인수지구 고기동	2**	단독	8m미만	228.46	478	201804	20	89000	2010	고기로377번길
4146510400	경기도 용인수지구 고기동	1*	단독	8m미만	120.12	607	201804	21	72870	2011	호수로126번길
4146510400	경기도 용인수지구 고기동	3**	단독	8m미만	131.02	660	201804	25	98400	2000	동천로571번길
4146510300	경기도 용인수지구 동천동	6**	단독	8m미만	113.39	272	201804	13	49700	2000	동천로
4146510700	경기도 용인수지구 상현동	1***	다가구	8m미만	176.38	224.2	201804	13	117692	2016	광교호수로359번길
4146510700	경기도 용인수지구 상현동	1***	단독	25m미만	342.66	228.5	201804	14	190000	2015	광교호수로378번길
4146510500	경기도 용인수지구 신봉동	7**	단독	8m미만	290.88	554	201804	13	65800	2009	신봉1로
4146510200	경기도 용인수지구 죽전동	1***	다가구	12m미만	476.72	310.2	201804	12	170000	2008	죽전로168번길
4146510100	경기도 용인수지구 풍덕천동	6**	다가구	25m미만	439.17	196.8	201804	30	115000	1997	문인로13번길
4146510100	경기도 용인수지구 풍덕천동	6**	다가구	12m미만	408.91	205	201804	30	130000	2001	문인로39번길
4146110600	경기도 용인처인구 고림동	4**	단독	8m미만	83.26	221	201804	23	32790	2016	null
4146110600	경기도 용인처인구 고림동	4**	단독	-	130.9	224	201804	30	36600	1900	null
4146110100	경기도 용인처인구 김량장동	1**	단독	8m미만	79.66	200	201804	24	19000	2017	금학로383번길
4146132024	경기도 용인처인구 남사면 봉명리	6**	단독	8m미만	63.75	744	201804	20	25000	1900	천덕산로41번길
4146132022	경기도 용인처인구 남사면 북리	1**	단독	8m미만	89.24	362	201804	7	24500	1995	당하로71번길
4146132022	경기도 용인처인구 남사면 북리	2**	단독	8m미만	159.13	658	201804	6	48650	2013	삼인로174번길
4146125326	경기도 용인처인구 모현읍 동림리	4*	단독	8m미만	171.34	451	201804	2	63000	1975	왕림로50번길
4146125326	경기도 용인처인구 모현읍 동림리	8*	단독	8m미만	315.06	652	201804	16	52985	2000	포은대로1272번길
4146125321	경기도 용인처인구 모현읍 왕산리	5**	단독	8m미만	400.36	267	201804	21	102000	2012	외대로25번길
4146125321	경기도 용인처인구 모현읍 왕산리	6**	단독	8m미만	271.4	279	201804	20	43000	2000	백옥대로2605번길
4146135027	경기도 용인처인구 백암면 석천리	6**	단독	8m미만	102.09	390	201804	11	4490	1996	황새울로158번길
4146110300	경기도 용인처인구 삼가동	1**	단독	8m미만	211.76	367	201804	30	42000	1994	금학로1번길
4146136022	경기도 용인처인구 양지면 남곡리	1**	단독	8m미만	595.86	368	201804	13	116650	2013	남평로26번길
4146136028	경기도 용인처인구 양지면 대대리	6**	단독	8m미만	88.16	270	201804	19	22000	2014	한터로662번길
4146136024	경기도 용인처인구 양지면 제일리	5**	단독	8m미만	327.16	469	201804	12	72000	2008	중부대로2401번길
4146110200	경기도 용인처인구 역북동	2**	단독	25m미만	56.2	513	201804	17	76500	1971	낙은로
4146134027	경기도 용인처인구 원삼면 독성리	6**	단독	8m미만	94.5	586	201804	27	28500	2017	문촌로
4146134026	경기도 용인처인구 원삼면 두창리	9**	단독	8m미만	119.26	387	201804	30	34674	2016	용수로
4146134026	경기도 용인처인구 원삼면 두창리	6**	단독	8m미만	99.4	390	201804	30	19180	1997	두창로
4146134024	경기도 용인처인구 원삼면 맹리	6**	단독	8m미만	99.74	497	201804	23	22000	2014	죽양대로1626번길
4146134029	경기도 용인처인구 원삼면 목신리	8*	단독	8m미만	155.74	373	201804	30	26000	2012	보개원삼로1372번길
4146134022	경기도 용인처인구 원삼면 사암리	1***	단독	8m미만	59.7	337	201804	25	8500	1989	원양로291번길
4146134022	경기도 용인처인구 원삼면 사암리	8**	단독	8m미만	67.78	404	201804	19	28137	2007	농촌파크로97번길
4146134022	경기도 용인처인구 원삼면 사암리	4**	단독	8m미만	156.06	781	201804	4	54000	2012	사암로16번길
4146134023	경기도 용인처인구 원삼면 좌항리	3**	단독	8m미만	211.23	479	201804	28	29000	1900	원양로481번길
4146110500	경기도 용인처인구 유방동	8**	단독	8m미만	108.17	219	201804	13	35000	2018	유림로
4146125626	경기도 용인처인구 이동읍 덕성리	9**	단독	8m미만	37.86	360	201804	19	20500	1915	덕성로
4146125629	경기도 용인처인구 이동읍 서리	4**	단독	8m미만	111.09	283	201804	9	33000	2017	서리로101번길
4146125021	경기도 용인처인구 포곡읍 삼계리	4**	단독	8m미만	91.66	104	201804	4	25000	2008	포곡로309번길
4146125021	경기도 용인처인구 포곡읍 삼계리	2**	단독	8m미만	100.71	264	201804	23	24500	1900	백옥대로1800번길
4146125024	경기도 용인처인구 포곡읍 영문리	3**	단독	8m미만	223.48	918	201804	9	80000	1900	영문로83번길
4146125027	경기도 용인처인구 포곡읍 전대리	1**	단독	8m미만	72.4	171	201804	18	21000	1900	전대로18번길
4143010700	경기도 의왕시 내손동	6**	다가구	8m미만	326.97	216.5	201804	16	72000	1988	약수터1길
4143010700	경기도 의왕시 내손동	6**	다가구	8m미만	300.57	219.3	201804	11	72000	1988	내손중앙5길
4143010700	경기도 의왕시 내손동	8**	다가구	12m미만	379.6	223.9	201804	29	97000	2004	오리나무1길
4143010700	경기도 의왕시 내손동	6**	단독	8m미만	155.62	156.7	201804	28	54300	1986	내손공원1길
4143010700	경기도 의왕시 내손동	6**	단독	12m미만	306.3	210.6	201804	5	60000	1988	내손중앙3길
4143010700	경기도 의왕시 내손동	6**	단독	8m미만	329.1	219	201804	27	76000	1989	내손중앙5길
4143010700	경기도 의왕시 내손동	6**	단독	8m미만	329.66	219.5	201804	30	72000	1988	정우2길
4143010700	경기도 의왕시 내손동	8**	단독	12m미만	269.76	224.1	201804	5	105000	2008	오리나무2길
4143010300	경기도 의왕시 삼동	1**	단독	12m미만	102.49	95	201804	17	30800	1997	부곡시장5길
4143010300	경기도 의왕시 삼동	1**	단독	8m미만	152.94	95	201804	9	25000	1991	까치골1길
4143010400	경기도 의왕시 왕곡동	3*	단독	25m미만	227.42	505	201804	16	55500	2013	왕곡로
4143011000	경기도 의왕시 월암동	3**	단독	8m미만	125.39	425	201804	17	78000	1983	null
4143010900	경기도 의왕시 포일동	6**	단독	25m이상	471.52	265	201804	21	280000	2011	봇들2길
4115011000	경기도 의정부시 가능동	*	다가구	8m미만	177.99	106	201804	11	24100	1990	동일로677번길
4115011000	경기도 의정부시 가능동	7**	단독	8m미만	113	92.1	201804	3	16000	1988	가능로
4115011000	경기도 의정부시 가능동	6**	단독	8m미만	201.6	114	201804	18	27000	1988	신촌로17번길
4115011000	경기도 의정부시 가능동	6**	단독	8m미만	140.94	135.3	201804	13	23200	1986	의정로164번길
4115011000	경기도 의정부시 가능동	7**	단독	12m미만	81.31	137.6	201804	16	26940	1982	직곡로7번길
4115011000	경기도 의정부시 가능동	6**	단독	8m미만	242.73	139.2	201804	19	37500	1993	신촌로39번길
4115011000	경기도 의정부시 가능동	7**	단독	8m미만	155.01	149.1	201804	17	40000	1980	가능로62번길
4115011000	경기도 의정부시 가능동	6**	단독	8m미만	71.46	174	201804	11	42100	1974	의정로173번길
4115011000	경기도 의정부시 가능동	6**	단독	8m미만	178.08	178.9	201804	19	28500	1985	가능로
4115011000	경기도 의정부시 가능동	6**	단독	8m미만	341.37	201.4	201804	24	113000	2015	신촌로17번길
4115011000	경기도 의정부시 가능동	7**	단독	8m미만	253.41	218.4	201804	16	41000	1980	호국로1135번길
4115011000	경기도 의정부시 가능동	7*	단독	-	21.85	374	201804	25	63000	1974	평화로691번길
4115011200	경기도 의정부시 고산동	4**	단독	8m미만	99.72	557	201804	3	54000	2008	고산로125번길
4115010900	경기도 의정부시 금오동	3**	다가구	8m미만	177.39	156	201804	19	24000	1984	금신로397번길
4115011100	경기도 의정부시 녹양동	3**	단독	12m미만	274.52	202.4	201804	12	80000	1988	비우로92번길
4115011100	경기도 의정부시 녹양동	3**	단독	12m미만	260.1	204	201804	12	45000	1988	녹양로62번길
4115011300	경기도 의정부시 산곡동	5**	단독	8m미만	150.25	270	201804	30	24140	1970	송산로939번길
4115010400	경기도 의정부시 신곡동	7**	다가구	12m미만	408.64	179.8	201804	4	78500	2001	신곡로56번길
4115010400	경기도 의정부시 신곡동	5**	단독	8m미만	53.49	165	201804	8	23500	1974	장곡로364번길
4115010400	경기도 의정부시 신곡동	7**	단독	25m미만	311.36	197.7	201804	27	88900	2003	부용로
4115010400	경기도 의정부시 신곡동	7**	단독	12m미만	362.34	219.8	201804	14	86000	2009	부용로185번길
4115010100	경기도 의정부시 의정부동	5**	다가구	8m미만	235.35	136.9	201804	3	45000	1994	경의로55번길
4115010100	경기도 의정부시 의정부동	5**	다가구	8m미만	235.04	143.9	201804	18	47300	1993	범골로158번길
4115010100	경기도 의정부시 의정부동	4**	단독	8m미만	183.84	102.5	201804	20	25800	1987	가능로74번길
4115010100	경기도 의정부시 의정부동	1**	단독	12m미만	43.47	103.8	201804	12	60500	1967	시민로132번길
4115010100	경기도 의정부시 의정부동	4**	단독	12m미만	165.35	104.9	201804	16	38500	1997	가능로98번길
4115010100	경기도 의정부시 의정부동	3**	단독	8m미만	136.01	123.4	201804	17	27270	1982	태평로24번길
4115010100	경기도 의정부시 의정부동	3**	단독	8m미만	155.64	135.8	201804	6	27500	1981	평화로440번길
4115010100	경기도 의정부시 의정부동	2**	단독	8m미만	274.86	155	201804	3	42000	1989	태평로155번길
4115010100	경기도 의정부시 의정부동	2**	단독	8m미만	280.03	196.9	201804	29	57000	1996	태평로
4115010100	경기도 의정부시 의정부동	4**	단독	8m미만	322.59	209	201804	16	117000	2016	흥선로138번길
4115010100	경기도 의정부시 의정부동	3**	단독	12m미만	153.19	213.8	201804	9	38060	1978	평화로450번길
4115010800	경기도 의정부시 자일동	1**	단독	25m이상	65.92	330	201804	23	21300	1978	호국로1860번길
4115010200	경기도 의정부시 호원동	3**	다가구	8m미만	173.61	110	201804	9	32000	1993	범골로43번길
4115010200	경기도 의정부시 호원동	4**	다가구	12m미만	465	156	201804	14	72000	2002	평화로168번길
4115010200	경기도 의정부시 호원동	4**	단독	12m미만	40.73	112.5	201804	3	24616	1968	평화로272번길
4115010200	경기도 의정부시 호원동	4**	단독	25m미만	213.57	120.2	201804	5	41000	2002	안말로
4115010200	경기도 의정부시 호원동	3**	단독	12m미만	409.8	138	201804	30	67000	1991	백석로52번길
4150010800	경기도 이천시 갈산동	2**	단독	8m미만	168.39	410	201804	9	46100	2015	향교로238번길
4150010200	경기도 이천시 관고동	2**	단독	8m미만	158.4	135	201804	25	22000	1994	경충대로
4150035027	경기도 이천시 대월면 대대리	1**	단독	8m미만	108.64	400	201804	12	23150	2001	대장로309번길
4150035028	경기도 이천시 대월면 대흥리	2**	단독	8m미만	170	772	201804	4	17400	1925	대산로
4150011300	경기도 이천시 대포동	7**	단독	8m미만	56.06	1226	201804	5	20000	1980	대장로38번길
4150034027	경기도 이천시 마장면 표교리	3**	단독	8m미만	89.1	218	201804	4	9000	1998	중부대로609번길
4150034027	경기도 이천시 마장면 표교리	1*	단독	8m미만	118.39	413	201804	3	27000	1997	중부대로637번길
4150036024	경기도 이천시 모가면 송곡리	1**	단독	8m미만	78	496	201804	9	15000	1992	진상미로
4150036021	경기도 이천시 모가면 진가리	3**	단독	8m미만	99.45	377	201804	7	13400	2007	진상미로1271번길
4150036021	경기도 이천시 모가면 진가리	4**	단독	8m미만	98.59	397	201804	27	25000	2017	진상미로1271번길
4150032024	경기도 이천시 백사면 송말리	6**	단독	8m미만	154	630	201804	30	20000	2000	원적로923번길
4150025333	경기도 이천시 부발읍 가산리	4**	단독	25m미만	74.21	251	201804	23	16000	1980	황무로
4150025326	경기도 이천시 부발읍 마암리	1**	단독	8m미만	86.7	428	201804	12	16000	1980	중부대로1444번길
4150025323	경기도 이천시 부발읍 신원리	5**	단독	8m미만	39	446	201804	25	7500	1980	신대동로
4150025322	경기도 이천시 부발읍 죽당리	9**	단독	8m미만	149	495	201804	10	20000	1999	죽당로
4150037021	경기도 이천시 설성면 금당리	1**	단독	12m미만	104.8	495	201804	24	15000	2006	진상미로
4150031022	경기도 이천시 신둔면 남정리	1**	단독	8m미만	149	430	201804	26	25000	2000	황무로617번길
4150031022	경기도 이천시 신둔면 남정리	1**	단독	8m미만	155.48	533	201804	30	48150	2002	원적로155번길
4150031033	경기도 이천시 신둔면 소정리	*	단독	25m미만	170.83	643	201804	24	69500	1998	경충대로
4150031021	경기도 이천시 신둔면 수광리	6**	단독	8m미만	161.62	470	201804	11	22400	1994	경충대로3233번길
4150031027	경기도 이천시 신둔면 수하리	1**	단독	8m미만	165.73	665	201804	11	29500	2000	원적로290번길
4150010700	경기도 이천시 안흥동	1**	다가구	8m미만	367.12	370	201804	7	87300	2013	구만리로308번길
4150025033	경기도 이천시 장호원읍 노탑리	3**	단독	8m미만	46.4	195	201804	20	2000	1980	장여로189번길
4150025029	경기도 이천시 장호원읍 이황리	1**	단독	8m미만	114.63	660	201804	25	8000	1980	경충대로
4150025032	경기도 이천시 장호원읍 풍계리	9**	단독	8m미만	78.1	387	201804	18	7000	1980	나래천로30번길
4150010300	경기도 이천시 중리동	4**	단독	12m미만	115.64	94	201804	14	21800	1984	설봉로6번길
4150010400	경기도 이천시 증일동	1**	단독	8m미만	144	464	201804	26	46200	2017	부악로90번길
4150010100	경기도 이천시 창전동	4**	다가구	25m미만	626.76	375.3	201804	26	142500	2014	애련정로
4150010100	경기도 이천시 창전동	1**	단독	25m미만	140.1	41.04	201804	11	19500	1985	어재연로
4150010100	경기도 이천시 창전동	4**	단독	12m미만	104.72	92.3	201804	17	18000	1989	애련정로135번길
4150010100	경기도 이천시 창전동	4**	단독	8m미만	118.11	96.5	201804	17	20800	1988	아리역로15번길
4150010100	경기도 이천시 창전동	1**	단독	12m미만	524.66	288	201804	28	105000	2008	서희로72번길
4150033021	경기도 이천시 호법면 유산리	5**	단독	-	98.71	430	201804	30	29240	2018	중부대로
4148035026	경기도 파주시 광탄면 용미리	6**	단독	8m미만	156.51	390	201804	10	34900	2014	혜음로601번길
4148035026	경기도 파주시 광탄면 용미리	5**	단독	8m미만	102.04	542	201804	8	35000	2005	null
4148035026	경기도 파주시 광탄면 용미리	6**	단독	12m미만	214.4	660	201804	2	68000	1997	혜음로
4148012300	경기도 파주시 금릉동	4**	다가구	12m미만	485.07	212	201804	6	72800	2008	쇠재안길
4148010100	경기도 파주시 금촌동	8**	단독	8m미만	196.71	146.1	201804	12	26700	1989	황골로
4148010100	경기도 파주시 금촌동	9**	단독	12m미만	496.57	236.1	201804	18	71300	2002	동산6길
4148010100	경기도 파주시 금촌동	8**	단독	12m미만	276.42	589	201804	17	106900	1991	황골로
4148010900	경기도 파주시 다율동	9**	단독	12m미만	394.62	241.2	201804	7	83000	2007	순못길
4148011300	경기도 파주시 동패동	1***	단독	12m미만	340.85	217.3	201804	24	80500	2014	책향기숲길
4148011300	경기도 파주시 동패동	1***	단독	12m미만	284.4	321.9	201804	26	90000	2009	책향기숲길
4148011700	경기도 파주시 목동동	7**	단독	12m미만	345.61	280.6	201804	2	113000	2018	가재울로56번길
4148025022	경기도 파주시 문산읍 당동리	3**	단독	8m미만	64.68	224	201804	21	14700	1981	통일로1920번길
4148025022	경기도 파주시 문산읍 당동리	1**	단독	8m미만	119.54	662	201804	18	41000	2010	율곡로39번길
4148025021	경기도 파주시 문산읍 문산리	8*	단독	8m미만	20.79	46.06	201804	11	4800	1966	문향로85번길
4148025021	경기도 파주시 문산읍 문산리	4*	단독	12m미만	288.32	181	201804	2	35000	1986	문산로
4148025023	경기도 파주시 문산읍 선유리	1***	다가구	8m미만	504.7	305.5	201804	2	93500	2010	돈유안길
4148025023	경기도 파주시 문산읍 선유리	1***	다가구	12m미만	641.22	336.2	201804	16	102900	2011	돈유안길
4148025023	경기도 파주시 문산읍 선유리	9**	단독	12m미만	100.62	39.6	201804	26	11500	1981	문향로
4148025023	경기도 파주시 문산읍 선유리	1***	단독	8m미만	528.76	312.8	201804	2	82000	2011	돈유안길
4148025023	경기도 파주시 문산읍 선유리	7**	단독	-	38.41	2003	201804	25	45300	1963	null
4148025025	경기도 파주시 문산읍 운천리	2*	단독	8m미만	33.49	182	201804	29	6300	1956	통일로1920번길
4148025025	경기도 파주시 문산읍 운천리	9*	단독	8m미만	67.64	579	201804	16	30500	1969	통일로
4148025622	경기도 파주시 법원읍 법원리	4**	단독	8m미만	23.93	76	201804	27	4200	1954	사임당로888번길
4148025622	경기도 파주시 법원읍 법원리	5**	단독	12m미만	36.66	138	201804	26	4600	1954	술이홀로
4148011200	경기도 파주시 산남동	9*	단독	8m미만	195.73	367	201804	18	46200	2004	산남로107번길
4148011900	경기도 파주시 서패동	2**	단독	8m미만	154.49	659	201804	11	75000	1995	돌곶이길
4148010200	경기도 파주시 아동동	1**	단독	8m미만	94.77	237	201804	23	20004	2009	앞골길
4148010200	경기도 파주시 아동동	*	단독	8m미만	96.67	747	201804	24	36000	1979	통일로576번길
4148010800	경기도 파주시 야당동	4*	다가구	8m미만	537.6	475	201804	28	76000	2000	운정1길
4148010800	경기도 파주시 야당동	1**	단독	8m미만	130.91	171	201804	2	43800	2017	번뛰기길
4148010800	경기도 파주시 야당동	9*	단독	8m미만	24.09	305	201804	21	55900	1975	하우1길
4148010800	경기도 파주시 야당동	2**	단독	8m미만	70.49	353	201804	21	43000	2010	송학1길
4148010800	경기도 파주시 야당동	2**	단독	8m미만	96.48	424	201804	9	51000	1997	하우3길
4148012200	경기도 파주시 와동동	1***	다가구	12m미만	430.83	266.8	201804	30	134000	2015	가람로21번길
4148031023	경기도 파주시 월롱면 덕은리	7**	다가구	8m미만	495.36	501	201804	17	81600	2011	엘지로386번길
4148031023	경기도 파주시 월롱면 덕은리	6**	단독	8m미만	72.56	227	201804	25	15150	1995	옥돌내길
4148031023	경기도 파주시 월롱면 덕은리	6**	단독	8m미만	336.36	343	201804	23	67500	2014	엘지로
4148031022	경기도 파주시 월롱면 도내리	2**	단독	8m미만	59.74	335	201804	1	13300	1942	외도감길
4148031025	경기도 파주시 월롱면 영태리	7**	단독	8m미만	165.91	688	201804	24	47400	2001	한태말길
4148037035	경기도 파주시 적성면 마지리	3*	단독	8m미만	91.1	145	201804	11	6000	null	null
4148037030	경기도 파주시 적성면 식현리	*	단독	8m미만	72.98	372	201804	12	17000	2003	적서초교길
4148026222	경기도 파주시 조리읍 뇌조리	1**	단독	8m미만	110.54	186	201804	2	23450	2018	뇌조로171번길
4148026222	경기도 파주시 조리읍 뇌조리	1**	단독	8m미만	121.06	460	201804	16	42000	2018	뇌조로171번길
4148026226	경기도 파주시 조리읍 능안리	7*	단독	8m미만	203.31	272	201804	13	26000	2002	안능안길
4148026224	경기도 파주시 조리읍 장곡리	5**	단독	8m미만	33.42	112	201804	2	4800	1977	명봉산로121번길
4148032023	경기도 파주시 탄현면 갈현리	3**	단독	8m미만	55	149	201804	5	5500	1996	평화로591번길
4148032031	경기도 파주시 탄현면 금산리	3**	단독	8m미만	96.7	650	201804	13	22000	1998	방촌로649번길
4148032021	경기도 파주시 탄현면 성동리	2**	단독	8m미만	161.87	250	201804	18	40000	2017	요풍길
4148032029	경기도 파주시 탄현면 오금리	3**	단독	8m미만	121.21	337	201804	27	15000	1994	오금로
4148032027	경기도 파주시 탄현면 축현리	2**	단독	8m미만	491.6	507	201804	2	72000	2012	배나무길
4148025325	경기도 파주시 파주읍 백석리	3**	단독	8m미만	68.07	575	201804	3	20880	1980	아랫도장길
4148036022	경기도 파주시 파평면 두포리	1**	단독	8m미만	192.12	656	201804	2	23220	1998	파평산로408번길
4148036027	경기도 파주시 파평면 장파리	3**	단독	8m미만	94.8	1930	201804	4	19500	1996	장마루18길
4122011100	경기도 평택시 독곡동	1**	단독	8m미만	183.24	589	201804	25	55000	2010	오리곡길
4122011800	경기도 평택시 비전동	7**	단독	8m미만	99.96	97	201804	1	16250	1983	어인남로12번길
4122011800	경기도 평택시 비전동	9**	단독	12m미만	322.28	217.5	201804	26	87000	2018	비전6길
4122011800	경기도 평택시 비전동	8**	단독	12m미만	386.16	221.3	201804	16	80500	2010	팔각정길
4122011800	경기도 평택시 비전동	1***	단독	12m미만	359.33	242	201804	20	94000	2016	비전7길
4122010100	경기도 평택시 서정동	8**	다가구	12m미만	332.24	194.7	201804	25	89500	1996	특구로5번길
4122010100	경기도 평택시 서정동	3**	단독	25m미만	127.8	56	201804	30	45900	2001	서정역로
4122010100	경기도 평택시 서정동	3**	단독	25m미만	191.4	96	201804	30	78300	2001	서정역로
4122010100	경기도 평택시 서정동	1***	단독	12m미만	34.55	137	201804	13	11000	2001	원적봉로28번길
4122010100	경기도 평택시 서정동	8**	단독	12m미만	367.2	204.3	201804	12	92000	2010	지장로
4122010100	경기도 평택시 서정동	3**	단독	12m미만	209.5	663	201804	2	260871	2001	서정역로58번길
4122032021	경기도 평택시 서탄면 금암리	5**	단독	8m미만	77.18	311	201804	17	12950	2001	금암3길
4122012200	경기도 평택시 신대동	1**	다가구	8m미만	527.74	531	201804	9	118680	2010	삽다리길
4122012200	경기도 평택시 신대동	1**	다가구	8m미만	533.18	588.5	201804	9	118000	2018	삽다리길
4122012200	경기도 평택시 신대동	4**	단독	25m미만	82.71	298	201804	11	31500	1979	새터길
4122011200	경기도 평택시 신장동	2**	다가구	8m미만	140.92	38	201804	28	19000	1985	중앙시장로6번길
4122011200	경기도 평택시 신장동	3**	단독	8m미만	70.18	119	201804	16	36000	2001	쇼핑로
4122011200	경기도 평택시 신장동	2**	단독	8m미만	142.5	121	201804	13	19000	2001	송월로32번길
4122011200	경기도 평택시 신장동	2**	단독	8m미만	46.26	129	201804	4	19000	1979	송월로32번길
4122011200	경기도 평택시 신장동	2**	단독	8m미만	128.35	129	201804	2	26000	1975	밀월로36번길
4122011200	경기도 평택시 신장동	3**	단독	8m미만	60.13	139	201804	15	12000	1975	목천로25번길
4122025324	경기도 평택시 안중읍 대반리	5**	단독	8m미만	64.97	594	201804	11	21500	2018	대반3길
4122025329	경기도 평택시 안중읍 송담리	8**	단독	12m미만	524.78	324	201804	10	139000	2017	송담5길
4122025321	경기도 평택시 안중읍 안중리	4**	다가구	12m미만	455.44	254.6	201804	23	120000	2017	송담9길
4122025321	경기도 평택시 안중읍 안중리	4**	다가구	12m미만	493.51	296.3	201804	18	120000	2016	송담8길
4122025321	경기도 평택시 안중읍 안중리	4**	단독	12m미만	659.73	390.7	201804	23	165500	2017	송담7길
4122034021	경기도 평택시 오성면 숙성리	3**	단독	8m미만	96.61	334	201804	23	25800	2018	대조두안길
4122012400	경기도 평택시 용이동	6**	단독	12m미만	465.66	303.7	201804	11	140000	2017	현촌5길
4122012400	경기도 평택시 용이동	4**	단독	25m미만	650.1	388.9	201804	7	158200	2012	현신3길
4122012400	경기도 평택시 용이동	1*	단독	8m미만	108.09	740	201804	19	73000	2000	구룡길
4122010900	경기도 평택시 이충동	3**	단독	25m이상	123.1	920	201804	10	32000	2001	경기대로
4122010800	경기도 평택시 장안동	3**	단독	25m미만	887.38	1555	201804	29	156000	1998	장안웃길
4122011000	경기도 평택시 지산동	8**	다가구	12m미만	311.73	159	201804	13	54850	1998	지산로6번길
4122011000	경기도 평택시 지산동	8**	단독	8m미만	78.8	56	201804	13	15240	1975	탄현로268번길
4122011000	경기도 평택시 지산동	8**	단독	8m미만	32.16	100	201804	13	834	2000	탄현로268번길
4122011000	경기도 평택시 지산동	8**	단독	8m미만	141.18	102	201804	13	35723	2000	탄현로268번길
4122011000	경기도 평택시 지산동	8**	단독	8m미만	114.03	126	201804	13	48148	1985	탄현로268번길
4122011000	경기도 평택시 지산동	8**	단독	12m미만	139.59	130	201804	17	37500	1985	송탄2로
4122011000	경기도 평택시 지산동	8**	단독	8m미만	79.2	172	201804	13	54330	2000	탄현로268번길
4122031022	경기도 평택시 진위면 마산리	7**	단독	8m미만	125.41	303	201804	2	42500	2017	지산로175번길
4122031021	경기도 평택시 진위면 봉남리	2**	단독	8m미만	151.19	332	201804	16	28400	2002	봉남1길
4122025925	경기도 평택시 청북읍 후사리	2*	단독	8m미만	101.56	518	201804	6	19100	null	청북중앙로
4122011400	경기도 평택시 통복동	1**	단독	8m미만	61.2	218	201804	9	18500	1985	원평로105번길
4122025040	경기도 평택시 팽성읍 대사리	1**	단독	8m미만	427.74	540	201804	5	60000	2006	대사1길
4122025027	경기도 평택시 팽성읍 두리	4*	단독	8m미만	248.24	367	201804	2	59500	2017	머래길
4122025038	경기도 평택시 팽성읍 두정리	1**	단독	8m미만	57.96	235	201804	24	5850	1992	두정3길
4122025039	경기도 평택시 팽성읍 석근리	*	단독	8m미만	267.3	291	201804	25	42900	2012	사거리길
4122025030	경기도 평택시 팽성읍 석봉리	1**	단독	8m미만	314.8	395	201804	25	75573	2018	석봉길
4122025030	경기도 평택시 팽성읍 석봉리	1**	단독	8m미만	435.09	395	201804	25	75615	2018	석봉길
4122025045	경기도 평택시 팽성읍 송화리	7**	다가구	12m미만	320.72	223.5	201804	9	68000	2012	부용로17번길
4122025034	경기도 평택시 팽성읍 신대리	1**	단독	25m미만	198.36	349	201804	30	75000	1997	계양로
4122025041	경기도 평택시 팽성읍 안정리	1**	단독	8m미만	50.41	112	201804	17	8500	2000	안정순환로264번길
4122025041	경기도 평택시 팽성읍 안정리	2*	단독	25m이상	136.88	216	201804	20	45000	1990	안정로
4122025041	경기도 평택시 팽성읍 안정리	1**	단독	8m미만	608.1	334	201804	20	135000	2017	안정로14번길
4122025041	경기도 평택시 팽성읍 안정리	2**	단독	8m미만	211.75	436	201804	25	45500	2000	안정순환로89번길
4122025031	경기도 평택시 팽성읍 원정리	1**	단독	8m미만	262.16	422	201804	17	65837	2012	팽성대교길
4122025031	경기도 평택시 팽성읍 원정리	4*	단독	8m미만	220.47	528	201804	30	55000	2012	팽성북로
4122025622	경기도 평택시 포승읍 도곡리	9**	다가구	8m미만	482.22	630	201804	15	59800	2003	무수길
4122025629	경기도 평택시 포승읍 홍원리	*	단독	-	23.14	496	201804	18	7940	2000	포승장안로
4122011700	경기도 평택시 합정동	7**	단독	8m미만	106.74	80.6	201804	22	21000	1985	조개터로48번길
4122011700	경기도 평택시 합정동	7**	단독	8m미만	77.06	162.6	201804	22	22000	1981	조개터로48번길
4122037026	경기도 평택시 현덕면 덕목리	7**	단독	8m미만	122.64	165	201804	10	37500	2017	원덕목길
4122037026	경기도 평택시 현덕면 덕목리	7**	단독	8m미만	122.64	165	201804	10	37500	2017	원덕목길
4165033024	경기도 포천시 가산면 가산리	4**	단독	8m미만	220.2	796	201804	24	31000	1989	가산로96번길
4165033028	경기도 포천시 가산면 마전리	2**	단독	8m미만	66.4	396	201804	17	11000	2000	마전3길
4165040023	경기도 포천시 관인면 초과리	*	단독	8m미만	144.21	179	201804	2	5500	1994	관인로35번길
4165031027	경기도 포천시 군내면 상성북리	6**	단독	8m미만	115.42	622	201804	23	26500	2015	반월산성로
4165031027	경기도 포천시 군내면 상성북리	6**	단독	8m미만	192.41	642	201804	29	39000	2013	반월산성로
4165032023	경기도 포천시 내촌면 음현리	1**	단독	8m미만	55.41	278	201804	9	11900	2006	금강로2194번길
4165032021	경기도 포천시 내촌면 진목리	5**	단독	8m미만	123.69	400	201804	30	18000	2006	내진로155번길
4165010400	경기도 포천시 선단동	4**	단독	8m미만	60.6	2463	201804	20	103434	1979	건너말1길
4165025024	경기도 포천시 소흘읍 이곡리	2**	단독	8m미만	150.05	295	201804	1	35000	2015	광릉수목원로844번길
4165025025	경기도 포천시 소흘읍 직동리	2**	단독	8m미만	96.74	289	201804	14	13000	1999	죽엽산로
4165025025	경기도 포천시 소흘읍 직동리	3*	단독	8m미만	49.96	440	201804	6	19790	2005	직동2길
4165025025	경기도 포천시 소흘읍 직동리	5*	단독	12m미만	130.8	500	201804	26	70000	2010	광릉수목원로
4165034021	경기도 포천시 신북면 가채리	8**	단독	8m미만	63.45	270	201804	20	20000	2011	중앙로207번길
4165034030	경기도 포천시 신북면 갈월리	2**	단독	12m미만	87.19	300	201804	9	3200	2003	청신로
4165034023	경기도 포천시 신북면 신평리	5**	단독	8m미만	62.08	284	201804	2	7000	1962	청신로2068번길
4165034023	경기도 포천시 신북면 신평리	1**	단독	8m미만	179.73	379	201804	28	14450	1999	신창길
4165010100	경기도 포천시 신읍동	1**	단독	8m미만	173.16	172	201804	7	17500	2011	중앙로133번길
4165010100	경기도 포천시 신읍동	5*	단독	8m미만	56.3	258	201804	18	17600	2001	신읍길
4165039021	경기도 포천시 영북면 운천리	5**	단독	8m미만	66.72	102	201804	6	3000	1960	운천로33번길
4165039021	경기도 포천시 영북면 운천리	5**	단독	8m미만	94.96	228	201804	6	9000	1960	운천로33번길
4165039021	경기도 포천시 영북면 운천리	5**	단독	8m미만	99.81	251	201804	5	5000	1989	영북로177번길
4165039022	경기도 포천시 영북면 자일리	3**	단독	8m미만	50.32	436	201804	12	6500	1979	호국로4350번길
4165039022	경기도 포천시 영북면 자일리	2**	단독	8m미만	199.1	660	201804	30	19714	2004	호국로4350번길
4165036022	경기도 포천시 영중면 금주리	3**	단독	8m미만	96.2	660	201804	3	13200	2003	궁들3길
4165036021	경기도 포천시 영중면 양문리	8**	단독	8m미만	81.87	120	201804	20	8400	1992	양문로11길
4165038024	경기도 포천시 이동면 노곡리	2**	단독	8m미만	51.83	159	201804	18	6700	1956	성장로1031번길
4165037023	경기도 포천시 일동면 기산리	9*	단독	8m미만	58.38	152	201804	23	13500	1958	화동로1051번길
4165037026	경기도 포천시 일동면 수입리	7**	단독	8m미만	96.95	383	201804	2	5500	1996	산내지길
4165037024	경기도 포천시 일동면 화대리	4**	단독	8m미만	89.18	432	201804	16	17500	2018	화동로1283번길
4165037024	경기도 포천시 일동면 화대리	4**	단독	8m미만	89.18	443	201804	21	17500	2018	화동로1283번길
4165041022	경기도 포천시 화현면 명덕리	4**	단독	8m미만	172.1	500	201804	23	9480	1992	우시동길
4165041023	경기도 포천시 화현면 지현리	3**	단독	12m미만	429.6	542	201804	5	10000	2010	봉화로
4165041021	경기도 포천시 화현면 화현리	1**	단독	8m미만	82.1	455	201804	18	19900	2017	화동로596번길
4145011400	경기도 하남시 감일동	2**	단독	8m미만	107.1	291	201804	25	60000	1976	동남로424번길
4145010800	경기도 하남시 덕풍동	4**	다가구	12m미만	314.95	107	201804	3	45000	1991	신평로67번길
4145010800	경기도 하남시 덕풍동	2**	단독	8m미만	125.46	115	201804	22	47000	1982	하남대로836번길
4145010800	경기도 하남시 덕풍동	3**	단독	8m미만	199.44	120	201804	30	80000	1986	신장로149번길
4145010800	경기도 하남시 덕풍동	3**	단독	8m미만	176.25	121	201804	17	43200	1983	신장로184번길
4145010800	경기도 하남시 덕풍동	3**	단독	12m미만	192.15	122	201804	30	25000	1986	신장로149번길
4145010800	경기도 하남시 덕풍동	3**	단독	8m미만	102.48	142	201804	5	47300	2018	신장로222번길
4145010400	경기도 하남시 배알미동	1**	단독	8m미만	156.59	318	201804	12	119400	2012	아랫배알미길
4145010600	경기도 하남시 신장동	4**	단독	8m미만	297.72	192	201804	9	116000	1991	신장1로21번길
4145012300	경기도 하남시 초이동	1**	단독	8m미만	31.6	99	201804	10	29000	2018	초이로126번길
4145012300	경기도 하남시 초이동	5*	단독	8m미만	68.06	102	201804	28	33000	2018	상암로
4145012300	경기도 하남시 초이동	1**	단독	12m미만	210.4	152	201804	30	81860	2008	초이로
4145012300	경기도 하남시 초이동	2**	단독	8m미만	198.24	298	201804	9	86500	1991	초이로
4145011000	경기도 하남시 풍산동	2**	단독	8m미만	286.76	240	201804	19	113600	2013	안터로
4159026221	경기도 화성시 남양읍 남양리	2***	단독	12m미만	390.01	262.2	201804	18	90000	2014	역골로49번길
4159026221	경기도 화성시 남양읍 남양리	2***	단독	25m미만	584.33	390.4	201804	19	126500	2014	역골동로
4159026221	경기도 화성시 남양읍 남양리	3**	단독	8m미만	199.2	658	201804	2	63500	2002	글판동길
4159026229	경기도 화성시 남양읍 송림리	3**	단독	8m미만	96.39	251	201804	16	15969	1993	송림로
4159026230	경기도 화성시 남양읍 수화리	3**	단독	8m미만	135.33	803	201804	21	42500	2010	남양로1362번길
4159026224	경기도 화성시 남양읍 안석리	7**	단독	8m미만	97.5	231	201804	19	22700	2004	남양로382번길
4159011800	경기도 화성시 능동	1***	단독	12m미만	399.38	251.1	201804	30	90000	2010	남여울3길
4159033023	경기도 화성시 마도면 송정리	3**	단독	12m미만	86.4	336	201804	24	32000	2000	송정로
4159033023	경기도 화성시 마도면 송정리	1**	단독	8m미만	160.9	618	201804	25	26500	2015	송정로199번길
4159033025	경기도 화성시 마도면 청원리	3**	단독	8m미만	77.74	106	201804	16	11700	2009	해운로
4159033025	경기도 화성시 마도면 청원리	3**	단독	8m미만	97.99	630	201804	20	52000	1997	청원서길
4159033025	경기도 화성시 마도면 청원리	5**	단독	8m미만	220.56	1236	201804	20	56490	2012	청원서길127번길
4159033027	경기도 화성시 마도면 해문리	4**	단독	8m미만	101.9	688	201804	8	20000	1997	금해로104번길
4159031026	경기도 화성시 매송면 송라리	3**	단독	8m미만	78.24	155	201804	19	12000	1995	매송북길
4159031023	경기도 화성시 매송면 어천리	3**	단독	8m미만	70.92	171	201804	24	18000	2018	화성로2239번길
4159031022	경기도 화성시 매송면 원평리	1**	단독	8m미만	91.8	198	201804	9	27500	2015	화성로2365번길
4159012700	경기도 화성시 반송동	1**	다가구	8m미만	84.8	126.11	201804	30	44255	2014	금반1길
4159012700	경기도 화성시 반송동	1**	다가구	12m미만	430.1	250.9	201804	28	84000	2005	노작로3길
4159012700	경기도 화성시 반송동	1**	단독	25m미만	129.09	109.35	201804	14	38064	2015	탄요1길
4159012700	경기도 화성시 반송동	2**	단독	25m이상	84.63	168.25	201804	27	48000	2015	동탄나루로
4159013800	경기도 화성시 방교동	7**	단독	12m미만	458.1	262.2	201804	16	145000	2014	동탄기흥로257번길
4159011700	경기도 화성시 병점동	3**	단독	8m미만	59.67	182	201804	16	39000	1979	경기대로1010번길
4159011700	경기도 화성시 병점동	8**	단독	12m미만	355.18	222.6	201804	25	81000	2008	병점로
4159025329	경기도 화성시 봉담읍 세곡리	1**	단독	8m미만	105.12	426	201804	5	19500	1995	가능골3길
4159025325	경기도 화성시 봉담읍 와우리	1**	단독	8m미만	259.14	165	201804	10	19000	1996	북촌길
4159032021	경기도 화성시 비봉면 양노리	3**	단독	12m미만	89.81	245	201804	26	13000	1970	미륵골로
4159035031	경기도 화성시 서신면 궁평리	4**	단독	8m미만	100.26	265	201804	9	22000	2016	수문개길
4159035029	경기도 화성시 서신면 매화리	4*	단독	8m미만	112.2	992	201804	28	16000	2007	매골길
4159035022	경기도 화성시 서신면 상안리	3**	단독	8m미만	150.83	681	201804	10	19307	1995	제부로
4159035024	경기도 화성시 서신면 장외리	1**	단독	8m미만	277.2	645	201804	24	25000	2014	해양공단로100번길
4159012800	경기도 화성시 석우동	1*	단독	12m미만	481.52	269.3	201804	23	128500	2016	동학산1길
4159012800	경기도 화성시 석우동	*	단독	12m미만	826.16	570	201804	13	328000	2011	동학산2길
4159012500	경기도 화성시 송산동	1**	단독	8m미만	83.07	179	201804	30	25000	2005	화산중앙로66번길
4159034025	경기도 화성시 송산면 고정리	3**	단독	8m미만	34	69	201804	3	2000	1986	null
4159034031	경기도 화성시 송산면 고포리	3**	단독	8m미만	137.65	456	201804	9	21000	2012	개매기길
4159034030	경기도 화성시 송산면 마산리	5**	단독	8m미만	100.45	1359	201804	4	33500	1988	마산길
4159034026	경기도 화성시 송산면 쌍정리	7**	단독	8m미만	37.4	261	201804	4	6000	2018	쌍정북길27번길
4159034033	경기도 화성시 송산면 중송리	2*	단독	-	52.21	274	201804	2	13349	2018	송산포도로420번길
4159013100	경기도 화성시 영천동	7**	다가구	12m미만	398.57	252.3	201804	18	135000	2016	동탄치동천로3길
4159013100	경기도 화성시 영천동	7**	다가구	25m미만	407.69	267.5	201804	28	152000	2017	동탄치동천로3길
4159013100	경기도 화성시 영천동	6**	단독	12m미만	485.16	259.8	201804	17	186000	2016	지산1길
4159025623	경기도 화성시 우정읍 운평리	2**	단독	8m미만	143.56	420	201804	26	30800	2015	성신재길
4159025628	경기도 화성시 우정읍 이화리	8**	단독	8m미만	83	197	201804	20	12800	1995	이화뱅곳길48번길
4159025628	경기도 화성시 우정읍 이화리	1***	단독	8m미만	60.73	209	201804	9	10000	1979	매화길
4159025632	경기도 화성시 우정읍 조암리	2**	단독	8m미만	82.25	116	201804	18	4500	null	조암로
4159025622	경기도 화성시 우정읍 호곡리	1*	단독	8m미만	109.94	323	201804	23	20300	2011	문화마을2길
4159037028	경기도 화성시 장안면 금의리	1**	단독	8m미만	92.37	522	201804	29	30100	2018	버들로
4159037024	경기도 화성시 장안면 독정리	9**	단독	8m미만	151.2	865	201804	25	24000	2005	한천4길
4159013600	경기도 화성시 장지동	4**	단독	8m미만	325.71	532	201804	5	70000	2012	장지로
4159041036	경기도 화성시 정남면 내리	9*	단독	8m미만	154.06	461	201804	17	15000	2006	안념길151번길
4159041032	경기도 화성시 정남면 덕절리	3**	단독	8m미만	87.2	261	201804	26	21500	1993	덕절창말길
4159041027	경기도 화성시 정남면 문학리	3**	단독	8m미만	129.59	292	201804	29	25800	2011	문학로103번길
4159041023	경기도 화성시 정남면 보통리	5**	단독	8m미만	219.49	859	201804	10	40000	1998	보통내길219번길
4159011600	경기도 화성시 진안동	8**	단독	12m미만	424.11	261.4	201804	13	82000	2002	병점중앙로170번길
4159036023	경기도 화성시 팔탄면 기천리	4**	단독	8m미만	136.23	537	201804	2	35000	2018	건달산로128번길
4159036029	경기도 화성시 팔탄면 지월리	5**	단독	8m미만	120.55	400	201804	13	22480	2018	지월길
4159025926	경기도 화성시 향남읍 하길리	1***	단독	12m미만	472.73	265.8	201804	23	130000	2018	한절이1길
4159025939	경기도 화성시 향남읍 행정리	5**	다가구	12m미만	384.78	260.1	201804	3	79000	2010	행정죽전로1길
4159025939	경기도 화성시 향남읍 행정리	4**	다가구	12m미만	394.37	264	201804	13	77000	2018	행정죽전로1길
4159025939	경기도 화성시 향남읍 행정리	4**	다가구	12m미만	398.61	273.8	201804	25	83000	2018	행정죽전로1길
4159025939	경기도 화성시 향남읍 행정리	4**	단독	12m미만	137.95	263.9	201804	5	67600	2008	행정서로3길
4159025939	경기도 화성시 향남읍 행정리	5**	단독	12m미만	386.98	280.1	201804	18	83000	2012	행정죽전로1길
4831034029	경상남도 거제시 거제면 동상리	6**	단독	12m미만	293.88	354	201804	2	39000	1996	동상명진길
4831034030	경상남도 거제시 거제면 오수리	6**	단독	8m미만	130.01	357	201804	3	31130	2016	오수2길
4831010900	경상남도 거제시 고현동	1***	단독	12m미만	349.7	194.8	201804	2	77000	2015	거제중앙로5길
4831033025	경상남도 거제시 남부면 갈곶리	2**	단독	8m미만	52	147.9	201804	5	6500	1975	도장포2길
4831033022	경상남도 거제시 남부면 저구리	7**	단독	8m미만	44.4	166.67	201804	25	8500	2004	거제남서로
4831010700	경상남도 거제시 덕포동	*	단독	8m미만	140.08	418	201804	2	51000	2014	옥포대첩로
4831035023	경상남도 거제시 둔덕면 거림리	9**	단독	8m미만	210.16	530	201804	11	25000	1993	거림3길
4831035028	경상남도 거제시 둔덕면 술역리	3**	단독	8m미만	140.6	364	201804	20	7200	1994	호곡길
4831035026	경상남도 거제시 둔덕면 하둔리	4**	단독	8m미만	85.6	166	201804	28	9200	1945	하둔길
4831037024	경상남도 거제시 연초면 죽토리	8**	단독	8m미만	195.6	229	201804	17	29857	2014	죽동길
4831031021	경상남도 거제시 일운면 망치리	5*	단독	8m미만	206.97	482	201804	15	49000	2011	망양2길
4831031021	경상남도 거제시 일운면 망치리	3**	단독	8m미만	357.36	1160	201804	12	104380	2014	망치2길
4831031024	경상남도 거제시 일운면 지세포리	3**	단독	8m미만	51.12	228	201804	4	7000	1998	지세포선창길
4831039023	경상남도 거제시 장목면 농소리	7**	단독	8m미만	49.86	179	201804	23	11000	2015	농소길
4831039024	경상남도 거제시 장목면 송진포리	6**	단독	8m미만	31.2	172	201804	23	5000	1984	송진3길
4831039030	경상남도 거제시 장목면 시방리	6**	단독	8m미만	340.5	551	201804	17	80000	2011	시방2길
4831039029	경상남도 거제시 장목면 외포리	1***	단독	8m미만	159.16	610	201804	24	29405	2007	옥포대첩로
4831039027	경상남도 거제시 장목면 율천리	4**	단독	8m미만	85.32	276	201804	21	10000	2014	율천2길
4831039026	경상남도 거제시 장목면 장목리	4**	단독	8m미만	63.22	152	201804	7	7400	1974	장목4길
4831010200	경상남도 거제시 장승포동	3**	단독	8m미만	46	93	201804	5	11050	1973	장승포1로3길
4831010200	경상남도 거제시 장승포동	2**	단독	25m미만	294.93	133	201804	29	57950	2015	장승포1로
4831038025	경상남도 거제시 하청면 실전리	2**	단독	12m미만	76.02	435	201804	2	13200	1995	거제북로
4831038026	경상남도 거제시 하청면 어온리	5**	단독	8m미만	56.2	59	201804	10	2000	1983	어온4길
4831038024	경상남도 거제시 하청면 하청리	6**	단독	8m미만	72.73	173	201804	4	14840	1970	하청로
4831038024	경상남도 거제시 하청면 하청리	1**	단독	8m미만	81.12	337	201804	10	14500	2008	하청3길
4831038024	경상남도 거제시 하청면 하청리	9**	단독	8m미만	73.44	655	201804	6	19000	1995	서리1길
4888041021	경상남도 거창군 가북면 용산리	1**	단독	8m미만	70.08	251	201804	30	1200	1967	어인길
4888040021	경상남도 거창군 가조면 대초리	1**	단독	8m미만	68.22	245	201804	17	2590	1983	대초길
4888040028	경상남도 거창군 가조면 마상리	2**	단독	8m미만	60.46	332	201804	30	4650	1982	마상5길
4888040025	경상남도 거창군 가조면 일부리	1***	단독	8m미만	52.2	129	201804	5	2300	1982	도산길
4888040025	경상남도 거창군 가조면 일부리	1**	단독	8m미만	74.4	252	201804	27	6295	1996	녹동3길
4888025031	경상남도 거창군 거창읍 가지리	1***	단독	8m미만	92.13	495	201804	25	20600	1999	중촌2길
4888025023	경상남도 거창군 거창읍 대동리	7**	단독	12m미만	33.06	92	201804	28	7700	1970	강변로9길
4888025023	경상남도 거창군 거창읍 대동리	7**	단독	8m미만	125.54	255	201804	25	13500	1974	중앙로1길
4888025024	경상남도 거창군 거창읍 대평리	1***	단독	8m미만	97.95	496	201804	2	9500	2012	정장길
4888025021	경상남도 거창군 거창읍 상림리	4*	단독	8m미만	58.18	157	201804	19	12500	1977	상동6길
4888025021	경상남도 거창군 거창읍 상림리	2**	단독	8m미만	81.59	205	201804	10	15000	1996	공수들9길
4888025021	경상남도 거창군 거창읍 상림리	2**	단독	8m미만	38.02	208	201804	24	10900	1973	상동8길
4888025021	경상남도 거창군 거창읍 상림리	1**	단독	8m미만	71.41	215	201804	4	12700	1970	강변로
4888025030	경상남도 거창군 거창읍 서변리	6**	단독	8m미만	49.59	127	201804	1	4500	1978	모곡2길
4888025027	경상남도 거창군 거창읍 장팔리	1**	단독	8m미만	49.5	165	201804	15	7800	1997	장팔1길
4888036023	경상남도 거창군 마리면 고학리	8**	단독	8m미만	96	180	201804	6	1800	1999	고학고대길
4888039022	경상남도 거창군 신원면 와룡리	3**	단독	8m미만	58.35	331	201804	18	4500	2017	소야2길
4888035022	경상남도 거창군 위천면 남산리	5**	단독	8m미만	46.8	215	201804	5	300	1941	가현길
4888035022	경상남도 거창군 위천면 남산리	2**	단독	8m미만	50.4	218	201804	16	2500	1965	남산동2길
4888035021	경상남도 거창군 위천면 장기리	4**	단독	8m미만	219.78	133	201804	11	9000	2004	장터길
4882043021	경상남도 고성군 거류면 당동리	2**	단독	8m미만	72.73	450	201804	24	6200	1945	거류로
4882025026	경상남도 고성군 고성읍 기월리	4**	단독	8m미만	51.57	357	201804	25	4500	1983	기월2길
4882025028	경상남도 고성군 고성읍 무량리	1**	단독	8m미만	97.2	660	201804	29	10000	2001	무량1길
4882025022	경상남도 고성군 고성읍 서외리	2*	단독	8m미만	44.13	79	201804	13	4800	1969	남포로140번길
4882025023	경상남도 고성군 고성읍 수남리	8*	단독	8m미만	69.92	175	201804	30	10300	1970	성내로124번길
4882025033	경상남도 고성군 고성읍 율대리	5**	단독	8m미만	111.7	202	201804	25	8200	1944	율대4길
4882039021	경상남도 고성군 구만면 효락리	8**	단독	8m미만	79.4	532	201804	13	13200	1964	영회로
4882035023	경상남도 고성군 대가면 암전리	5**	단독	8m미만	11.9	76	201804	17	600	1915	암전1길
4882042024	경상남도 고성군 동해면 내산리	2**	단독	8m미만	96	1523	201804	16	27840	2004	조선특구로
4882042028	경상남도 고성군 동해면 외곡리	5**	단독	8m미만	52.22	472	201804	20	3000	1975	외곡1길
4882041022	경상남도 고성군 마암면 삼락리	6**	단독	8m미만	179.96	225	201804	18	9000	1999	곤기길
4882031022	경상남도 고성군 삼산면 두포리	2**	단독	8m미만	49.59	658	201804	6	4500	1958	null
4882031023	경상남도 고성군 삼산면 미룡리	8**	단독	8m미만	82.64	413	201804	7	6300	1974	미룡3길
4882031021	경상남도 고성군 삼산면 병산리	6*	단독	8m미만	56.2	245	201804	2	3500	1935	병산3길
4882031025	경상남도 고성군 삼산면 장치리	6**	단독	-	98.85	513	201804	10	47000	2018	장치2길
4882031025	경상남도 고성군 삼산면 장치리	6**	단독	-	98.85	534	201804	4	47000	2018	장치2길
4882034024	경상남도 고성군 상리면 오산리	3**	단독	8m미만	99.51	352	201804	12	5600	1980	오산2길
4882034021	경상남도 고성군 상리면 척번정리	7*	단독	8m미만	78.4	350	201804	26	3200	1940	척번정9길
4882032027	경상남도 고성군 하일면 동화리	1**	단독	8m미만	72.77	166	201804	30	2200	1976	소을비포길
4825013000	경상남도 김해시 관동동	4**	단독	25m미만	318.5	216.3	201804	23	81000	2012	덕정로204번길
4825013000	경상남도 김해시 관동동	4**	단독	12m미만	213.79	318.1	201804	28	65000	2004	덕정로34번길
4825010600	경상남도 김해시 구산동	7**	단독	12m미만	84	147.09	201804	21	43000	2015	김해대로
4825010600	경상남도 김해시 구산동	2**	단독	12m미만	312.47	203.1	201804	27	49000	2010	구산로30번길
4825010600	경상남도 김해시 구산동	5**	단독	8m미만	49.12	271	201804	7	40000	1914	가락로322번길
4825012400	경상남도 김해시 내덕동	1**	단독	12m미만	398.94	226.8	201804	20	59000	2001	내덕로56번길
4825010800	경상남도 김해시 내동	1**	단독	12m미만	358.24	210.4	201804	18	80500	2018	금관대로1325번길
4825010800	경상남도 김해시 내동	1**	단독	12m미만	126.9	214.2	201804	25	31000	1980	금관대로1313번길
4825010800	경상남도 김해시 내동	1***	단독	8m미만	352.16	228.7	201804	27	59100	2003	우암로63번길
4825010800	경상남도 김해시 내동	1**	단독	8m미만	201.96	243.6	201804	11	34000	1989	null
4825010800	경상남도 김해시 내동	1**	단독	25m미만	99.18	314.9	201804	30	48500	1994	금관대로1335번길
4825037024	경상남도 김해시 대동면 예안리	8*	단독	8m미만	70.5	344	201804	25	35200	2005	대동로480번길
4825037025	경상남도 김해시 대동면 초정리	6**	단독	8m미만	68.82	204	201804	17	27243	2014	대동로521번길
4825037025	경상남도 김해시 대동면 초정리	9**	단독	8m미만	64.8	317	201804	14	35000	1980	동남로41번길
4825037025	경상남도 김해시 대동면 초정리	9**	단독	8m미만	87.3	326	201804	13	39000	1980	동남로45번길
4825010500	경상남도 김해시 대성동	3**	단독	25m미만	29.6	17	201804	27	5400	1981	가락로
4825012900	경상남도 김해시 대청동	2**	단독	12m미만	331.59	237	201804	22	52000	2007	계동로129번길
4825010100	경상남도 김해시 동상동	7**	단독	8m미만	25.83	79	201804	16	5500	1940	분성로364번길
4825010100	경상남도 김해시 동상동	3**	단독	8m미만	78.22	131	201804	12	9500	1980	구지로
4825010100	경상남도 김해시 동상동	1***	단독	8m미만	40.29	145	201804	4	10000	1965	분성로346번길
4825010100	경상남도 김해시 동상동	2**	단독	12m미만	102.9	281	201804	26	30000	1983	호계로543번길
4825011200	경상남도 김해시 명법동	9**	단독	12m미만	43.78	116	201804	13	10460	1938	금관대로804번길
4825010400	경상남도 김해시 봉황동	1*	단독	12m미만	197	136.5	201804	16	29500	1991	가락로7번길
4825010400	경상남도 김해시 봉황동	*	단독	12m미만	196.17	175	201804	3	41000	1990	김해대로2273번길
4825010400	경상남도 김해시 봉황동	1**	단독	12m미만	37.35	211	201804	4	35000	1930	김해대로2273번안길
4825012500	경상남도 김해시 부곡동	1***	단독	8m미만	83.34	300	201804	9	15500	1979	서부로1059번길
4825010300	경상남도 김해시 부원동	6**	다가구	8m미만	385.86	222	201804	18	82500	2014	김해대로2415번길
4825010300	경상남도 김해시 부원동	3*	단독	12m미만	78.75	129	201804	6	16800	1980	분성로376번길
4825010700	경상남도 김해시 삼계동	1***	단독	12m미만	99.6	199.8	201804	19	55000	2009	김해대로1765번길
4825010700	경상남도 김해시 삼계동	1***	단독	25m이상	201.02	291.5	201804	6	89000	2001	삼계중앙로
4825011900	경상남도 김해시 삼방동	6**	단독	8m미만	231.41	210.1	201804	12	34500	1991	삼안로255번길
4825011900	경상남도 김해시 삼방동	1**	단독	12m미만	374.86	217.1	201804	24	42000	1994	활천로302번길
4825011900	경상남도 김해시 삼방동	6**	단독	25m미만	272.26	229	201804	1	41000	1990	삼안로235번길
4825011900	경상남도 김해시 삼방동	2**	단독	8m미만	199.44	255.8	201804	27	32500	1993	삼안로196번길
4825011900	경상남도 김해시 삼방동	8*	단독	8m미만	52.64	370	201804	5	19000	1933	분성로627번길
4825011900	경상남도 김해시 삼방동	8*	단독	12m미만	351.56	370	201804	26	45000	1989	분성로627번길
4825011700	경상남도 김해시 삼정동	5**	단독	12m미만	375.96	210.6	201804	12	82000	2011	활천로24번길
4825036026	경상남도 김해시 상동면 묵방리	7*	단독	8m미만	88.9	422	201804	3	27900	2005	장척로462번길
4825035025	경상남도 김해시 생림면 마사리	7**	단독	8m미만	45	149	201804	7	4200	1941	마사로462번길
4825035023	경상남도 김해시 생림면 봉림리	1***	단독	8m미만	49.59	226	201804	16	5850	1997	생림대로939번길
4825035026	경상남도 김해시 생림면 생철리	5**	단독	8m미만	99.08	626	201804	27	37000	2018	안양로
4825010200	경상남도 김해시 서상동	2**	단독	12m미만	137.55	130	201804	30	26000	2003	분성로307번길
4825010200	경상남도 김해시 서상동	1**	단독	8m미만	121.45	363	201804	23	11566	1986	분성로317번길
4825010900	경상남도 김해시 외동	7**	단독	8m미만	265.72	234.2	201804	2	34300	1989	금관대로1183번길
4825013300	경상남도 김해시 응달동	7**	단독	8m미만	67.77	429	201804	18	25000	1980	수가로360번길
4825011500	경상남도 김해시 전하동	5**	단독	8m미만	317.61	213	201804	9	58000	2012	전하로
4825032027	경상남도 김해시 주촌면 망덕리	3**	단독	8m미만	12.5	89	201804	11	2571	1937	소망길
4825032024	경상남도 김해시 주촌면 천곡리	8**	단독	8m미만	63.19	262	201804	25	23600	2014	서부로1638번길
4825033026	경상남도 김해시 진례면 산본리	6**	단독	8m미만	89.26	371	201804	23	20000	1940	서부로964번길
4825033028	경상남도 김해시 진례면 송현리	1***	단독	8m미만	79.34	305	201804	11	19360	1976	고모로
4825025031	경상남도 김해시 진영읍 내룡리	5**	단독	8m미만	98.76	566	201804	16	37000	2017	서부로38번길
4825034023	경상남도 김해시 한림면 병동리	9**	단독	8m미만	98.92	330	201804	23	23000	1997	김해대로974번길
4884037024	경상남도 남해군 고현면 오곡리	2**	단독	25m이상	49.59	278	201804	18	1200	1978	삼봉로
4884037021	경상남도 남해군 고현면 이어리	1**	단독	8m미만	60.08	198	201804	24	3000	1925	남해대로3100번나길
4884035026	경상남도 남해군 남면 평산리	1***	단독	8m미만	166.3	425.5	201804	25	42000	2014	남면로1673번길
4884035023	경상남도 남해군 남면 홍현리	1***	단독	12m미만	159.96	501	201804	11	12000	1999	무지개로
4884025022	경상남도 남해군 남해읍 서변리	3**	단독	8m미만	56	144	201804	13	5800	1979	망운로21번길
4884025027	경상남도 남해군 남해읍 아산리	3**	단독	12m미만	73.89	174	201804	18	14500	1966	화전로95번길
4884025029	경상남도 남해군 남해읍 평리	9**	단독	8m미만	126.68	232	201804	18	22000	1935	스포츠로105번길
4884025029	경상남도 남해군 남해읍 평리	8**	단독	8m미만	49.59	234	201804	16	6250	1974	스포츠로105번길
4884034022	경상남도 남해군 미조면 미조리	6**	단독	8m미만	96.64	104	201804	9	6500	1997	미송로
4884033024	경상남도 남해군 삼동면 동천리	1***	단독	8m미만	141.22	293	201804	23	19500	1994	동부대로1340번길
4884032022	경상남도 남해군 상주면 상주리	1***	단독	8m미만	159.81	223	201804	6	37850	2007	남해대로701번길
4884032021	경상남도 남해군 상주면 양아리	9**	단독	8m미만	42.98	263	201804	10	4300	1922	상주로560번길
4884036024	경상남도 남해군 서면 서상리	1***	단독	8m미만	42.97	169	201804	30	3600	1932	남서대로1687번길
4884036024	경상남도 남해군 서면 서상리	1***	단독	12m미만	68.43	197	201804	4	11500	1997	남서대로1687번길
4884038024	경상남도 남해군 설천면 금음리	4**	단독	8m미만	73.9	240	201804	10	3700	1940	강진로309번길
4884038024	경상남도 남해군 설천면 금음리	6**	단독	8m미만	68.65	357	201804	16	11500	1995	강진로
4884038026	경상남도 남해군 설천면 문의리	8**	단독	8m미만	52.89	398	201804	13	1650	1948	설천로775번길
4884031028	경상남도 남해군 이동면 난음리	1***	단독	8m미만	52.89	321	201804	4	4700	1924	삼이로573번안길
4884031023	경상남도 남해군 이동면 석평리	8**	단독	8m미만	52.89	423	201804	19	10660	1959	석평로58번길
4884031023	경상남도 남해군 이동면 석평리	8**	단독	8m미만	90.06	645	201804	14	14000	1975	석평로58번길
4884031027	경상남도 남해군 이동면 용소리	6**	단독	12m미만	125.1	417	201804	20	4000	1987	남서대로279번길
4884031022	경상남도 남해군 이동면 초음리	1**	단독	8m미만	90.64	472	201804	26	16500	2000	남해대로2264번길
4884039033	경상남도 남해군 창선면 부윤리	8*	단독	8m미만	96.31	440	201804	5	16300	2013	흥선로
4827010300	경상남도 밀양시 교동	6**	단독	8m미만	33.06	301	201804	23	12000	1934	범북2길
4827010200	경상남도 밀양시 내이동	9**	단독	8m미만	40.99	99	201804	1	15000	1967	해천길
4827010200	경상남도 밀양시 내이동	1***	단독	8m미만	60.15	139	201804	15	10000	1987	해천안길
4827010200	경상남도 밀양시 내이동	6**	단독	8m미만	116.28	144	201804	11	20000	2003	밀성로
4827010200	경상남도 밀양시 내이동	6**	단독	8m미만	77.02	185	201804	13	9500	1979	하송정2길
4827035032	경상남도 밀양시 단장면 구천리	4**	단독	8m미만	46.94	575	201804	20	20000	1900	시전중앙1길
4827035028	경상남도 밀양시 단장면 무릉리	5**	단독	8m미만	52.23	247	201804	25	8800	1960	무릉3안길
4827035023	경상남도 밀양시 단장면 미촌리	1**	단독	8m미만	41.65	288	201804	17	6500	1930	사촌길
4827035030	경상남도 밀양시 단장면 범도리	2**	단독	12m미만	195.54	604	201804	24	35300	2008	표충로
4827038021	경상남도 밀양시 무안면 무안리	8**	단독	8m미만	62.13	228	201804	2	3100	1930	동부동길
4827031030	경상남도 밀양시 부북면 대항리	6**	단독	8m미만	102.48	652	201804	26	10400	1910	대항3길
4827031021	경상남도 밀양시 부북면 운전리	2**	단독	12m미만	39.67	168	201804	24	12700	1940	부북로
4827031021	경상남도 밀양시 부북면 운전리	2**	단독	8m미만	40.99	172	201804	26	3500	1931	운전3길
4827031035	경상남도 밀양시 부북면 춘화리	2**	단독	8m미만	64.48	588	201804	2	15500	1923	춘기1길
4827031035	경상남도 밀양시 부북면 춘화리	2**	단독	8m미만	109.1	661	201804	2	11500	1942	춘기2길
4827034027	경상남도 밀양시 산내면 삼양리	2**	단독	12m미만	95.56	256	201804	4	7816	2002	얼음골로
4827033023	경상남도 밀양시 산외면 희곡리	2**	단독	8m미만	106.51	655	201804	13	21500	2009	희곡1길
4827025027	경상남도 밀양시 삼랑진읍 검세리	2**	단독	8m미만	40	364	201804	11	5600	1960	검세2길
4827025024	경상남도 밀양시 삼랑진읍 삼랑리	5*	단독	12m미만	173.02	764	201804	24	22500	1922	삼랑6길
4827025026	경상남도 밀양시 삼랑진읍 우곡리	4**	단독	8m미만	23.1	221	201804	22	7700	1960	염동길
4827025026	경상남도 밀양시 삼랑진읍 우곡리	9**	단독	8m미만	99	310	201804	26	6489	2002	우곡1길
4827025026	경상남도 밀양시 삼랑진읍 우곡리	9**	단독	8m미만	195.58	657	201804	26	13751	2001	우곡1길
4827025025	경상남도 밀양시 삼랑진읍 율동리	5**	단독	12m미만	98.24	500	201804	26	23900	2014	만어로
4827025025	경상남도 밀양시 삼랑진읍 율동리	6**	단독	8m미만	59.4	536	201804	26	9200	1970	율동3길
4827025030	경상남도 밀양시 삼랑진읍 임천리	1**	단독	8m미만	49.59	330	201804	17	7800	1979	임천5안길
4827025030	경상남도 밀양시 삼랑진읍 임천리	3**	단독	8m미만	79.2	417	201804	15	9900	1960	임천2길
4827025029	경상남도 밀양시 삼랑진읍 행곡리	1***	단독	8m미만	98.91	512	201804	10	37500	2017	행곡1길
4827010400	경상남도 밀양시 삼문동	1**	단독	8m미만	26.45	79	201804	2	4200	1927	소전2길
4827010400	경상남도 밀양시 삼문동	1**	단독	8m미만	36.36	122	201804	19	6950	1940	삼문중앙로
4827010400	경상남도 밀양시 삼문동	3**	단독	8m미만	26.45	139	201804	2	7767	1939	삼문4길
4827010400	경상남도 밀양시 삼문동	1**	단독	12m미만	120.99	155	201804	30	41490	1981	중앙로
4827010400	경상남도 밀양시 삼문동	1**	단독	8m미만	113.72	258	201804	16	20000	1979	삼문중앙로
4827010400	경상남도 밀양시 삼문동	4**	단독	-	168.92	327	201804	6	40000	1970	null
4827036021	경상남도 밀양시 상남면 기산리	1***	단독	8m미만	49.25	231.44	201804	9	5000	1940	상남우곡2길
4827036021	경상남도 밀양시 상남면 기산리	9**	단독	12m미만	78.02	255	201804	2	10000	1935	상남로
4827036021	경상남도 밀양시 상남면 기산리	1***	단독	8m미만	290.38	291.1	201804	19	25000	1999	고노실길
4827036022	경상남도 밀양시 상남면 예림리	9**	단독	8m미만	43.63	307	201804	19	5500	1965	예림중앙1안길
4827039023	경상남도 밀양시 청도면 두곡리	2**	단독	8m미만	75.75	265	201804	5	12000	2005	두곡1길
4827039022	경상남도 밀양시 청도면 소태리	7**	단독	8m미만	29.24	288	201804	15	5100	2013	소태2길
4827037028	경상남도 밀양시 초동면 성만리	3**	단독	8m미만	62.82	375	201804	25	15500	2014	성만2길
4827037028	경상남도 밀양시 초동면 성만리	1**	단독	8m미만	80.33	496	201804	10	24500	2012	성만4길
4827025322	경상남도 밀양시 하남읍 명례리	7**	단독	8m미만	46.28	278	201804	13	4700	1937	명례대성안길
4827025321	경상남도 밀양시 하남읍 수산리	7**	단독	8m미만	46.28	40	201804	30	2700	1926	내서안길
4827010700	경상남도 밀양시 활성동	3**	단독	8m미만	99.34	400	201804	2	15000	2011	활성로
4824036024	경상남도 사천시 곤명면 봉계리	1**	단독	12m미만	81.26	646	201804	12	2000	1991	봉명로
4824036023	경상남도 사천시 곤명면 조장리	1**	단독	8m미만	152.07	1289	201804	11	9089	2013	평촌길
4824036025	경상남도 사천시 곤명면 초량리	1**	단독	8m미만	52.9	403	201804	30	2700	1945	봉암길
4824035022	경상남도 사천시 곤양면 남문외리	3*	단독	12m미만	75.37	17	201804	11	3000	1980	null
4824035022	경상남도 사천시 곤양면 남문외리	2*	단독	8m미만	130.05	235	201804	2	9000	1992	화초골길
4824035032	경상남도 사천시 곤양면 무고리	3**	단독	8m미만	49.59	399	201804	23	5000	1981	무고안길
4824011700	경상남도 사천시 대방동	2**	단독	8m미만	54.88	161.8	201804	20	12400	1987	굴항길
4824010400	경상남도 사천시 동금동	2**	단독	8m미만	48.93	36	201804	19	2800	1943	팔포3길
4824010400	경상남도 사천시 동금동	2**	단독	8m미만	48.93	36	201804	27	3000	1943	팔포3길
4824010400	경상남도 사천시 동금동	6*	단독	12m미만	82.44	138.2	201804	10	17000	2009	동금5길
4824010100	경상남도 사천시 동동	3**	단독	8m미만	66.5	155	201804	10	8900	1973	동동2길
4824010100	경상남도 사천시 동동	1**	단독	8m미만	89.43	178	201804	21	13700	1980	수남4길
4824010800	경상남도 사천시 벌리동	4**	단독	8m미만	56.64	96.5	201804	27	10000	1986	문선7길
4824010800	경상남도 사천시 벌리동	7*	단독	8m미만	81.43	179.5	201804	23	10700	1980	벌리한들길
4824010800	경상남도 사천시 벌리동	4**	단독	25m미만	330.47	198.3	201804	17	61500	1986	벌리로
4824032031	경상남도 사천시 사남면 가천리	6*	단독	8m미만	65.34	111	201804	12	5600	2000	가천길
4824032026	경상남도 사천시 사남면 화전리	5*	단독	-	122	660	201804	2	10200	2001	구룡1길
4824025028	경상남도 사천시 사천읍 구암리	3**	단독	12m미만	39.85	251	201804	18	8700	1965	구암두문로
4824025022	경상남도 사천시 사천읍 정의리	3**	단독	12m미만	20.5	23	201804	27	3958	1974	정의1길
4824025022	경상남도 사천시 사천읍 정의리	3**	단독	12m미만	66.44	175	201804	27	20949	1952	정의1길
4824025023	경상남도 사천시 사천읍 평화리	*	단독	8m미만	76.7	136	201804	23	14700	1980	선평길
4824037027	경상남도 사천시 서포면 구평리	1***	단독	12m미만	64	174	201804	16	6000	1995	서포로
4824037028	경상남도 사천시 서포면 다평리	1***	단독	8m미만	106.12	1805	201804	21	9185	1968	다신로
4824010900	경상남도 사천시 용강동	4**	단독	8m미만	77.96	173	201804	2	7350	1992	용강길
4824033022	경상남도 사천시 용현면 선진리	1*	단독	8m미만	66.12	350	201804	10	16540	1950	석거리안길
4824031030	경상남도 사천시 정동면 소곡리	1**	단독	8m미만	56.2	274	201804	10	6100	1950	객방안길
4824031030	경상남도 사천시 정동면 소곡리	3**	단독	8m미만	116.97	520	201804	5	25500	2018	신월1길
4824031022	경상남도 사천시 정동면 예수리	6**	단독	8m미만	46.28	281	201804	20	25500	1960	반룡2길
4824031022	경상남도 사천시 정동면 예수리	4**	단독	8m미만	198.53	389	201804	18	47310	2003	동계3길
4824031027	경상남도 사천시 정동면 장산리	5**	단독	8m미만	62.81	527	201804	20	9076	1968	몽대길
4824010700	경상남도 사천시 좌룡동	3*	단독	8m미만	54	274	201804	10	11900	1983	한내1길
4824012700	경상남도 사천시 죽림동	5**	단독	8m미만	76.04	466	201804	23	18490	1940	새섬바위길
4824011600	경상남도 사천시 향촌동	9**	단독	8m미만	206.37	266.4	201804	25	17000	1996	향촌3길
4824011600	경상남도 사천시 향촌동	8**	단독	12m미만	494.91	280	201804	20	83000	2017	향촌4길
4886034029	경상남도 산청군 금서면 화계리	2**	단독	8m미만	28.43	74	201804	5	1550	1970	동의보감로1029번길
4886037030	경상남도 산청군 단성면 묵곡리	6**	단독	8m미만	66.12	397	201804	2	4816	1965	성철로102번길
4886037023	경상남도 산청군 단성면 방목리	1***	단독	8m미만	84.17	858.7	201804	23	15000	2016	석대로321번길
4886025034	경상남도 산청군 산청읍 내리	1***	단독	8m미만	168.02	628	201804	23	25500	2007	웅석봉로154번길
4886025024	경상남도 산청군 산청읍 모고리	7**	단독	8m미만	90.92	404	201804	25	9000	2010	모고길
4886025023	경상남도 산청군 산청읍 지리	3**	단독	8m미만	120.36	379	201804	6	11500	1978	중앙로59번길
4886039024	경상남도 산청군 생비량면 가계리	1***	단독	8m미만	104.02	315.8	201804	25	11000	2006	송계새길
4886039021	경상남도 산청군 생비량면 도전리	1***	단독	8m미만	72.88	390	201804	23	12750	1992	지리산대로4036번길
4886033021	경상남도 산청군 생초면 어서리	2**	단독	-	119.7	92	201804	13	6000	1992	null
4886036021	경상남도 산청군 시천면 중산리	3**	단독	8m미만	91.68	179	201804	17	12500	2006	지리산대로
4886038029	경상남도 산청군 신안면 안봉리	1***	단독	8m미만	90.59	865.9	201804	22	24870	2013	수월로491번길
4886038023	경상남도 산청군 신안면 청현리	3**	단독	12m미만	190.82	661	201804	12	20000	2009	청현로
4886031028	경상남도 산청군 차황면 부리	3**	단독	12m미만	130.2	109	201804	30	10700	1990	친환경로
4833011000	경상남도 양산시 교동	5**	단독	8m미만	59.5	350	201804	15	18300	1978	교동1길
4833010200	경상남도 양산시 남부동	3**	단독	12m미만	69.02	120	201804	2	18500	1979	남부10길
4833010200	경상남도 양산시 남부동	4**	단독	12m미만	126.01	297.6	201804	13	38000	1987	남부10길
4833031028	경상남도 양산시 동면 가산리	1***	단독	8m미만	99.3	200	201804	15	26000	1993	null
4833031026	경상남도 양산시 동면 석산리	1***	단독	12m미만	314.72	189	201804	4	75000	2017	금오12길
4833011500	경상남도 양산시 명동	7**	단독	8m미만	461.7	253.1	201804	12	42000	2016	외홈4길
4833025323	경상남도 양산시 물금읍 가촌리	8**	단독	12m미만	35.44	89	201804	14	13000	1925	가촌로
4833025321	경상남도 양산시 물금읍 물금리	3**	단독	8m미만	46.27	63.8	201804	20	16400	1957	물금역2길
4833025321	경상남도 양산시 물금읍 물금리	7**	단독	8m미만	33.05	76	201804	4	16100	1955	null
4833025321	경상남도 양산시 물금읍 물금리	7**	단독	8m미만	33.05	111.1	201804	19	16000	1925	화산4길
4833025321	경상남도 양산시 물금읍 물금리	6**	단독	12m미만	37.02	118.2	201804	26	18930	1965	화산길
4833025321	경상남도 양산시 물금읍 물금리	4**	단독	8m미만	129.53	124.9	201804	21	15000	1993	학산1길
4833025324	경상남도 양산시 물금읍 범어리	2***	다가구	25m미만	357.32	110.1	201804	23	70500	2016	새실로
4833025324	경상남도 양산시 물금읍 범어리	2***	다가구	12m미만	312.03	192.8	201804	25	79900	2012	화합4길
4833025324	경상남도 양산시 물금읍 범어리	5**	다가구	12m미만	276.27	203.2	201804	24	30000	2003	오봉7길
4833025324	경상남도 양산시 물금읍 범어리	5**	다가구	12m미만	98.18	203.8	201804	24	29800	2003	오봉8길
4833025324	경상남도 양산시 물금읍 범어리	6**	단독	12m미만	178.2	186.5	201804	16	21000	1995	목화2길
4833025324	경상남도 양산시 물금읍 범어리	2***	단독	12m미만	290.76	197.4	201804	18	97000	2009	화합2길
4833025324	경상남도 양산시 물금읍 범어리	5**	단독	8m미만	242.4	204	201804	6	24500	2009	오봉5길
4833010400	경상남도 양산시 북부동	3**	단독	8m미만	195.69	112	201804	18	32000	1995	장동1길
4833010400	경상남도 양산시 북부동	1**	단독	8m미만	81.26	168	201804	21	18800	1985	북안남7길
4833010700	경상남도 양산시 북정동	5**	다가구	8m미만	370.22	200.1	201804	9	58500	2012	북정9길
4833011400	경상남도 양산시 삼호동	8**	단독	12m미만	335.58	212.7	201804	16	60000	2012	대운7길
4833011400	경상남도 양산시 삼호동	8**	단독	12m미만	217.49	216	201804	30	43300	2002	삼호6길
4833011400	경상남도 양산시 삼호동	9**	단독	12m미만	472.85	279.6	201804	22	79000	2014	서창동2길
4833033022	경상남도 양산시 상북면 대석리	6**	단독	8m미만	68.4	188	201804	6	12200	1987	공암길
4833033022	경상남도 양산시 상북면 대석리	5**	단독	8m미만	63.81	305	201804	2	13000	1978	모래불1길
4833033023	경상남도 양산시 상북면 소토리	5**	단독	-	198.99	390	201804	13	39014	1988	양산대로
4833011300	경상남도 양산시 용당동	4**	단독	8m미만	39.66	229.1	201804	12	12500	1970	용당1길
4833011300	경상남도 양산시 용당동	6**	단독	8m미만	133	384	201804	2	14100	1998	편들1길
4833032025	경상남도 양산시 원동면 대리	8**	단독	8m미만	109.54	660	201804	4	13600	2002	고점길
4833032027	경상남도 양산시 원동면 서룡리	5**	단독	8m미만	36.3	148	201804	29	4500	1970	뻘등안길
4833032022	경상남도 양산시 원동면 용당리	4**	단독	12m미만	131.82	379	201804	5	28250	2014	천태로
4833010300	경상남도 양산시 중부동	6**	다가구	12m미만	309.48	198.6	201804	6	61250	2003	양주4길
4833010300	경상남도 양산시 중부동	1**	단독	12m미만	128.88	120	201804	5	16000	1989	일동8길
4833010300	경상남도 양산시 중부동	2**	단독	12m미만	137.53	229	201804	6	41000	2011	삼동2길
4833011900	경상남도 양산시 평산동	9**	단독	8m미만	79.29	405	201804	21	29500	2016	장흥2길
4833034023	경상남도 양산시 하북면 초산리	2**	단독	8m미만	82.63	588	201804	6	22500	1950	초산5길
4872041524	경상남도 의령군 궁류면 압곡리	2**	단독	8m미만	101.8	357	201804	27	11300	1994	청정로
4872038023	경상남도 의령군 낙서면 정곡리	3**	단독	8m미만	97.38	291	201804	26	4300	2007	낙동강로6길
4872033026	경상남도 의령군 대의면 마쌍리	3**	단독	8m미만	64.64	333	201804	18	12700	1993	대의로1길
4872025023	경상남도 의령군 의령읍 동동리	1***	단독	8m미만	85	241	201804	30	13000	1995	백산로1길
4872025021	경상남도 의령군 의령읍 서동리	4**	단독	12m미만	137.19	188	201804	17	9500	1976	의병로15길
4872025022	경상남도 의령군 의령읍 중동리	3**	단독	8m미만	147.01	108	201804	12	12000	1996	충익로
4872036023	경상남도 의령군 정곡면 석곡리	5**	단독	8m미만	82.56	372	201804	28	7000	1998	정곡6길
4872036022	경상남도 의령군 정곡면 죽전리	3**	단독	8m미만	238.24	563	201804	2	6000	2004	정곡3길
4872037022	경상남도 의령군 지정면 오천리	6**	단독	8m미만	85.96	471	201804	29	16900	2011	기강로2길
4817033027	경상남도 진주시 금곡면 두문리	6**	단독	8m미만	93.92	198	201804	26	5700	1993	월아산로89번길
4817033027	경상남도 진주시 금곡면 두문리	6**	단독	8m미만	59.5	4327	201804	7	3500	1972	월아산로
4817033024	경상남도 진주시 금곡면 정자리	6**	단독	12m미만	137.91	490	201804	23	29000	2015	정자천로
4817041021	경상남도 진주시 금산면 가방리	3**	단독	8m미만	80.97	641	201804	19	21000	1994	금산순환로362번길
4817041027	경상남도 진주시 금산면 장사리	2***	단독	12m미만	384.1	245.8	201804	27	62892	2016	금산순환로12번길
4817041027	경상남도 진주시 금산면 장사리	2***	단독	12m미만	452.28	293.8	201804	27	74773	2016	금산순환로12번길
4817041027	경상남도 진주시 금산면 장사리	2***	단독	12m미만	482.16	312.3	201804	27	79624	2017	금산순환로12번길
4817041026	경상남도 진주시 금산면 중천리	3**	단독	8m미만	104.93	336	201804	16	30000	1990	금산로57번길
4817031021	경상남도 진주시 내동면 독산리	7**	단독	8m미만	87.56	264	201804	2	6600	1917	산유로469번길
4817031021	경상남도 진주시 내동면 독산리	4**	단독	8m미만	29.75	288	201804	20	3283	1950	독산길33번길
4817040021	경상남도 진주시 대곡면 설매리	5**	단독	8m미만	99.12	441	201804	19	13500	1996	월암로153번길
4817010100	경상남도 진주시 망경동	3**	단독	8m미만	82.32	69	201804	2	6500	1992	망진산길13번길
4817010100	경상남도 진주시 망경동	4**	단독	12m미만	127.88	117	201804	20	18100	1997	망경남길
4817010100	경상남도 진주시 망경동	4**	단독	8m미만	121.66	122	201804	18	21000	1994	망경남길36번길
4817010100	경상남도 진주시 망경동	6*	단독	8m미만	83.06	145	201804	4	11300	2004	망경남길62번길
4817010100	경상남도 진주시 망경동	6*	단독	8m미만	123.3	151	201804	14	18000	1979	망경남길50번길
4817010100	경상남도 진주시 망경동	1**	단독	8m미만	29.25	165	201804	30	19600	1954	강남로337번길
4817010100	경상남도 진주시 망경동	2**	단독	25m미만	319.2	219	201804	16	39000	1998	망경로
4817010100	경상남도 진주시 망경동	3**	단독	8m미만	81.18	261	201804	17	15000	1987	봉수대길
4817011300	경상남도 진주시 봉곡동	1**	단독	12m미만	13.22	34.5	201804	19	4400	1954	진주대로1133번길
4817011300	경상남도 진주시 봉곡동	4**	단독	8m미만	98.08	145.7	201804	3	14000	1984	촉석로
4817011500	경상남도 진주시 봉래동	1**	단독	8m미만	30.74	82.6	201804	10	9500	1970	의곡길16번길
4817011500	경상남도 진주시 봉래동	3*	단독	12m미만	71.74	97	201804	14	1440	1976	의병로
4817011900	경상남도 진주시 상대동	3**	다가구	12m미만	327.27	166.4	201804	8	55000	2008	돗골로117번길
4817011900	경상남도 진주시 상대동	2**	단독	8m미만	35.7	69.4	201804	24	8650	1994	모덕로150번길
4817011900	경상남도 진주시 상대동	2**	단독	25m미만	161.77	95.6	201804	3	24300	1994	모덕로150번길
4817011900	경상남도 진주시 상대동	3**	단독	8m미만	130.97	145.6	201804	4	17800	1981	대신로231번길
4817011900	경상남도 진주시 상대동	8**	단독	8m미만	82.41	166	201804	25	30000	1981	null
4817011900	경상남도 진주시 상대동	3**	단독	12m미만	156.26	168.1	201804	8	30000	1979	동진로216번길
4817011900	경상남도 진주시 상대동	2**	단독	8m미만	96.79	188.9	201804	14	15500	1979	도동천로
4817011900	경상남도 진주시 상대동	1**	단독	8m미만	248.75	200.1	201804	5	28500	1989	대신로291번길
4817011900	경상남도 진주시 상대동	3**	단독	8m미만	601.01	328.2	201804	3	89500	2017	돗골로112번길
4817011900	경상남도 진주시 상대동	5**	단독	8m미만	43.44	377	201804	14	24000	1970	선학산길13번길
4817011400	경상남도 진주시 상봉동	1***	단독	8m미만	113.85	61.8	201804	18	6500	1975	진주대로1134번길
4817011400	경상남도 진주시 상봉동	8**	단독	8m미만	90.54	84	201804	13	16200	1989	비봉로97번길
4817011400	경상남도 진주시 상봉동	1***	단독	8m미만	105.97	106.1	201804	6	10000	1994	창렬로172번길
4817011400	경상남도 진주시 상봉동	1***	단독	25m미만	129.25	143.9	201804	30	25000	1979	북장대로
4817011400	경상남도 진주시 상봉동	1***	단독	8m미만	98.04	145.2	201804	18	12000	1984	창렬로
4817011400	경상남도 진주시 상봉동	6**	단독	25m미만	93.92	148.8	201804	13	21000	1987	상봉대룡길
4817011400	경상남도 진주시 상봉동	7**	단독	8m미만	59.21	173.6	201804	24	10000	1974	의병로130번길
4817012100	경상남도 진주시 상평동	2**	단독	8m미만	44.63	108.43	201804	30	7500	1975	솔밭로83번길
4817012100	경상남도 진주시 상평동	2**	단독	8m미만	66.18	147.4	201804	2	14500	1974	솔밭로92번길
4817012100	경상남도 진주시 상평동	2**	단독	8m미만	139.33	160.7	201804	16	20000	1979	돗골로117번길
4817012100	경상남도 진주시 상평동	2**	단독	8m미만	155.8	169	201804	20	16900	1978	공단로
4817012100	경상남도 진주시 상평동	1**	단독	12m미만	181.04	180.2	201804	11	27500	1983	돗골로94번길
4817012100	경상남도 진주시 상평동	2**	단독	8m미만	111.7	182.2	201804	16	15000	1979	솔밭로
4817012100	경상남도 진주시 상평동	2**	단독	8m미만	127.14	201.7	201804	25	21650	1981	null
4817012100	경상남도 진주시 상평동	2**	단독	8m미만	98.88	201.8	201804	5	11000	1983	공단로10번길
4817012100	경상남도 진주시 상평동	2**	단독	12m미만	115.51	203.2	201804	9	22400	1980	null
4817012100	경상남도 진주시 상평동	2**	단독	8m미만	206.56	223.8	201804	13	22000	1983	남강로971번길
4817012100	경상남도 진주시 상평동	2**	단독	8m미만	439.36	242.6	201804	25	80000	2017	솔밭로75번길
4817012100	경상남도 진주시 상평동	2**	단독	25m미만	257.92	315.9	201804	26	39000	1993	남강로
4817012100	경상남도 진주시 상평동	2**	단독	12m미만	67.47	323	201804	23	60000	1972	null
4817011600	경상남도 진주시 수정동	3*	단독	12m미만	33.06	92.6	201804	11	15000	1957	촉석로217번길
4817011600	경상남도 진주시 수정동	3*	단독	25m미만	306.82	96.2	201804	24	55000	1983	촉석로
4817011600	경상남도 진주시 수정동	*	단독	12m미만	222.29	159	201804	1	31000	2018	향교로42번길
4817012500	경상남도 진주시 신안동	1*	단독	12m미만	181.78	119.9	201804	2	28000	1990	진양호로369번길
4817012500	경상남도 진주시 신안동	3**	단독	12m미만	128.8	132	201804	20	14500	1984	석갑로
4817012500	경상남도 진주시 신안동	7**	단독	12m미만	72.98	155	201804	23	17000	1992	석갑로
4817012500	경상남도 진주시 신안동	1*	단독	12m미만	96.87	165.6	201804	1	23500	1986	천수로298번길
4817012500	경상남도 진주시 신안동	3**	단독	12m미만	85.91	177.6	201804	16	19200	2003	석갑로125번길
4817012500	경상남도 진주시 신안동	3*	단독	12m미만	272.3	194.4	201804	25	57500	2013	신안로34번길
4817012500	경상남도 진주시 신안동	3*	단독	8m미만	192.34	199	201804	4	13900	1991	남강로471번길
4817012500	경상남도 진주시 신안동	4**	단독	8m미만	164.25	278	201804	20	24000	1990	석갑로
4817011800	경상남도 진주시 옥봉동	2**	단독	8m미만	16.53	82.71	201804	13	4350	1966	향교로
4817011800	경상남도 진주시 옥봉동	3**	단독	8m미만	94.8	89	201804	14	9500	1990	향교로
4817011800	경상남도 진주시 옥봉동	7**	단독	12m미만	54.54	93.9	201804	26	9000	1972	진양호로620번길
4817011800	경상남도 진주시 옥봉동	7**	단독	12m미만	126.08	112	201804	4	12500	1974	진산로10번길
4817011800	경상남도 진주시 옥봉동	7**	단독	8m미만	131.77	132	201804	2	11600	1978	진산로10번길
4817011800	경상남도 진주시 옥봉동	6**	단독	8m미만	63.04	136	201804	9	3500	1954	진양호로597번길
4817011800	경상남도 진주시 옥봉동	8**	단독	25m이상	131.54	136	201804	30	14000	1975	진양호로
4817011800	경상남도 진주시 옥봉동	4*	단독	8m미만	68.39	147	201804	19	7000	1984	향교로109번길
4817011800	경상남도 진주시 옥봉동	6**	단독	8m미만	41.33	195	201804	20	18162	1954	진양호로605번길
4817012700	경상남도 진주시 이현동	1**	단독	8m미만	89.73	112	201804	10	8900	1998	숙호산로79번길
4817012700	경상남도 진주시 이현동	1**	단독	12m미만	84.07	127	201804	5	13000	1983	숙호산로
4817010800	경상남도 진주시 인사동	1**	단독	12m미만	70.61	134.5	201804	13	11000	1974	창렬로20번길
4817010800	경상남도 진주시 인사동	1**	단독	25m이상	572.8	493.2	201804	26	134000	2013	진양호로
4817032026	경상남도 진주시 정촌면 대축리	3**	단독	8m미만	71.54	179	201804	13	7000	1985	대축길105번길
4817032025	경상남도 진주시 정촌면 예하리	1***	단독	25m미만	571.91	323.6	201804	16	107000	2016	삼일로72번길
4817010200	경상남도 진주시 주약동	6*	단독	8m미만	122.28	140	201804	10	25000	1980	진주대로
4817035021	경상남도 진주시 진성면 상촌리	4**	단독	8m미만	59.48	364	201804	26	15000	2015	진성로447번길
4817042023	경상남도 진주시 집현면 사촌리	4**	단독	8m미만	142.04	516	201804	19	24600	2013	진주성로348번길
4817012200	경상남도 진주시 초전동	1***	단독	12m미만	571.2	164.95	201804	26	150000	2012	초전북로62번길
4817012200	경상남도 진주시 초전동	7**	단독	8m미만	52.9	231	201804	6	33700	2011	null
4817012200	경상남도 진주시 초전동	1***	단독	12m미만	494.74	288.2	201804	6	100000	2017	초전북로39번길
4817010400	경상남도 진주시 칠암동	5**	단독	12m미만	80.14	70	201804	12	24800	2014	강남로227번길
4817010400	경상남도 진주시 칠암동	4**	단독	12m미만	89.68	92	201804	18	30000	1979	null
4817010400	경상남도 진주시 칠암동	4**	단독	12m미만	97.45	106.9	201804	18	14000	1979	null
4817010400	경상남도 진주시 칠암동	5**	단독	12m미만	340.86	173.9	201804	9	83500	2017	진주대로930번길
4817012900	경상남도 진주시 판문동	2**	단독	8m미만	99.89	186	201804	25	35300	2014	진양호로51번길
4817012600	경상남도 진주시 평거동	7**	단독	12m미만	184.85	159.6	201804	11	33000	2000	신평공원길11번길
4817012600	경상남도 진주시 평거동	7**	단독	12m미만	174.37	197.4	201804	27	48000	2000	신평공원길47번길
4817012600	경상남도 진주시 평거동	3**	단독	12m미만	616.88	405	201804	24	109284	2017	진양호로143번길
4817012000	경상남도 진주시 하대동	3**	단독	8m미만	71.04	136.1	201804	20	11450	1980	모덕로
4817012000	경상남도 진주시 하대동	3**	단독	12m미만	276.2	141.5	201804	19	48500	1996	도동로247번길
4817012000	경상남도 진주시 하대동	3**	단독	8m미만	82.77	144.8	201804	21	12100	1980	도동로223번길
4817012000	경상남도 진주시 하대동	2**	단독	12m미만	255.73	149	201804	2	35000	1996	도동로264번길
4817012000	경상남도 진주시 하대동	7*	단독	8m미만	86.07	156.5	201804	10	13900	1985	도동로171번길
4817012000	경상남도 진주시 하대동	3**	단독	8m미만	152.6	159.1	201804	20	18000	1987	대신로356번길
4817012000	경상남도 진주시 하대동	3**	단독	8m미만	125.09	161.9	201804	1	35000	1984	모덕로
4817012000	경상남도 진주시 하대동	2**	단독	12m미만	286.77	173.5	201804	23	54900	2013	도동로263번길
4817012000	경상남도 진주시 하대동	3**	단독	8m미만	84.18	176.7	201804	24	19000	1986	대신로340번길
4817012000	경상남도 진주시 하대동	3**	단독	8m미만	191.97	179.2	201804	21	28500	2006	도동로231번길
4817012000	경상남도 진주시 하대동	3**	단독	8m미만	176.87	183.4	201804	28	22800	1992	도동로248번길
4817012000	경상남도 진주시 하대동	3**	단독	12m미만	82.8	187.5	201804	11	34000	1981	대신로308번길
4817012000	경상남도 진주시 하대동	5**	단독	8m미만	205.68	198	201804	10	28450	1996	선학산길105번길
4817012000	경상남도 진주시 하대동	6**	단독	8m미만	187.93	200	201804	26	29000	1996	하대로
4817012000	경상남도 진주시 하대동	3**	단독	12m미만	435.46	200.6	201804	15	89000	2018	도동로223번길
4817012000	경상남도 진주시 하대동	3**	단독	8m미만	99.93	201.9	201804	7	21650	1985	도동로247번길
4817012000	경상남도 진주시 하대동	6**	단독	12m미만	553.48	268	201804	12	87000	2011	하대로
4817013200	경상남도 진주시 호탄동	6**	단독	8m미만	419.34	258.9	201804	30	84500	2011	호탄길21번길
4874031022	경상남도 창녕군 고암면 억만리	8**	단독	8m미만	42.97	138	201804	28	2500	1906	괴산1길
4874031022	경상남도 창녕군 고암면 억만리	1**	단독	8m미만	99.66	660	201804	20	25000	2016	창밀로
4874041024	경상남도 창녕군 길곡면 마천리	3*	단독	8m미만	129.6	1250	201804	12	45600	2013	동점길
4874025321	경상남도 창녕군 남지읍 남지리	6**	단독	8m미만	59.5	189	201804	27	3900	1978	백암길
4874025321	경상남도 창녕군 남지읍 남지리	7**	단독	12m미만	138.04	311	201804	23	18300	1992	남포길
4874025322	경상남도 창녕군 남지읍 마산리	5*	단독	8m미만	42.97	249	201804	20	3000	1944	null
4874025325	경상남도 창녕군 남지읍 신전리	3**	단독	-	42.98	651	201804	14	10970	1950	신전길
4874025323	경상남도 창녕군 남지읍 학계리	9**	단독	8m미만	76.02	361	201804	2	3700	1955	남지옥산길
4874033034	경상남도 창녕군 대합면 대곡리	3**	단독	8m미만	138.84	313	201804	25	30000	1990	이방대합로
4874033030	경상남도 창녕군 대합면 도개리	4*	단독	12m미만	49.58	503	201804	26	13980	1955	도개길
4874042025	경상남도 창녕군 부곡면 청암리	3**	단독	8m미만	69.86	170	201804	11	6250	1991	청암2길
4874038021	경상남도 창녕군 영산면 서리	1**	단독	12m미만	123.29	211	201804	20	14000	1972	서리길
4874038028	경상남도 창녕군 영산면 월령리	3**	단독	8m미만	86.17	554	201804	3	22000	2017	솔고학동길
4874039021	경상남도 창녕군 장마면 강리	9**	단독	8m미만	95	846	201804	27	8500	1998	강리길
4874039027	경상남도 창녕군 장마면 동정리	1**	단독	8m미만	42.98	241	201804	2	900	1960	동정2길
4874039026	경상남도 창녕군 장마면 신구리	8**	단독	8m미만	65.58	646	201804	17	18500	2013	미구2길
4874025021	경상남도 창녕군 창녕읍 송현리	1**	단독	8m미만	39.67	159	201804	3	4250	1954	null
4874025025	경상남도 창녕군 창녕읍 술정리	1**	단독	8m미만	43.18	175	201804	30	6750	1972	남산골목길
4874025035	경상남도 창녕군 창녕읍 옥천리	9**	단독	8m미만	76.03	344	201804	9	9000	1959	하동길
4812510200	경상남도 창원마산합포구 교방동	3*	단독	8m미만	58.41	129	201804	6	7500	1973	교방동7길
4812510300	경상남도 창원마산합포구 교원동	1*	단독	12m미만	76.04	165	201804	18	40500	1975	교방동9길
4812510300	경상남도 창원마산합포구 교원동	1*	단독	8m미만	160.88	169	201804	24	20329	1992	null
4812511800	경상남도 창원마산합포구 산호동	2*	단독	8m미만	121.85	148.3	201804	2	33000	1977	산호북8길
4812511800	경상남도 창원마산합포구 산호동	3*	단독	8m미만	142.54	163	201804	19	28000	1977	산호서7길
4812511900	경상남도 창원마산합포구 상남동	1**	단독	8m미만	72.39	248	201804	6	16000	1990	노산남4길
4812512000	경상남도 창원마산합포구 서성동	*	단독	8m미만	30.41	165.3	201804	13	9000	1990	동서북5길
4812512100	경상남도 창원마산합포구 성호동	*	단독	8m미만	35.55	48	201804	11	2700	2001	교방남7길
4812512800	경상남도 창원마산합포구 완월동	2**	단독	8m미만	92.76	116	201804	2	6500	1974	완월동3길
4812512800	경상남도 창원마산합포구 완월동	3**	단독	-	66.15	119	201804	4	8300	1990	완월남3길
4812513400	경상남도 창원마산합포구 월영동	6**	단독	8m미만	102.75	110	201804	2	17000	1977	월영남5길
4812514000	경상남도 창원마산합포구 자산동	1**	단독	8m미만	17	83	201804	16	3700	1990	자산북3길
4812514000	경상남도 창원마산합포구 자산동	1**	단독	8m미만	54.05	102	201804	10	5400	1990	자산북3길
4812532026	경상남도 창원마산합포구 진동면 다구리	4**	단독	8m미만	67.06	206	201804	14	10400	1999	다구1길
4812532022	경상남도 창원마산합포구 진동면 신기리	2**	단독	8m미만	147.28	137	201804	19	7000	1990	신기남산길
4812533031	경상남도 창원마산합포구 진북면 망곡리	5**	단독	8m미만	159	496	201804	8	9000	2004	망곡길
4812534036	경상남도 창원마산합포구 진전면 고사리	5**	단독	8m미만	83	127	201804	2	5000	1990	의산삼일로
4812534033	경상남도 창원마산합포구 진전면 시락리	2**	단독	8m미만	92.34	383	201804	24	29840	2016	회진로
4812534027	경상남도 창원마산합포구 진전면 양촌리	7**	단독	8m미만	52.89	351	201804	15	6750	1990	대정5길
4812534023	경상남도 창원마산합포구 진전면 임곡리	3**	단독	8m미만	134.37	379	201804	9	18500	1993	진목길
4812515300	경상남도 창원마산합포구 창포동3가	*	단독	8m미만	18.7	56.2	201804	6	7000	1990	문화동13길
4812515300	경상남도 창원마산합포구 창포동3가	*	단독	8m미만	124.73	105.8	201804	5	12800	1996	문화동13길
4812710100	경상남도 창원마산회원구 구암동	2*	단독	12m미만	107.9	102.9	201804	13	15500	1982	구암남2길
4812710100	경상남도 창원마산회원구 구암동	1*	단독	12m미만	137.04	120.4	201804	26	18000	1993	구암서3길
4812710100	경상남도 창원마산회원구 구암동	8*	단독	8m미만	106.25	140.5	201804	13	18000	1979	구암남8길
4812710100	경상남도 창원마산회원구 구암동	1*	단독	12m미만	155.14	167.6	201804	23	30200	1986	구암서2길
4812725029	경상남도 창원마산회원구 내서읍 신감리	5**	단독	12m미만	82.5	252	201804	2	30800	2011	광려로
4812725025	경상남도 창원마산회원구 내서읍 중리	1***	단독	8m미만	96.15	174	201804	12	15700	1996	신평로
4812725023	경상남도 창원마산회원구 내서읍 호계리	4**	단독	12m미만	96.9	328	201804	18	36000	1996	호계본동2길
4812710400	경상남도 창원마산회원구 석전동	2**	단독	8m미만	59.77	103.5	201804	26	15500	1977	석전동1길
4812710400	경상남도 창원마산회원구 석전동	2**	단독	8m미만	137.31	132.5	201804	9	21000	1983	석전동3길
4812710400	경상남도 창원마산회원구 석전동	2**	단독	12m미만	156.47	139.1	201804	16	35000	1970	석전남9길
4812710500	경상남도 창원마산회원구 양덕동	1**	단독	8m미만	58.41	102.6	201804	17	14000	1977	양덕동5길
4812710500	경상남도 창원마산회원구 양덕동	7*	단독	8m미만	56.1	114.7	201804	9	10000	1975	산호천서길
4812710500	경상남도 창원마산회원구 양덕동	9*	단독	8m미만	113.11	120.4	201804	17	15000	1977	양덕북16길
4812710500	경상남도 창원마산회원구 양덕동	9*	단독	8m미만	118.48	122	201804	23	25169	1977	양덕북4길
4812710500	경상남도 창원마산회원구 양덕동	4*	단독	8m미만	71.47	125.4	201804	19	17000	1977	양덕동17길
4812710500	경상남도 창원마산회원구 양덕동	6*	단독	8m미만	68.59	145.85	201804	27	17000	1978	양덕남2길
4812710500	경상남도 창원마산회원구 양덕동	1**	단독	8m미만	133.19	172.7	201804	12	14500	1975	양덕북12길
4812710600	경상남도 창원마산회원구 합성동	2**	단독	12m미만	118.22	79.5	201804	9	15600	1997	합성남11길
4812710600	경상남도 창원마산회원구 합성동	2**	단독	8m미만	86.67	107	201804	9	13888	1982	합성남14길
4812710600	경상남도 창원마산회원구 합성동	2**	단독	8m미만	94.74	111.4	201804	24	14619	1979	합성남13길
4812710600	경상남도 창원마산회원구 합성동	7*	단독	8m미만	109.81	119.1	201804	13	15000	1978	합성북4길
4812710600	경상남도 창원마산회원구 합성동	1**	단독	8m미만	116.76	119.9	201804	28	17600	1979	합성서4길
4812710600	경상남도 창원마산회원구 합성동	2**	단독	12m미만	162.18	146	201804	10	25277	1977	합성남15길
4812710600	경상남도 창원마산회원구 합성동	2**	단독	12m미만	142.63	150.7	201804	14	29500	1983	합성남9길
4812710600	경상남도 창원마산회원구 합성동	1**	단독	12m미만	130.69	151.5	201804	2	31700	1978	합성남8길
4812710700	경상남도 창원마산회원구 회성동	1**	단독	8m미만	87.01	110	201804	2	13000	1999	송평로
4812710700	경상남도 창원마산회원구 회성동	4**	단독	12m미만	158.73	148.2	201804	2	25000	1988	회성남14길
4812710700	경상남도 창원마산회원구 회성동	4**	단독	25m미만	187.1	381	201804	19	68900	2013	북성로
4812710800	경상남도 창원마산회원구 회원동	6*	단독	8m미만	42.3	74.4	201804	17	5000	1983	회원동29길
4812710800	경상남도 창원마산회원구 회원동	4**	단독	8m미만	83.64	79	201804	30	19300	1992	회원남3길
4812710800	경상남도 창원마산회원구 회원동	*	단독	12m미만	41.78	95.9	201804	26	11800	1970	회원동31길
4812710800	경상남도 창원마산회원구 회원동	6**	단독	8m미만	108.44	108.8	201804	1	16800	1982	무학로
4812710800	경상남도 창원마산회원구 회원동	3*	단독	8m미만	53.02	113.1	201804	23	7600	1973	회원동14길
4812710800	경상남도 창원마산회원구 회원동	6**	단독	12m미만	162.44	184	201804	23	34000	1986	회원서10길
4812310500	경상남도 창원성산구 대방동	3**	단독	12m미만	461.2	641.8	201804	23	150000	2001	대암로145번길
4812312400	경상남도 창원성산구 반지동	3*	단독	12m미만	194.81	207.9	201804	9	33000	1984	창원천로234번길
4812313000	경상남도 창원성산구 사파동	2*	단독	12m미만	224.46	238.2	201804	2	65000	2004	비음로24번길
4812313000	경상남도 창원성산구 사파동	3*	단독	12m미만	257.74	260.2	201804	27	76005	2017	비음로27번길
4812312500	경상남도 창원성산구 중앙동	4*	단독	25m이상	290.4	318.7	201804	6	101000	2004	용지로
4812132027	경상남도 창원의창구 대산면 북부리	3**	단독	8m미만	219.2	1008	201804	20	39500	2001	대산북로895번길
4812112300	경상남도 창원의창구 대원동	*	단독	8m미만	63.4	190.3	201804	20	38500	1978	대원로86번길
4812125025	경상남도 창원의창구 동읍 덕산리	3**	단독	8m미만	102.8	314	201804	11	16700	1978	덕산길43번길
4812125040	경상남도 창원의창구 동읍 봉강리	7**	단독	8m미만	92.34	221	201804	20	8000	1997	동읍로1141번길
4812112400	경상남도 창원의창구 명서동	1**	단독	25m미만	229	244.3	201804	2	52000	2002	명서로
4812112400	경상남도 창원의창구 명서동	1**	단독	12m미만	236.91	250.5	201804	14	58000	2010	원이대로206번길
4812112400	경상남도 창원의창구 명서동	1**	단독	12m미만	173.47	254.9	201804	16	36700	1989	명지로93번길
4812112400	경상남도 창원의창구 명서동	2*	단독	25m이상	264	290.3	201804	28	50000	2012	태복산로
4812112400	경상남도 창원의창구 명서동	1**	단독	12m미만	296.22	316.3	201804	7	77000	2016	명지로103번길
4812112400	경상남도 창원의창구 명서동	1**	단독	25m미만	493.28	370.1	201804	28	67000	2001	우곡로
4812112700	경상남도 창원의창구 봉곡동	6*	단독	12m미만	263.43	279	201804	24	60200	2010	창이대로197번길
4812112700	경상남도 창원의창구 봉곡동	1**	단독	12m미만	195.41	279.7	201804	1	37500	1990	봉곡로54번길
4812131025	경상남도 창원의창구 북면 월백리	4**	단독	8m미만	81.42	333	201804	6	18000	2014	백월로277번길
4812131034	경상남도 창원의창구 북면 하천리	5**	단독	12m미만	54.12	295	201804	20	8500	2011	온천로
4812131026	경상남도 창원의창구 북면 화천리	1**	단독	8m미만	83.84	154	201804	18	12750	1988	천주로488번길
4812110300	경상남도 창원의창구 서상동	6**	단독	12m미만	409.95	218.6	201804	13	81000	2012	평산로163번길
4812110700	경상남도 창원의창구 소계동	7**	단독	25m미만	83.83	109.4	201804	23	19300	1983	금강로379번길
4812110700	경상남도 창원의창구 소계동	7**	단독	12m미만	35.87	110.5	201804	3	12000	1984	금강로355번길
4812110700	경상남도 창원의창구 소계동	7**	단독	12m미만	73.66	126.5	201804	26	18000	1986	금강로369번길
4812110400	경상남도 창원의창구 소답동	1**	단독	12m미만	400.6	225.4	201804	18	82000	2015	의창대로299번길
4812112600	경상남도 창원의창구 신월동	*	단독	12m미만	235.26	252.5	201804	25	59000	2004	신월로5번길
4812112800	경상남도 창원의창구 용호동	4*	단독	12m미만	254.97	228.9	201804	17	34500	1993	창이대로440번길
4812112800	경상남도 창원의창구 용호동	2*	단독	12m미만	254.71	241.5	201804	11	35000	1996	창이대로464번길
4812913900	경상남도 창원진해구 경화동	1***	단독	8m미만	85.66	185.8	201804	24	24000	1977	충장로289번길
4812913900	경상남도 창원진해구 경화동	1***	단독	12m미만	115.61	196.4	201804	23	19100	1977	경화로21번길
4812915000	경상남도 창원진해구 남문동	8**	단독	8m미만	68	255	201804	28	16600	1950	웅천중로50번길
4812916100	경상남도 창원진해구 두동	1***	단독	12m미만	107.08	980	201804	23	83858	2015	null
4812915800	경상남도 창원진해구 마천동	1**	단독	8m미만	69.75	274	201804	23	21500	1990	마천로103번길
4812914700	경상남도 창원진해구 북부동	4**	단독	12m미만	36.07	238	201804	1	17872	1964	웅천북로39번길
4812911600	경상남도 창원진해구 속천동	*	단독	25m미만	95.04	159.2	201804	16	32500	1950	태평로
4812916300	경상남도 창원진해구 안골동	6**	단독	8m미만	59.5	150	201804	20	7500	1976	안골로220번나길
4812916300	경상남도 창원진해구 안골동	3**	단독	12m미만	240.7	204.8	201804	30	27100	2003	안청로42번길
4812916300	경상남도 창원진해구 안골동	2**	단독	8m미만	97.86	211	201804	19	19200	1998	안골로220번가길
4812913700	경상남도 창원진해구 여좌동	7**	단독	8m미만	44.63	132.2	201804	2	14000	1971	여명로
4812913700	경상남도 창원진해구 여좌동	4*	단독	12m미만	197.98	173.2	201804	15	23200	1977	여좌로99번길
4812913700	경상남도 창원진해구 여좌동	9*	단독	8m미만	177.22	212.9	201804	28	28800	1985	여좌로89번길
4812914100	경상남도 창원진해구 이동	3*	단독	8m미만	59.85	136	201804	10	8300	1993	충장로419번길
4812914100	경상남도 창원진해구 이동	5**	단독	8m미만	83.63	147	201804	3	18000	1989	충장로364번나길
4812914200	경상남도 창원진해구 자은동	8**	단독	8m미만	118.16	163	201804	10	25600	2007	동진로
4812911500	경상남도 창원진해구 제황산동	2*	단독	8m미만	112.03	169	201804	16	5900	1975	제황로
4812910500	경상남도 창원진해구 현동	1*	단독	12m미만	120.51	125	201804	11	17500	1988	여명로25번라길
4822034024	경상남도 통영시 광도면 죽림리	1***	다가구	25m미만	454.9	198.6	201804	11	100000	2013	죽림해안로
4822034024	경상남도 통영시 광도면 죽림리	1***	단독	12m미만	65.91	258	201804	26	16930	1989	홀리1길
4822034026	경상남도 통영시 광도면 황리	1***	단독	8m미만	27	348	201804	25	6000	2014	안정로
4822011400	경상남도 통영시 당동	3**	단독	12m미만	23.14	60	201804	19	5500	1939	통영해안로
4822011700	경상남도 통영시 도남동	3**	단독	8m미만	64.26	119	201804	3	6500	1984	데메3길
4822033023	경상남도 통영시 도산면 법송리	1***	단독	8m미만	27.6	174	201804	20	5500	1959	도산일주로
4822033023	경상남도 통영시 도산면 법송리	7**	단독	8m미만	50.8	197	201804	6	3000	1927	법송상촌길
4822033021	경상남도 통영시 도산면 원산리	4**	단독	8m미만	55	305.3	201804	6	5170	1960	오산길
4822033026	경상남도 통영시 도산면 저산리	1**	단독	8m미만	39.37	288	201804	18	9000	2016	저산동촌길
4822010100	경상남도 통영시 도천동	1**	단독	8m미만	96.29	101.5	201804	11	14100	1997	중앙로
4822010100	경상남도 통영시 도천동	1**	단독	8m미만	65.45	288	201804	16	5800	1974	솔개3길
4822010800	경상남도 통영시 동호동	1**	단독	8m미만	62.81	46	201804	13	28500	1936	동피랑길
4822010300	경상남도 통영시 명정동	2**	단독	8m미만	16.62	35	201804	24	1600	2014	충렬1길
4822010300	경상남도 통영시 명정동	4**	단독	8m미만	38.15	41	201804	8	3900	1973	명정4길
4822010300	경상남도 통영시 명정동	3**	단독	8m미만	143.43	172	201804	27	18800	1983	충렬4길
4822011100	경상남도 통영시 무전동	2**	단독	8m미만	90.14	184	201804	28	21000	2004	미나리2길
4822010600	경상남도 통영시 문화동	3**	단독	8m미만	57.13	76	201804	18	6800	1993	충렬1길
4822011000	경상남도 통영시 북신동	5*	단독	8m미만	72.43	128	201804	9	8300	1978	북신2길
4822037021	경상남도 통영시 사량면 금평리	5**	단독	8m미만	59.5	294	201804	20	5000	1981	대항길
4822025028	경상남도 통영시 산양읍 곤리리	1**	단독	8m미만	84.25	205	201804	14	5000	1995	곤리길
4822025027	경상남도 통영시 산양읍 풍화리	2**	단독	8m미만	57.12	109	201804	23	6800	1984	양화길
4822035024	경상남도 통영시 욕지면 노대리	1*	단독	8m미만	40.98	192	201804	16	1500	1942	탄항길
4822035024	경상남도 통영시 욕지면 노대리	1**	단독	8m미만	27.1	469	201804	30	2000	1969	산등길
4822035023	경상남도 통영시 욕지면 연화리	*	단독	8m미만	99.36	302	201804	29	9750	2007	동두길
4822035023	경상남도 통영시 욕지면 연화리	1**	단독	-	57.5	354	201804	24	10700	1968	십리골길
4822031021	경상남도 통영시 용남면 화삼리	8**	단독	12m미만	49.32	99	201804	2	9740	1983	화포1길
4822011300	경상남도 통영시 인평동	1**	단독	8m미만	112.68	104	201804	20	8000	2000	한실1길
4822010900	경상남도 통영시 정량동	8**	단독	8m미만	56.53	166	201804	16	3300	1978	망일2길
4822010500	경상남도 통영시 중앙동	1**	단독	8m미만	99.9	188	201804	11	10000	1981	창동2길
4822010700	경상남도 통영시 태평동	4**	단독	8m미만	12.56	66	201804	17	2000	1936	동피랑길
4822010700	경상남도 통영시 태평동	1**	단독	8m미만	50.36	93	201804	13	5900	1988	중앙로
4822036022	경상남도 통영시 한산면 염호리	2**	단독	8m미만	48.27	314	201804	6	5000	1934	대고포길
4822036022	경상남도 통영시 한산면 염호리	6**	단독	8m미만	78.3	407	201804	13	3000	1993	관암길
4822010400	경상남도 통영시 항남동	2**	단독	12m미만	158.58	60	201804	6	31000	2000	동충4길
4885035022	경상남도 하동군 고전면 성천리	1***	단독	8m미만	40	344	201804	29	4000	1977	지소1길
4885036024	경상남도 하동군 금남면 노량리	7**	단독	12m미만	36.6	43	201804	13	11700	1954	노량해안길
4885036022	경상남도 하동군 금남면 중평리	6**	단독	8m미만	80.7	559	201804	27	5000	2009	광진터길
4885036028	경상남도 하동군 금남면 진정리	*	단독	8m미만	87.06	344	201804	23	8900	2005	금오길
4885042021	경상남도 하동군 금성면 가덕리	1***	단독	12m미만	66.11	385	201804	19	11900	2018	광포길
4885042024	경상남도 하동군 금성면 갈사리	7**	단독	8m미만	61.2	206	201804	20	4300	1987	명선길
4885042023	경상남도 하동군 금성면 고포리	5**	단독	8m미만	42.56	142	201804	19	3000	1950	고포마을길
4885039023	경상남도 하동군 북천면 직전리	6**	단독	8m미만	59.7	1174	201804	26	11700	1946	계산길
4885032029	경상남도 하동군 악양면 매계리	5**	단독	8m미만	133.5	649	201804	2	29600	2010	매계1길
4885032026	경상남도 하동군 악양면 중대리	4**	단독	8m미만	71.08	263	201804	27	2000	1967	하중대길
4885041023	경상남도 하동군 옥종면 두양리	5**	단독	8m미만	74.8	803	201804	16	3880	1994	두양길
4885041032	경상남도 하동군 옥종면 양구리	*	단독	8m미만	52.8	493	201804	30	5500	1956	옥수로
4885033026	경상남도 하동군 적량면 고절리	5**	단독	8m미만	71.5	131	201804	20	3500	1973	고석길
4885025027	경상남도 하동군 하동읍 화심리	2**	단독	8m미만	131.43	467	201804	10	16000	2006	화심안길
4885034021	경상남도 하동군 횡천면 전대리	1***	단독	8m미만	61.32	744	201804	10	10500	2011	전대2길
4873025021	경상남도 함안군 가야읍 말산리	4*	단독	12m미만	46.28	99	201804	5	8400	1999	가야20길
4873025021	경상남도 함안군 가야읍 말산리	1**	단독	8m미만	72.21	138	201804	23	13500	1985	중앙남3길
4873025021	경상남도 함안군 가야읍 말산리	1**	단독	8m미만	140.38	191	201804	20	17500	1997	중앙남3길
4873025021	경상남도 함안군 가야읍 말산리	3**	단독	8m미만	39.67	212	201804	15	8700	1982	고분1길
4873025031	경상남도 함안군 가야읍 산서리	6**	단독	8m미만	103.33	527	201804	17	29500	2016	산서7길
4873032021	경상남도 함안군 군북면 덕대리	2**	단독	8m미만	53.94	241	201804	25	3600	1982	지두3길
4873032025	경상남도 함안군 군북면 사촌리	2**	단독	8m미만	152.06	1045	201804	22	26000	1995	사촌5길
4873032023	경상남도 함안군 군북면 소포리	1***	단독	8m미만	124.35	420	201804	9	20000	1980	소포4길
4873032032	경상남도 함안군 군북면 월촌리	1***	단독	8m미만	33.72	112	201804	20	5000	1993	정암1길
4873032032	경상남도 함안군 군북면 월촌리	1***	단독	8m미만	115.74	264	201804	10	11000	1998	월촌3길
4873034027	경상남도 함안군 대산면 구혜리	3**	단독	8m미만	49.59	125	201804	9	1500	1983	대산중앙3길
4873033027	경상남도 함안군 법수면 백산리	6**	단독	12m미만	89.26	287	201804	26	2170	1982	백산길
4873035028	경상남도 함안군 칠서면 용성리	3*	단독	12m미만	66.12	93	201804	2	3500	1990	null
4873035028	경상남도 함안군 칠서면 용성리	3*	단독	8m미만	118.04	445	201804	26	16800	1980	삼칠로
4873025323	경상남도 함안군 칠원읍 유원리	4**	단독	8m미만	209.9	887	201804	5	30554	2006	유원안길
4873031022	경상남도 함안군 함안면 북촌리	1**	단독	8m미만	85	355	201804	9	2000	1981	정동길
4887031025	경상남도 함양군 마천면 강청리	3**	단독	8m미만	148.92	832	201804	3	17650	2014	강청길
4887031024	경상남도 함양군 마천면 삼정리	7**	단독	8m미만	55.93	149	201804	20	5000	2010	양정길
4887039028	경상남도 함양군 백전면 경백리	4**	단독	8m미만	85.16	653	201804	2	21300	2012	null
4887037021	경상남도 함양군 서하면 송계리	1***	단독	12m미만	60.42	66	201804	26	6800	1995	함양남서로
4887037021	경상남도 함양군 서하면 송계리	1***	단독	8m미만	64.43	227	201804	17	4000	2009	송계앞길
4887037022	경상남도 함양군 서하면 운곡리	6**	단독	8m미만	39.6	139	201804	17	1453	1924	은행길
4887037022	경상남도 함양군 서하면 운곡리	1***	단독	8m미만	79.81	313	201804	18	3000	1996	운곡길
4887034027	경상남도 함양군 수동면 우명리	3**	단독	8m미만	161.44	235	201804	26	5000	1996	구라동구길
4887036025	경상남도 함양군 안의면 황곡리	1***	단독	8m미만	94.59	495	201804	4	18900	2005	당산길
4887033026	경상남도 함양군 유림면 국계리	1**	단독	8m미만	49.57	209	201804	15	3000	1926	국계길
4887033021	경상남도 함양군 유림면 손곡리	1***	단독	8m미만	85.5	652	201804	4	14100	2008	손곡길
4887033024	경상남도 함양군 유림면 화촌리	6**	단독	8m미만	73.83	258	201804	20	10000	2015	화촌뒷길
4887025024	경상남도 함양군 함양읍 교산리	8**	단독	8m미만	59.5	281	201804	5	19500	1940	원교1길
4887025034	경상남도 함양군 함양읍 구룡리	1***	단독	8m미만	91.98	590	201804	27	20700	2016	함양로607번길
4887025025	경상남도 함양군 함양읍 신천리	1**	단독	8m미만	95.41	459	201804	13	6000	2008	평촌앞길
4887025033	경상남도 함양군 함양읍 웅곡리	3**	단독	12m미만	83.46	522	201804	25	19200	2010	대실곰실로
4887025029	경상남도 함양군 함양읍 이은리	2**	단독	8m미만	29.75	112	201804	25	3450	1946	인당2길
4887025035	경상남도 함양군 함양읍 죽림리	1***	단독	8m미만	97.56	563	201804	24	5200	2003	삼봉로
4887032029	경상남도 함양군 휴천면 운서리	6**	단독	8m미만	65.3	530	201804	15	15100	2015	null
4889033031	경상남도 합천군 가야면 황산리	8**	단독	8m미만	69	231	201804	9	4500	1999	청량동길
4889041025	경상남도 합천군 대양면 덕정리	7**	단독	8m미만	132.23	661	201804	25	1700	1945	대한로
4889041022	경상남도 합천군 대양면 아천리	4**	단독	8m미만	29.75	124	201804	13	1200	1951	아천길
4889043027	경상남도 합천군 삼가면 금리	6**	단독	8m미만	50.13	103	201804	23	3341	1995	금리3길
4889043027	경상남도 합천군 삼가면 금리	6**	단독	12m미만	72.72	119	201804	30	7000	1940	삼가1로
4889042022	경상남도 합천군 쌍백면 육리	6**	단독	8m미만	87.05	743	201804	3	4000	1995	묵골4길
4889034029	경상남도 합천군 야로면 매촌리	3**	단독	8m미만	69.3	215	201804	13	1500	1946	매촌2길
4889046037	경상남도 합천군 용주면 가호리	4**	단독	8m미만	71	311	201804	28	5900	1999	가호1길
4889046026	경상남도 합천군 용주면 손목리	4**	단독	8m미만	86.98	374	201804	12	5700	1999	손목3길
4889035027	경상남도 합천군 율곡면 와리	6**	단독	8m미만	67.38	377	201804	10	1200	1976	원촌길
4889035027	경상남도 합천군 율곡면 와리	6**	단독	8m미만	26.45	398	201804	13	4600	1957	원촌길
4889040021	경상남도 합천군 적중면 죽고리	6**	단독	8m미만	49.5	509	201804	16	5000	1967	황강옥전로
4889039033	경상남도 합천군 청덕면 가현리	3**	단독	8m미만	55	105	201804	29	500	1953	가현길
4889039025	경상남도 합천군 청덕면 앙진리	3**	단독	8m미만	28.8	381	201804	12	1750	1954	앙진길
4889036028	경상남도 합천군 초계면 관평리	3**	단독	8m미만	69.75	218	201804	20	6100	1981	관평1길
4889036028	경상남도 합천군 초계면 관평리	5**	단독	8m미만	42.98	431	201804	4	3200	1956	관평길
4889036025	경상남도 합천군 초계면 상대리	4**	단독	8m미만	79.35	572	201804	9	3000	1971	하남1길
4889025021	경상남도 합천군 합천읍 합천리	5**	단독	12m미만	106.1	132	201804	1	8000	1981	동서로
4729011600	경상북도 경산시 계양동	6**	단독	8m미만	191.16	172.8	201804	10	17200	1996	백양로
4729035030	경상북도 경산시 남산면 우검리	4*	단독	8m미만	74.94	397	201804	20	10000	1999	대왕로
4729035034	경상북도 경산시 남산면 전지리	*	단독	8m미만	237.61	661	201804	2	42000	2001	프라임밸리길
4729011300	경상북도 경산시 대정동	6**	단독	8m미만	56.46	799	201804	26	52500	1983	대정길7길
4729011200	경상북도 경산시 대평동	4**	단독	12m미만	135.5	270.2	201804	11	43500	2007	대평길1길
4729012600	경상북도 경산시 사동	5**	단독	12m미만	368.64	254.2	201804	12	27500	2000	계양로16길
4729010800	경상북도 경산시 사정동	9*	단독	8m미만	52.3	122	201804	17	11000	1978	삼성현로37길
4729010800	경상북도 경산시 사정동	7*	단독	8m미만	72.3	132	201804	2	16500	1981	중앙로2길
4729010300	경상북도 경산시 서상동	1**	단독	12m미만	61.35	294	201804	19	43610	1960	경안로17길
4729025625	경상북도 경산시 압량읍 금구리	4**	단독	8m미만	70.9	330	201804	5	19000	2016	금구길24길
4729025632	경상북도 경산시 압량읍 당음리	3**	단독	8m미만	23.8	268	201804	5	12900	1938	당음길8길
4729025621	경상북도 경산시 압량읍 부적리	3**	단독	8m미만	62.11	139	201804	3	16000	1980	압량시장길
4729025621	경상북도 경산시 압량읍 부적리	5**	단독	8m미만	68.39	148	201804	4	19700	1979	화랑로59길
4729025621	경상북도 경산시 압량읍 부적리	6**	단독	8m미만	59.16	198	201804	12	15000	1960	부적길
4729010700	경상북도 경산시 옥곡동	8**	다가구	12m미만	313.52	210	201804	4	59000	2008	경산로16길
4729010900	경상북도 경산시 옥산동	8**	단독	12m미만	320.66	179.8	201804	18	40000	1996	성암로12길
4729031033	경상북도 경산시 와촌면 강학리	3**	단독	8m미만	185.55	639	201804	28	20500	1999	강학길
4729031024	경상북도 경산시 와촌면 용천리	5**	단독	8m미만	30.1	407	201804	12	5000	1900	용천길
4729031034	경상북도 경산시 와촌면 음양리	8**	단독	8m미만	151.12	640	201804	17	50000	2018	팔공로
4729031034	경상북도 경산시 와촌면 음양리	5**	단독	8m미만	147.13	943	201804	30	61500	2018	음양1길
4729034026	경상북도 경산시 용성면 곡란리	4**	단독	8m미만	72.99	89.25	201804	3	1300	1990	곡란1길
4729011400	경상북도 경산시 임당동	6**	다가구	8m미만	352.6	206	201804	27	31800	2009	둥지로10길
4729011400	경상북도 경산시 임당동	5**	단독	8m미만	310.72	184.4	201804	23	28000	2003	둥지로21길
4729033022	경상북도 경산시 자인면 서부리	2**	단독	8m미만	43	337	201804	20	16000	1940	자인시장길
4729033025	경상북도 경산시 자인면 읍천리	8*	단독	12m미만	115.51	670	201804	8	18500	1999	금박로
4729011700	경상북도 경산시 중방동	2**	단독	8m미만	69.62	142	201804	27	21500	1979	경안로43길
4729011700	경상북도 경산시 중방동	2**	단독	8m미만	301.19	156	201804	30	57800	2016	중앙로19길
4729011700	경상북도 경산시 중방동	4**	단독	-	33.39	182	201804	5	19836	1915	중앙초등길
4729011700	경상북도 경산시 중방동	4**	단독	8m미만	67.71	195	201804	5	24260	1985	null
4729011700	경상북도 경산시 중방동	8**	단독	8m미만	436.14	204.3	201804	1	84418	2018	원효로7길
4729025329	경상북도 경산시 진량읍 내리리	2**	다가구	8m미만	527.52	318	201804	11	73990	2014	진량내리길
4729025323	경상북도 경산시 진량읍 보인리	2**	단독	8m미만	115.69	295	201804	23	20000	1983	보인길
4729025324	경상북도 경산시 진량읍 봉회리	1**	단독	8m미만	146.73	240	201804	15	19000	1993	봉회1길
4729025326	경상북도 경산시 진량읍 부기리	4**	다가구	8m미만	402.18	231	201804	4	22000	1997	대부길
4729025328	경상북도 경산시 진량읍 상림리	1**	단독	8m미만	294.12	181	201804	7	16900	1995	상림길
4729025021	경상북도 경산시 하양읍 금락리	1**	다가구	8m미만	277.43	199	201804	12	80000	2018	아낙고개길
4729025021	경상북도 경산시 하양읍 금락리	1**	다가구	8m미만	469.78	241	201804	12	85000	2018	아낙고개길
4729025036	경상북도 경산시 하양읍 대조리	7**	단독	8m미만	52.2	654	201804	6	12000	1972	화성로
4729025035	경상북도 경산시 하양읍 환상리	2**	단독	8m미만	53.31	232	201804	8	12668	1979	환소길
4713025021	경상북도 경주시 감포읍 대본리	5**	단독	8m미만	27.52	698	201804	2	14500	1960	동해안로
4713037026	경상북도 경주시 강동면 유금리	1***	단독	8m미만	29.5	239	201804	27	9400	2011	강동로
4713037030	경상북도 경주시 강동면 인동리	5**	단독	8m미만	52.5	529	201804	11	9250	1979	인좌안길
4713025630	경상북도 경주시 건천읍 금척리	1**	단독	8m미만	36.36	450	201804	2	4279	1935	내서로
4713025627	경상북도 경주시 건천읍 모량리	6**	단독	12m미만	64.33	424	201804	20	6000	1983	모량방내길
4713025627	경상북도 경주시 건천읍 모량리	1**	단독	25m미만	114	434	201804	11	40000	2018	null
4713025623	경상북도 경주시 건천읍 신평리	1***	단독	12m미만	36.36	340	201804	7	4050	1935	천포신평길
4713012200	경상북도 경주시 구황동	8**	단독	8m미만	45.1	241	201804	19	25500	1975	임해로96번길
4713012200	경상북도 경주시 구황동	8**	단독	8m미만	74.89	413	201804	13	60000	1930	임해로96번길
4713012000	경상북도 경주시 남산동	1***	단독	8m미만	66.42	632	201804	11	34000	2011	남산예길
4713033033	경상북도 경주시 내남면 비지리	4*	단독	8m미만	105.12	850	201804	30	11400	2000	석화길
4713033023	경상북도 경주시 내남면 월산리	1***	단독	8m미만	99.77	294	201804	2	13600	2007	월산길
4713033023	경상북도 경주시 내남면 월산리	1***	단독	8m미만	177.24	399	201804	16	15000	2004	월산길
4713012600	경상북도 경주시 동천동	7**	단독	8m미만	64.8	110	201804	17	14400	1990	양정로216번길
4713012600	경상북도 경주시 동천동	9**	단독	12m미만	255.99	166.6	201804	2	45000	1995	초당길55번길
4713012600	경상북도 경주시 동천동	5**	단독	8m미만	318.06	198	201804	18	57500	2016	알천북로249번길
4713012600	경상북도 경주시 동천동	5**	단독	8m미만	446.59	258	201804	16	63600	2017	대안길
4713013200	경상북도 경주시 마동	7**	단독	8m미만	87.17	424	201804	4	16700	2011	광산길
4713013200	경상북도 경주시 마동	7**	단독	8m미만	99.25	496	201804	4	19980	2011	광산길
4713013200	경상북도 경주시 마동	7**	단독	8m미만	149.1	496	201804	4	22000	2011	광산길
4713012100	경상북도 경주시 배반동	1***	단독	8m미만	39.3	285	201804	23	14000	1950	갯마을길
4713014000	경상북도 경주시 북군동	3**	단독	8m미만	476.7	869	201804	25	65000	2003	북군4길
4713014000	경상북도 경주시 북군동	3**	단독	8m미만	653.39	943	201804	25	80000	2003	null
4713010300	경상북도 경주시 북부동	5*	단독	8m미만	27	178	201804	10	16318	1949	봉황로102번길
4713010900	경상북도 경주시 사정동	1**	단독	8m미만	36.09	109	201804	6	19300	1974	첨성로49번길
4713010900	경상북도 경주시 사정동	1**	단독	12m미만	103.01	190	201804	20	68500	1978	사정로50번길
4713010900	경상북도 경주시 사정동	*	단독	25m이상	162.64	212	201804	10	54000	1983	태종로
4713010900	경상북도 경주시 사정동	2*	단독	8m미만	69.09	258	201804	27	59000	1976	사정로57번길
4713034023	경상북도 경주시 산내면 외칠리	1*	단독	12m미만	115.91	1488	201804	2	15000	1997	단석로
4713035023	경상북도 경주시 서면 도계리	6**	단독	8m미만	46	281	201804	11	1200	1970	도계서오길
4713035022	경상북도 경주시 서면 아화리	5**	단독	8m미만	72.21	346	201804	4	6400	1982	아화4길
4713035022	경상북도 경주시 서면 아화리	1**	단독	8m미만	245.78	883	201804	16	32400	2011	내서로
4713010200	경상북도 경주시 서부동	*	단독	8m미만	62.03	165	201804	2	11400	1978	북성로51번길
4713014400	경상북도 경주시 석장동	8**	단독	8m미만	59.7	208	201804	5	25000	1930	석장1길
4713014400	경상북도 경주시 석장동	7**	단독	8m미만	493.26	796	201804	30	40319	1997	석장1길
4713010800	경상북도 경주시 성건동	1**	단독	8m미만	60.69	149	201804	6	14500	1976	금성로347번길
4713010800	경상북도 경주시 성건동	6**	단독	8m미만	313.14	193	201804	13	39850	2001	국민주택길
4713010800	경상북도 경주시 성건동	6**	단독	8m미만	106.74	195	201804	28	23000	1981	북문로75번길
4713010800	경상북도 경주시 성건동	1**	단독	12m미만	401.6	235	201804	12	77000	2017	북성로
4713012900	경상북도 경주시 시동	4**	단독	8m미만	29.75	403	201804	9	3000	1910	시동로
4713013000	경상북도 경주시 시래동	3**	단독	8m미만	84.1	50	201804	5	25000	1994	불국장터길
4713013000	경상북도 경주시 시래동	7*	단독	8m미만	123.44	446	201804	23	21200	1997	구매안길
4713025322	경상북도 경주시 안강읍 사방리	1**	단독	8m미만	68.4	229	201804	21	8400	1997	밭마을1길
4713025332	경상북도 경주시 안강읍 산대리	9**	단독	8m미만	74.4	288	201804	2	8640	1950	구부랑1길
4713025333	경상북도 경주시 안강읍 안강리	3**	단독	12m미만	98.75	191	201804	6	18460	2014	북부리2길
4713025333	경상북도 경주시 안강읍 안강리	3**	단독	8m미만	66.11	437	201804	5	7300	1956	북부리1길
4713025334	경상북도 경주시 안강읍 양월리	3**	단독	8m미만	81.09	204	201804	30	21000	2014	창말2길
4713025334	경상북도 경주시 안강읍 양월리	3**	단독	8m미만	163.79	517	201804	20	16400	1993	창말3길
4713032027	경상북도 경주시 양남면 신대리	3**	단독	8m미만	99.49	415	201804	30	17450	2009	서왕길
4713032023	경상북도 경주시 양남면 신서리	4**	단독	8m미만	86.94	654	201804	30	26500	2000	다곡길
4713032025	경상북도 경주시 양남면 효동리	9*	다가구	8m미만	74.88	438	201804	30	5700	2006	명대길
4713032025	경상북도 경주시 양남면 효동리	9*	다가구	8m미만	134.56	506	201804	30	25000	2008	명대길
4713031021	경상북도 경주시 양북면 어일리	1***	단독	8m미만	83.4	120	201804	6	9500	1993	어일3길
4713025933	경상북도 경주시 외동읍 방어리	6**	단독	12m미만	90.54	534	201804	16	9600	1990	영지로
4713025921	경상북도 경주시 외동읍 입실리	9**	단독	12m미만	45	32	201804	7	4700	1937	입실로3길
4713038025	경상북도 경주시 천북면 동산리	4**	단독	25m미만	74.51	411	201804	10	19000	1955	동산3길
4713038028	경상북도 경주시 천북면 모아리	6**	단독	8m미만	75.52	227	201804	30	12000	1985	산업로
4713038028	경상북도 경주시 천북면 모아리	2**	단독	8m미만	48.6	380	201804	30	9800	1939	모아안길
4713038026	경상북도 경주시 천북면 화산리	7**	단독	8m미만	95.99	417	201804	15	14000	2002	새터흥림길
4713011400	경상북도 경주시 충효동	3**	단독	8m미만	121.38	108	201804	4	19000	2004	충효5길
4713012700	경상북도 경주시 평동	3**	단독	8m미만	76.77	301	201804	16	14900	2010	수남길
4713013300	경상북도 경주시 하동	1**	단독	8m미만	173.74	496	201804	19	40000	2013	보불로
4713013300	경상북도 경주시 하동	6*	단독	8m미만	188.74	998	201804	9	41000	2003	하동2길
4713036021	경상북도 경주시 현곡면 라원리	1***	단독	8m미만	54.06	456	201804	24	17500	1993	나원1길
4713011000	경상북도 경주시 황남동	2**	단독	8m미만	23.04	69	201804	16	19100	1973	사정로57번길
4713011000	경상북도 경주시 황남동	2**	단독	12m미만	52.56	116	201804	30	31410	1976	사정로57번길
4713011000	경상북도 경주시 황남동	4**	단독	25m미만	56.96	122	201804	4	20000	1976	포석로
4713011000	경상북도 경주시 황남동	3**	단독	8m미만	54	145	201804	23	31600	1972	첨성로73번길
4713011000	경상북도 경주시 황남동	2**	단독	8m미만	67.14	159	201804	14	41000	1973	사정로57번길
4713011000	경상북도 경주시 황남동	3**	단독	8m미만	80.2	227	201804	30	59000	1979	첨성로73번길
4713012400	경상북도 경주시 황성동	2**	단독	8m미만	106.85	154	201804	10	14500	2001	원지길14번길
4713012400	경상북도 경주시 황성동	2**	단독	8m미만	74.8	163	201804	20	15000	1979	원지길14번길
4713010500	경상북도 경주시 황오동	3*	단독	8m미만	94.35	117	201804	5	19700	1979	원효로207번길
4713010500	경상북도 경주시 황오동	2*	단독	8m미만	55.29	165	201804	18	14400	1977	원효로207번길
4713010500	경상북도 경주시 황오동	5*	단독	8m미만	81.02	192	201804	9	19000	1982	원효로213번길
4713010500	경상북도 경주시 황오동	1**	단독	8m미만	102.44	344	201804	9	30000	1955	동성로
4713011600	경상북도 경주시 효현동	7**	단독	8m미만	238.38	678	201804	6	38140	1997	와산2길
4783035040	경상북도 고령군 개진면 부리	3**	단독	8m미만	72.6	597	201804	18	16300	1930	가암길
4783034039	경상북도 고령군 다산면 벌지리	1***	단독	8m미만	39.87	119	201804	12	5700	2007	벌지2길
4783034031	경상북도 고령군 다산면 평리리	2**	단독	8m미만	55.7	116	201804	5	4830	1955	다산중앙길
4783025333	경상북도 고령군 대가야읍 내곡리	4**	단독	8m미만	26.4	264	201804	6	4000	1958	도계길
4783025325	경상북도 고령군 대가야읍 연조리	2**	단독	8m미만	56.2	406	201804	2	12500	1928	연조1길
4783031031	경상북도 고령군 덕곡면 가륜리	2**	단독	12m미만	49.5	102	201804	9	3100	1960	덕운로
4783031037	경상북도 고령군 덕곡면 본리리	4*	단독	8m미만	70.97	231	201804	6	10000	2017	인곡1길
4783031035	경상북도 고령군 덕곡면 옥계리	1**	단독	8m미만	98.41	495	201804	7	15500	2009	무릉동길
4783031036	경상북도 고령군 덕곡면 용흥리	1**	단독	8m미만	90.53	470	201804	26	10508	2016	용흥길
4783033045	경상북도 고령군 성산면 고탄리	1**	단독	12m미만	425.1	1542	201804	3	80000	2013	운성로
4783037050	경상북도 고령군 쌍림면 고곡리	9**	단독	8m미만	59.5	391	201804	23	5400	1943	죽성길
4783037038	경상북도 고령군 쌍림면 송림리	1**	단독	8m미만	203.19	575	201804	30	12000	1995	송림2길
4783037048	경상북도 고령군 쌍림면 안화리	9*	단독	8m미만	99.8	659	201804	17	24200	2011	안화1길
4783037051	경상북도 고령군 쌍림면 월막리	3**	단독	8m미만	100.66	493	201804	24	5900	1983	국밭길
4783036042	경상북도 고령군 우곡면 대곡리	5**	단독	8m미만	84.1	502	201804	17	13800	2007	한실길
4783036037	경상북도 고령군 우곡면 봉산리	9**	단독	8m미만	58	265	201804	24	2400	1927	봉산길
4783032031	경상북도 고령군 운수면 대평리	9**	단독	8m미만	83.5	360	201804	9	5750	1994	흑수길
4719012700	경상북도 구미시 거의동	3**	다가구	12m미만	542.7	303	201804	12	83000	2015	대학로3길
4719025333	경상북도 구미시 고아읍 다식리	1**	단독	8m미만	47.6	222	201804	5	3500	1970	다평길
4719025326	경상북도 구미시 고아읍 신촌리	2**	단독	8m미만	89.91	683	201804	2	12800	1995	신촌2길
4719011400	경상북도 구미시 광평동	5**	다가구	8m미만	540.3	267	201804	13	56350	2008	구미대로14길
4719011400	경상북도 구미시 광평동	3**	다가구	25m미만	592.95	334	201804	28	56000	2008	박정희로25길
4719011400	경상북도 구미시 광평동	1**	단독	25m미만	128.73	166	201804	2	20000	1988	화신로
4719012000	경상북도 구미시 구평동	4**	단독	12m미만	352.77	183.6	201804	14	48500	2013	인동48길
4719012000	경상북도 구미시 구평동	4**	단독	12m미만	325.76	187.2	201804	13	19500	2003	인동46길
4719012000	경상북도 구미시 구평동	4**	단독	12m미만	325.5	187.7	201804	11	21500	2003	인동북길
4719010800	경상북도 구미시 남통동	9*	단독	8m미만	141.42	165	201804	10	28500	1979	금오산로26길
4719010800	경상북도 구미시 남통동	1**	단독	25m이상	140.42	404	201804	19	125000	1982	금오산로
4719033022	경상북도 구미시 도개면 동산리	2**	단독	-	66	324	201804	6	3000	1958	동산1길
4719010300	경상북도 구미시 도량동	7**	단독	12m미만	564.89	288	201804	11	52500	2008	문장로14길
4719010400	경상북도 구미시 봉곡동	4**	단독	12m미만	440.28	260.3	201804	5	35000	2002	봉곡로12길
4719010400	경상북도 구미시 봉곡동	2**	단독	12m미만	548.66	300	201804	19	50000	2007	봉곡남로21길
4719010400	경상북도 구미시 봉곡동	4**	단독	12m미만	633.76	347.1	201804	19	55000	2007	봉곡남로20길
4719010400	경상북도 구미시 봉곡동	1**	단독	8m미만	151.65	557	201804	4	43000	2015	야은로9길
4719011500	경상북도 구미시 사곡동	2**	단독	12m미만	487.81	267	201804	26	54000	2007	사곡로5길
4719011500	경상북도 구미시 사곡동	7**	단독	12m미만	479.96	283	201804	7	41000	2004	사곡로2길
4719011500	경상북도 구미시 사곡동	4**	단독	8m미만	629.87	345	201804	23	90000	2016	상사서로25길
4719035021	경상북도 구미시 산동면 동곡리	2*	단독	8m미만	104.31	563	201804	10	31500	2017	강동로
4719011600	경상북도 구미시 상모동	2*	단독	12m미만	455.97	215.8	201804	10	46000	2006	상모로4길
4719025023	경상북도 구미시 선산읍 노상리	1**	단독	8m미만	62.3	245	201804	2	6300	1969	선주로
4719025033	경상북도 구미시 선산읍 생곡리	9**	단독	12m미만	58.51	767	201804	23	19150	1977	유학길
4719025033	경상북도 구미시 선산읍 생곡리	3**	단독	8m미만	196.74	969	201804	20	22000	1996	유학길
4719025024	경상북도 구미시 선산읍 이문리	4**	단독	8m미만	69.14	170	201804	17	4200	1968	선상서로10길
4719011000	경상북도 구미시 송정동	4**	단독	12m미만	390.72	224.9	201804	24	76500	2016	송정대로6길
4719010100	경상북도 구미시 원평동	3**	단독	8m미만	520.58	309	201804	26	90000	2014	원남로8길
4719012200	경상북도 구미시 인의동	9**	다가구	12m미만	644.55	405.9	201804	7	62000	2004	인동31길
4719012200	경상북도 구미시 인의동	1***	단독	12m미만	314.9	198.6	201804	18	32000	2002	인동31길
4719012200	경상북도 구미시 인의동	6**	단독	12m미만	479.04	275.2	201804	27	54000	2004	인동13길
4719012200	경상북도 구미시 인의동	2**	단독	12m미만	551.61	301	201804	4	81000	2014	수출대로35길
4719012200	경상북도 구미시 인의동	3**	단독	8m미만	573.59	383	201804	10	62000	2008	수출대로28길
4719012200	경상북도 구미시 인의동	6**	단독	12m미만	659.13	458	201804	24	110000	2016	인동11안길
4719011700	경상북도 구미시 임은동	4**	다가구	8m미만	659.43	368	201804	9	60000	2009	상사동로13길
4719011700	경상북도 구미시 임은동	4**	다가구	8m미만	658.91	477	201804	20	70000	2008	상사동로13길
4719011700	경상북도 구미시 임은동	2**	다가구	8m미만	659.01	516	201804	16	76000	2011	구미대로2길
4719036021	경상북도 구미시 장천면 상장리	1**	단독	8m미만	96.7	427	201804	4	20000	2014	상장6길
4719012300	경상북도 구미시 진평동	5**	다가구	8m미만	311.61	174	201804	28	27500	2002	인동8길
4719012300	경상북도 구미시 진평동	5**	단독	8m미만	311.61	174	201804	3	22300	2002	인동8길
4719012300	경상북도 구미시 진평동	1***	단독	8m미만	310.84	176	201804	19	28500	2004	인동남길
4719012300	경상북도 구미시 진평동	1**	단독	12m미만	349.79	204	201804	23	32000	2002	인동28길
4719012300	경상북도 구미시 진평동	2**	단독	12m미만	398.12	242	201804	27	31000	2002	인동8길
4719012300	경상북도 구미시 진평동	1**	단독	12m미만	457.5	279.5	201804	25	45000	2007	인동32길
4719012300	경상북도 구미시 진평동	1**	단독	12m미만	511.26	296.8	201804	16	38000	2003	인동28길
4719012300	경상북도 구미시 진평동	*	단독	12m미만	475.66	317.7	201804	30	53000	2003	인동18길
4719012300	경상북도 구미시 진평동	1*	단독	12m미만	634.11	387	201804	18	58500	2003	인동22길
4719034027	경상북도 구미시 해평면 도문리	4**	단독	8m미만	96.8	423	201804	20	5500	1961	도문2길
4719010900	경상북도 구미시 형곡동	1**	단독	12m미만	407.45	243.1	201804	1	60000	2012	경은로
4719010900	경상북도 구미시 형곡동	3**	단독	25m미만	524.06	286.4	201804	20	60000	2013	형곡동로
4772025022	경상북도 군위군 군위읍 서부리	2**	단독	8m미만	118.97	251	201804	5	13700	1983	중앙길
4772031038	경상북도 군위군 소보면 복성리	7**	단독	8m미만	107.42	615	201804	23	8000	2016	복성4길
4772032048	경상북도 군위군 효령면 마시리	1***	단독	12m미만	134.38	495	201804	14	27500	2015	교수촌동길
4772032044	경상북도 군위군 효령면 장군리	4**	단독	8m미만	98.71	317	201804	6	8500	2014	나곡길
4715035034	경상북도 김천시 감문면 성촌리	1*	단독	8m미만	109.43	337	201804	3	1500	1975	성촌1길
4715035033	경상북도 김천시 감문면 태촌리	7**	단독	8m미만	89.75	301	201804	11	670	1945	태촌1길
4715039024	경상북도 김천시 감천면 광기리	4**	단독	8m미만	51.03	122	201804	15	2500	1994	광기3길
4715010100	경상북도 김천시 감호동	7*	단독	12m미만	71.08	104.1	201804	30	6000	1973	아랫장터4길
4715034025	경상북도 김천시 개령면 동부리	2**	단독	8m미만	66.03	248	201804	9	1800	1987	동부길
4715034026	경상북도 김천시 개령면 양천리	2**	단독	8m미만	255	657	201804	3	10000	2001	광한1길
4715041022	경상북도 김천시 구성면 양각리	3**	단독	8m미만	64.96	203	201804	27	1800	1945	양각길
4715041022	경상북도 김천시 구성면 양각리	1***	단독	8m미만	76.43	486	201804	1	2650	1920	양각길
4715032024	경상북도 김천시 남면 월명리	7**	단독	8m미만	54.12	240	201804	9	7500	2016	상릉길
4715010600	경상북도 김천시 남산동	1**	단독	8m미만	41.08	102.5	201804	18	2000	1974	노실고개10길
4715011200	경상북도 김천시 다수동	1**	단독	8m미만	62.05	327	201804	12	4900	1998	새실안길
4715044028	경상북도 김천시 대덕면 관기리	1**	단독	12m미만	481.19	511	201804	9	20000	1994	증산로
4715038025	경상북도 김천시 대항면 덕전리	1***	단독	8m미만	88.32	436	201804	20	4700	1979	덕전길
4715011600	경상북도 김천시 덕곡동	9**	단독	8m미만	599.91	280	201804	11	78000	2016	영남대로
4715010300	경상북도 김천시 모암동	1**	단독	8m미만	77.68	125	201804	12	5500	1974	중앙시장1길
4715010300	경상북도 김천시 모암동	1**	단독	8m미만	356.43	197	201804	17	32000	2010	모암사랑7길
4715037024	경상북도 김천시 봉산면 덕천리	5**	단독	8m미만	55.32	96	201804	20	941	1989	덕천1길
4715037024	경상북도 김천시 봉산면 덕천리	6**	단독	8m미만	90.63	284	201804	10	8000	1993	덕천2길
4715037026	경상북도 김천시 봉산면 상금리	8**	단독	8m미만	86.19	321	201804	29	7500	2004	상금2길
4715037027	경상북도 김천시 봉산면 신암리	3**	단독	-	74.16	230	201804	20	1600	1980	신암3길
4715037023	경상북도 김천시 봉산면 예지리	1**	단독	8m미만	125.14	471	201804	30	5500	1995	봉계길
4715037025	경상북도 김천시 봉산면 태화리	2**	단독	8m미만	130	258	201804	29	4100	1997	null
4715011400	경상북도 김천시 부곡동	*	단독	8m미만	93.69	205	201804	4	11300	1999	평화순환길
4715011400	경상북도 김천시 부곡동	1***	단독	25m미만	97.39	206	201804	12	23000	2010	부곡길
4715011400	경상북도 김천시 부곡동	1***	단독	12m미만	132	222.3	201804	13	19300	1999	부곡맛고을2길
4715010400	경상북도 김천시 성내동	1**	단독	8m미만	92.46	286.8	201804	6	6500	1950	자산3길
4715010800	경상북도 김천시 신음동	7*	단독	8m미만	110.8	159	201804	23	2600	2001	속구미1길
4715010800	경상북도 김천시 신음동	1***	단독	12m미만	469.07	240	201804	30	61100	2015	신양길
4715025023	경상북도 김천시 아포읍 예리	3**	단독	8m미만	49.59	516	201804	23	6500	2010	예리길
4715025022	경상북도 김천시 아포읍 의리	3**	단독	8m미만	49.59	400	201804	9	3700	1950	의2길
4715011800	경상북도 김천시 응명동	2**	단독	8m미만	86.94	460	201804	3	2250	1996	뒷골길
4715042027	경상북도 김천시 지례면 신평리	5**	단독	8m미만	72	425	201804	19	6000	1995	삼실길
4715011500	경상북도 김천시 지좌동	7*	다가구	8m미만	659.92	398	201804	27	27000	2001	마잠4길
4715011500	경상북도 김천시 지좌동	2**	단독	8m미만	67.72	149	201804	26	2200	1978	배다리길
4715011500	경상북도 김천시 지좌동	4**	단독	8m미만	356.9	547	201804	11	29500	1988	지좌길
4715011500	경상북도 김천시 지좌동	7**	단독	8m미만	80	791	201804	3	9000	2002	배다리2길
4715010500	경상북도 김천시 평화동	3**	단독	8m미만	53.37	92.6	201804	6	2950	1945	평화길
4715010500	경상북도 김천시 평화동	2**	단독	8m미만	63.1	159	201804	20	10500	1984	후생7길
4728025321	경상북도 문경시 가은읍 왕능리	5**	단독	8m미만	73.59	18.51	201804	18	1000	1968	도탄길
4728025330	경상북도 문경시 가은읍 죽문리	6**	단독	8m미만	125.04	548	201804	27	13500	2010	죽문길
4728037021	경상북도 문경시 농암면 농암리	1**	단독	12m미만	65.52	350	201804	4	6000	1993	청암2길
4728036023	경상북도 문경시 마성면 상내리	2**	단독	12m미만	153.55	496	201804	20	29000	2012	상내1길
4728011000	경상북도 문경시 모전동	5**	단독	8m미만	52.89	109	201804	20	5100	1974	여고동산2길
4728011000	경상북도 문경시 모전동	3*	단독	8m미만	49.93	132	201804	29	14700	2016	모전천7길
4728011000	경상북도 문경시 모전동	6*	단독	12m미만	131.09	151.7	201804	15	12300	1981	중신기3길
4728011000	경상북도 문경시 모전동	5**	단독	8m미만	103.33	188	201804	30	11000	1985	상신로
4728011000	경상북도 문경시 모전동	6*	단독	12m미만	130.18	251.6	201804	11	19500	1979	남부4길
4728025031	경상북도 문경시 문경읍 고요리	9**	단독	8m미만	84.06	318	201804	2	9990	2011	고요새터길
4728025033	경상북도 문경시 문경읍 당포리	3**	단독	8m미만	105.72	393	201804	16	36000	2009	화계2길
4728025037	경상북도 문경시 문경읍 중평리	4**	단독	8m미만	98.97	511	201804	26	18544	2011	중평새마길
4728025022	경상북도 문경시 문경읍 하리	3**	단독	8m미만	48	102	201804	9	7900	2013	새재로
4728025022	경상북도 문경시 문경읍 하리	*	단독	25m미만	105.6	188	201804	17	5700	1920	청운로
4728031026	경상북도 문경시 영순면 오룡리	4**	단독	8m미만	56.5	729	201804	30	3500	1980	오룡길
4728010100	경상북도 문경시 점촌동	2**	단독	8m미만	52.89	128.9	201804	30	14450	1971	중앙2길
4728033030	경상북도 문경시 호계면 막곡리	1**	단독	8m미만	162.4	744	201804	20	10000	2004	막곡새들길
4728033023	경상북도 문경시 호계면 호계리	7*	단독	8m미만	63.7	383	201804	20	4800	1994	신영길
4792025031	경상북도 봉화군 봉화읍 내성리	2**	단독	8m미만	67.1	473	201804	25	9000	1938	내성로2길
4792025026	경상북도 봉화군 봉화읍 해저리	7**	단독	8m미만	77.04	228	201804	3	8000	1925	바래미1길
4792025026	경상북도 봉화군 봉화읍 해저리	5*	단독	8m미만	66.72	446	201804	12	4700	1970	솔안2길
4792025028	경상북도 봉화군 봉화읍 화천리	1**	단독	8m미만	91.17	347	201804	23	3000	1994	꽃내1길
4792039022	경상북도 봉화군 석포면 대현리	9*	단독	12m미만	82.16	151	201804	10	1450	1985	청옥로
4792034021	경상북도 봉화군 춘양면 의양리	4**	단독	8m미만	57.33	301	201804	24	12000	1901	남산편1길
4792034021	경상북도 봉화군 춘양면 의양리	3**	단독	8m미만	92.62	332	201804	27	10500	1980	현마2길
4725035030	경상북도 상주시 공성면 용안리	8**	단독	8m미만	43.6	307	201804	21	2000	1977	용안1길
4725033028	경상북도 상주시 낙동면 신상리	7**	단독	8m미만	83.67	297.57	201804	5	2200	1968	신상1길
4725033036	경상북도 상주시 낙동면 신오리	4**	단독	8m미만	30.24	298	201804	25	3000	1994	신오2길
4725011000	경상북도 상주시 낙양동	1**	단독	12m미만	340.16	208	201804	28	47000	2011	상서문1길
4725011000	경상북도 상주시 낙양동	1**	단독	8m미만	84.18	307	201804	26	18200	1982	경상대로
4725037023	경상북도 상주시 내서면 북장리	4**	단독	8m미만	176.84	610	201804	13	6450	1990	북장1길
4725037025	경상북도 상주시 내서면 서만리	3**	단독	8m미만	74.3	1630	201804	30	3500	1995	서만3길
4725037028	경상북도 상주시 내서면 평지리	6**	단독	8m미만	93	460	201804	11	14900	2013	평지길
4725010500	경상북도 상주시 냉림동	3**	단독	8m미만	148.08	208	201804	10	17250	1982	동수5길
4725038022	경상북도 상주시 모동면 이동리	2**	단독	8m미만	246.57	997	201804	12	11000	2014	이동4길
4725010900	경상북도 상주시 무양동	1**	다가구	8m미만	352.8	240	201804	4	29750	2003	동수2길
4725010200	경상북도 상주시 성동동	2**	단독	8m미만	113.15	260	201804	16	13000	2001	성동2길
4725011200	경상북도 상주시 신봉동	5**	단독	8m미만	649.35	437	201804	9	55000	2010	경상대로
4725013400	경상북도 상주시 연원동	6**	단독	8m미만	71	319	201804	23	4500	1962	연원3길
4725036026	경상북도 상주시 외남면 흔평리	7**	단독	8m미만	65.3	873	201804	13	2800	1995	흔평4길
4725043023	경상북도 상주시 외서면 개곡리	4**	단독	8m미만	62.16	469	201804	27	6400	1967	서당골길
4725044024	경상북도 상주시 은척면 남곡리	1**	단독	8m미만	64.24	849	201804	3	8500	2004	창마길
4725044027	경상북도 상주시 은척면 장암리	3*	단독	8m미만	102.31	605	201804	5	5000	2005	장암3길
4725046025	경상북도 상주시 이안면 대현리	3**	단독	8m미만	74.13	430	201804	24	832	1960	대현길
4725012700	경상북도 상주시 중덕동	2**	단독	8m미만	84.9	489	201804	3	6400	2018	중덕길
4725031021	경상북도 상주시 중동면 회상리	5**	단독	8m미만	96.25	473	201804	25	3400	1974	회상2길
4725025021	경상북도 상주시 함창읍 구향리	3**	단독	8m미만	36.3	126	201804	19	1200	1960	구향로
4725025021	경상북도 상주시 함창읍 구향리	2*	단독	8m미만	47.97	417	201804	9	3500	1959	구향3길
4725040023	경상북도 상주시 화동면 판곡리	3**	단독	12m미만	92.04	577	201804	10	9500	2013	서대산로
4725040023	경상북도 상주시 화동면 판곡리	7**	단독	8m미만	98.21	886	201804	10	6500	1989	서대산로
4725042022	경상북도 상주시 화북면 장암리	8*	단독	8m미만	48.76	545	201804	7	5000	1900	계석동길
4725041022	경상북도 상주시 화서면 상현리	4**	단독	8m미만	69.2	277	201804	23	2300	1957	상현무동길
4725041027	경상북도 상주시 화서면 율림리	1**	단독	8m미만	119.11	264	201804	27	7600	1970	율림1길
4784034032	경상북도 성주군 가천면 동원리	5**	단독	8m미만	69.27	502	201804	29	15000	2017	동원1길
4784036031	경상북도 성주군 대가면 옥성리	5**	단독	8m미만	128.84	430	201804	13	4800	1996	옥성2길
4784031037	경상북도 성주군 선남면 소학리	1***	단독	8m미만	135.15	660	201804	30	24000	1998	선노로
4784031034	경상북도 성주군 선남면 용신리	1**	단독	-	39.6	2904	201804	18	37652	1988	null
4784025021	경상북도 성주군 성주읍 경산리	7**	단독	8m미만	99.58	279	201804	3	13300	1993	시장길
4784025027	경상북도 성주군 성주읍 금산리	4**	단독	8m미만	66.2	274	201804	12	7000	1988	성주금산3길
4784025022	경상북도 성주군 성주읍 대흥리	7**	단독	8m미만	92.06	550	201804	6	14100	1944	대흥1길
4784025024	경상북도 성주군 성주읍 성산리	9**	단독	8m미만	122.19	506	201804	2	24500	2016	본성로
4784032047	경상북도 성주군 용암면 동락리	1***	단독	8m미만	116	458	201804	16	20710	2011	동락2길
4784032050	경상북도 성주군 용암면 문명리	7**	단독	8m미만	287.8	990	201804	27	26840	2006	문명1길
4784038032	경상북도 성주군 초전면 대장리	5**	단독	12m미만	56.2	99	201804	25	3414	1972	대장1길
4717012600	경상북도 안동시 금곡동	1**	단독	8m미만	46.28	102	201804	23	5546	1975	제비원로
4717039028	경상북도 안동시 길안면 묵계리	7**	단독	8m미만	44.72	429	201804	11	10000	1938	국만리길
4717039031	경상북도 안동시 길안면 용계리	2*	단독	8m미만	177.12	704	201804	16	6395	1995	용계덕골길
4717037021	경상북도 안동시 남선면 이천리	1**	단독	8m미만	88.56	420	201804	23	7000	1992	뱁실길
4717036021	경상북도 안동시 남후면 광음리	2**	단독	12m미만	56.1	183	201804	10	3996	1952	null
4717036021	경상북도 안동시 남후면 광음리	2**	단독	12m미만	66.4	257	201804	10	3819	1952	암산길
4717036022	경상북도 안동시 남후면 무릉리	4**	단독	8m미만	106.55	565	201804	21	14000	1997	묵느무길
4717036028	경상북도 안동시 남후면 하아리	1**	단독	8m미만	145.06	550	201804	3	5000	1997	아곡길
4717013500	경상북도 안동시 노하동	1**	단독	8m미만	413.55	266	201804	12	70000	2016	황토마을2길
4717012100	경상북도 안동시 당북동	3**	단독	8m미만	29.79	112	201804	23	14568	1944	당북1길
4717032029	경상북도 안동시 북후면 신전리	1***	단독	12m미만	99.37	495	201804	16	13000	2009	산북로
4717013700	경상북도 안동시 송천동	4**	단독	8m미만	328.81	266	201804	26	43000	2013	논골길
4717013600	경상북도 안동시 송현동	3**	단독	12m미만	281.89	147	201804	21	67000	2017	송하1길
4717010500	경상북도 안동시 신안동	3*	단독	8m미만	94.78	248	201804	15	9300	1978	배나무골길
4717013200	경상북도 안동시 안막동	1**	단독	8m미만	74.73	105	201804	6	5200	1981	정백이골길
4717041035	경상북도 안동시 예안면 구룡리	2**	단독	8m미만	56.6	1183	201804	12	2300	1949	대곡구룡길
4717041029	경상북도 안동시 예안면 신남리	5**	단독	-	38.9	206	201804	10	1000	1957	null
4717010700	경상북도 안동시 옥정동	4**	단독	8m미만	50.18	195	201804	20	17000	2000	태사길
4717031023	경상북도 안동시 와룡면 산야리	1***	단독	8m미만	47.81	3653	201804	25	2500	1947	호반로
4717011000	경상북도 안동시 용상동	1***	다가구	12m미만	702.04	424.5	201804	24	100000	2013	전거리길
4717011000	경상북도 안동시 용상동	5**	단독	8m미만	42.04	116	201804	3	6800	1982	경동로
4717011000	경상북도 안동시 용상동	1***	단독	8m미만	56.55	144	201804	21	6400	1978	용상시장7길
4717012900	경상북도 안동시 운안동	3**	단독	8m미만	53.91	112	201804	9	7900	1982	새골2길
4717012900	경상북도 안동시 운안동	4**	단독	8m미만	113.8	112	201804	19	9500	1983	열루재길
4717012900	경상북도 안동시 운안동	4**	단독	8m미만	114.66	129	201804	14	11000	1989	열루재길
4717012900	경상북도 안동시 운안동	4**	단독	8m미만	160.81	272	201804	25	11000	1991	마무골1길
4717013400	경상북도 안동시 이천동	4**	단독	8m미만	89.36	239	201804	1	15800	2015	윗지르내길
4717035026	경상북도 안동시 일직면 명진리	7*	단독	8m미만	105.89	450	201804	4	12500	2017	평팔명진길
4717035028	경상북도 안동시 일직면 용각리	3**	단독	8m미만	29.43	142	201804	28	1550	1935	새장골길
4717014000	경상북도 안동시 정하동	2**	단독	12m미만	106.75	224.2	201804	24	19000	2010	강남7길
4717012200	경상북도 안동시 태화동	2**	단독	8m미만	60.66	143.2	201804	24	4800	1979	서경지길
4717012200	경상북도 안동시 태화동	2**	단독	8m미만	55.79	155.1	201804	16	8500	1978	서경지4길
4717012200	경상북도 안동시 태화동	8**	단독	8m미만	55.04	773	201804	15	36000	1973	어가골길
4717012700	경상북도 안동시 평화동	1**	단독	8m미만	23.51	262	201804	20	19500	1976	평화9길
4777031032	경상북도 영덕군 강구면 오포리	7**	단독	8m미만	70.11	224	201804	17	22000	1995	신강구2길
4777037038	경상북도 영덕군 병곡면 병곡리	2**	단독	8m미만	66	429	201804	10	15000	1972	병곡길
4777025023	경상북도 영덕군 영덕읍 남석리	1**	단독	12m미만	84.79	158	201804	13	10300	1992	야성2길
4777025023	경상북도 영덕군 영덕읍 남석리	4*	단독	8m미만	145.72	316	201804	25	19000	1999	야성길
4777025033	경상북도 영덕군 영덕읍 오보리	1**	단독	8m미만	82.75	186	201804	23	7800	2001	오보길
4777025022	경상북도 영덕군 영덕읍 화개리	1**	단독	12m미만	44.37	159	201804	10	5300	1979	null
4777036036	경상북도 영덕군 영해면 원구리	7**	단독	12m미만	67.86	175	201804	10	5500	1985	창수영해로
4777034051	경상북도 영덕군 지품면 황장리	1**	단독	8m미만	78.68	299	201804	10	4800	1999	경동로
4777038036	경상북도 영덕군 창수면 신기리	5*	단독	8m미만	73.2	638	201804	3	3900	1998	신기2길
4777035033	경상북도 영덕군 축산면 경정리	1**	단독	8m미만	423.9	1134	201804	3	68000	2004	차유길
4776035038	경상북도 영양군 석보면 택전리	3**	단독	8m미만	66.12	182	201804	4	3000	2006	건들길
4776034035	경상북도 영양군 수비면 계리	7**	단독	8m미만	183.01	484	201804	11	3819	1997	계리길
4776025023	경상북도 영양군 영양읍 감천리	3**	단독	8m미만	49.61	466	201804	19	4000	1978	감천2길
4776025022	경상북도 영양군 영양읍 서부리	5**	단독	8m미만	40.02	93	201804	14	5800	1962	중앙로
4776025022	경상북도 영양군 영양읍 서부리	7*	단독	8m미만	127.83	370	201804	26	18000	1975	시장4길
4776031034	경상북도 영양군 입암면 신구리	4**	단독	8m미만	83.97	295	201804	21	4830	1993	신구2길
4721010500	경상북도 영주시 가흥동	1***	다가구	12m미만	475.47	281.9	201804	3	73000	2017	대학로240번길
4721010500	경상북도 영주시 가흥동	*	단독	8m미만	40.5	89	201804	16	4300	1978	선비로181번길
4721010500	경상북도 영주시 가흥동	1***	단독	12m미만	56.22	103.5	201804	3	7300	1979	원당로20번길
4721010500	경상북도 영주시 가흥동	1***	단독	8m미만	65.44	110.8	201804	30	7000	1976	지천로133번길
4721010500	경상북도 영주시 가흥동	1***	단독	12m미만	77.31	208.7	201804	20	12000	1981	지천로1번길
4721010500	경상북도 영주시 가흥동	1***	단독	12m미만	688.07	422.2	201804	16	98800	2018	영주로60번길
4721036022	경상북도 영주시 봉현면 오현리	2**	단독	25m미만	132.3	317	201804	21	15000	1980	신재로
4721039023	경상북도 영주시 부석면 임곡리	6**	단독	8m미만	131.14	364	201804	27	10000	2013	영부로117번길
4721010200	경상북도 영주시 상망동	5**	단독	12m미만	89.47	170	201804	27	12800	1996	웃무리로
4721010200	경상북도 영주시 상망동	6**	단독	8m미만	65.76	330	201804	16	6000	1982	원당로275번길
4721035021	경상북도 영주시 안정면 신전리	*	단독	8m미만	46.18	145	201804	3	2610	1960	신재로
4721035029	경상북도 영주시 안정면 안심리	2**	단독	8m미만	140.31	597	201804	27	26000	2016	안풍로
4721010100	경상북도 영주시 영주동	6*	단독	8m미만	91.73	285	201804	20	16450	1949	숫골길16번길
4721034021	경상북도 영주시 장수면 반구리	1***	단독	8m미만	115.64	502	201804	3	14450	1984	반구로
4721034025	경상북도 영주시 장수면 화기리	1**	단독	8m미만	124.34	542	201804	28	13700	2013	화계길
4721011200	경상북도 영주시 적서동	7*	단독	8m미만	69.1	271	201804	23	2053	1966	적서로
4721032023	경상북도 영주시 평은면 오운리	1***	단독	8m미만	61.1	337	201804	29	3000	1970	경북대로2229번길
4721032024	경상북도 영주시 평은면 천본리	6*	단독	8m미만	99.61	384	201804	23	3200	1955	천상로500번길
4721025027	경상북도 영주시 풍기읍 금계리	5**	단독	8m미만	98.3	578	201804	24	14000	2015	무릉길42번길
4721025022	경상북도 영주시 풍기읍 동부리	5**	단독	8m미만	52.44	198	201804	23	6500	2000	남원로70번길
4721025025	경상북도 영주시 풍기읍 삼가리	2**	단독	12m미만	95.52	324	201804	16	14000	2000	삼가로
4721010300	경상북도 영주시 하망동	5**	다가구	12m미만	222.12	143.67	201804	20	23000	2005	번영로102번길
4721010300	경상북도 영주시 하망동	3**	단독	8m미만	29.09	60	201804	23	3500	1955	번영로124번길
4721010300	경상북도 영주시 하망동	2**	단독	8m미만	23.14	69	201804	16	5500	1961	영주로
4721010300	경상북도 영주시 하망동	2**	단독	8m미만	32.39	144	201804	10	5500	1961	향교길
4721010300	경상북도 영주시 하망동	2**	단독	8m미만	84.16	198	201804	30	5000	1973	향교길
4721010400	경상북도 영주시 휴천동	6**	단독	8m미만	32.7	83	201804	19	3300	1985	원당로52번길
4721010400	경상북도 영주시 휴천동	7**	단독	8m미만	60.3	116.1	201804	19	6000	1989	구성로310번길
4723038021	경상북도 영천시 고경면 단포리	9*	단독	8m미만	55.53	202	201804	24	6000	1935	단포1안길
4723038021	경상북도 영천시 고경면 단포리	2**	단독	12m미만	165.94	825	201804	4	25000	1980	거곡로
4723038025	경상북도 영천시 고경면 대성리	2**	단독	8m미만	58.73	213	201804	24	1100	1997	대죽길
4723038045	경상북도 영천시 고경면 덕암리	9*	단독	8m미만	19.5	342	201804	30	4000	1948	질고지길
4723025036	경상북도 영천시 금호읍 오계리	2**	단독	8m미만	158.82	580	201804	17	24000	2016	사근달길
4723025026	경상북도 영천시 금호읍 원제리	1**	단독	8m미만	57.57	393	201804	16	11500	2012	고수골길
4723010200	경상북도 영천시 망정동	1**	단독	8m미만	114.09	139	201804	24	14500	1988	미륵1길
4723010200	경상북도 영천시 망정동	4**	단독	8m미만	275.24	282	201804	20	40000	2005	언하공단로
4723012700	경상북도 영천시 매산동	1***	단독	8m미만	160.44	333	201804	5	21960	2015	매산숲길
4723010400	경상북도 영천시 문내동	5*	단독	8m미만	23.14	27	201804	26	2000	1960	동문1길
4723010500	경상북도 영천시 문외동	1*	단독	8m미만	176.64	211.6	201804	17	21000	1992	삼산길
4723039025	경상북도 영천시 북안면 명주리	3**	단독	12m미만	84	315	201804	9	5673	1999	운북로
4723039041	경상북도 영천시 북안면 반정리	7**	단독	8m미만	90.91	634	201804	27	18500	2009	송포길
4723039031	경상북도 영천시 북안면 옥천리	3**	단독	8m미만	93.39	530	201804	27	14200	2009	옥천길
4723039036	경상북도 영천시 북안면 자포리	2**	단독	8m미만	33	172	201804	26	1700	1975	돌할매로
4723010900	경상북도 영천시 성내동	7*	단독	8m미만	26.45	83	201804	20	1300	1942	조밭골길
4723010900	경상북도 영천시 성내동	5*	단독	25m미만	49.91	101	201804	11	6009	1999	최무선로
4723010900	경상북도 영천시 성내동	5*	단독	25m미만	15.54	163	201804	11	12902	1952	최무선로
4723010900	경상북도 영천시 성내동	5*	단독	8m미만	92.56	392	201804	11	13090	1952	최무선로
4723032030	경상북도 영천시 신녕면 연정리	6**	단독	8m미만	60.09	152	201804	30	4000	2003	신정길
4723032030	경상북도 영천시 신녕면 연정리	1***	단독	8m미만	29.25	180	201804	4	2000	2009	신정길
4723032027	경상북도 영천시 신녕면 화성리	4**	단독	8m미만	89.55	526	201804	16	6200	1993	큰골길
4723037032	경상북도 영천시 임고면 고천리	4**	단독	8m미만	175.82	900	201804	17	18115	1997	운주로
4723037034	경상북도 영천시 임고면 양평리	8**	단독	8m미만	28	178	201804	22	3000	1970	수평길
4723031032	경상북도 영천시 청통면 계포리	3**	단독	8m미만	97.71	615	201804	13	27000	2007	애련길
4723031023	경상북도 영천시 청통면 보성리	4**	단독	8m미만	196.53	595	201804	9	25000	2016	보성길
4723031028	경상북도 영천시 청통면 원촌리	4**	단독	8m미만	98.93	651	201804	10	25000	2016	오천길
4723035022	경상북도 영천시 화남면 죽곡리	5**	단독	8m미만	33.05	350	201804	13	3700	1976	신선로
4723034032	경상북도 영천시 화북면 오산리	1**	단독	8m미만	33.05	381	201804	30	4500	1925	오공길
4723034030	경상북도 영천시 화북면 횡계리	3**	단독	8m미만	169	449	201804	14	26800	2013	횡계2길
4723033021	경상북도 영천시 화산면 연계리	1**	단독	8m미만	39.6	209	201804	10	2000	1941	굴견길
4723033021	경상북도 영천시 화산면 연계리	2**	단독	8m미만	88.4	288	201804	16	10000	1994	연유길
4790034046	경상북도 예천군 감천면 유리	8*	단독	8m미만	67.66	397	201804	16	7500	2004	충효로
4790039032	경상북도 예천군 개포면 풍정리	2**	단독	8m미만	144.4	2817	201804	25	8500	1991	풍정1길
4790035045	경상북도 예천군 보문면 작곡리	5**	단독	8m미만	112.16	1418	201804	9	6000	2000	솔티길
4790025027	경상북도 예천군 예천읍 대심리	2*	단독	8m미만	294.56	243	201804	3	27500	1995	대심3길
4790025023	경상북도 예천군 예천읍 백전리	1**	단독	8m미만	116.28	117	201804	27	11000	1997	맛고을길
4790038023	경상북도 예천군 용궁면 가야리	2**	단독	8m미만	50	330	201804	20	3000	1921	왕의산로
4790038023	경상북도 예천군 용궁면 가야리	2**	단독	8m미만	50	330	201804	22	10000	1921	왕의산로
4790031048	경상북도 예천군 용문면 두천리	6*	단독	8m미만	99.96	870	201804	13	2000	2010	수항길
4790031039	경상북도 예천군 용문면 상금곡리	3**	단독	8m미만	42.82	370	201804	20	1500	1940	금당실길
4790040021	경상북도 예천군 지보면 소화리	5**	단독	8m미만	83.2	406	201804	11	2000	1993	소화1길
4790041025	경상북도 예천군 풍양면 청운리	5**	단독	8m미만	112.22	568	201804	23	3000	1997	구룡길
4790041025	경상북도 예천군 풍양면 청운리	3**	단독	12m미만	265.21	760	201804	6	3131	1994	청운1리길
4790041042	경상북도 예천군 풍양면 효갈리	9**	단독	8m미만	70	282	201804	23	1000	1949	덕암로
4794032024	경상북도 울릉군 북면 천부리	7**	단독	8m미만	35.15	71	201804	23	6200	1971	울릉순환로
4794025025	경상북도 울릉군 울릉읍 저동리	7*	단독	8m미만	72.38	277	201804	1	44100	1970	저동1길
4793033022	경상북도 울진군 근남면 수산리	4**	단독	8m미만	64.49	245	201804	13	5500	1995	수산1길
4793035031	경상북도 울진군 기성면 구산리	3**	단독	8m미만	133.9	235	201804	17	3500	1978	구산길
4793035031	경상북도 울진군 기성면 구산리	1**	단독	8m미만	99.38	291	201804	17	15500	2004	구산봉산로
4793035023	경상북도 울진군 기성면 사동리	3**	단독	8m미만	31.6	129	201804	2	2000	1920	사동1길
4793040026	경상북도 울진군 매화면 기양리	1**	단독	8m미만	39.6	208	201804	23	4000	1959	원남로
4793040021	경상북도 울진군 매화면 매화리	7**	단독	8m미만	119.23	279	201804	26	3500	1998	매화매실1길
4793031031	경상북도 울진군 북면 고목리	1*	단독	8m미만	326.7	410.6	201804	3	20500	2017	울진북로
4793031024	경상북도 울진군 북면 주인리	6**	단독	8m미만	90	734	201804	4	11000	2005	주인2길
4793025028	경상북도 울진군 울진읍 신림리	4**	단독	8m미만	54.5	337	201804	20	2000	1953	대흥신림로
4793025021	경상북도 울진군 울진읍 읍내리	5**	단독	8m미만	47.8	53	201804	24	19000	1969	울진중앙로
4793037021	경상북도 울진군 죽변면 죽변리	3*	단독	8m미만	154.54	410	201804	9	39581	1994	죽변중앙로
4793025327	경상북도 울진군 평해읍 거일리	2*	단독	8m미만	40.2	202	201804	3	5000	1930	개바위길
4793025323	경상북도 울진군 평해읍 삼달리	4**	단독	8m미만	76.5	202	201804	12	6200	1989	삼달길
4793025321	경상북도 울진군 평해읍 평해리	8**	단독	8m미만	78.48	208	201804	9	7800	1996	평해로
4793038023	경상북도 울진군 후포면 금음리	2**	단독	8m미만	83.66	310	201804	1	10500	1980	여심2길
4793038021	경상북도 울진군 후포면 후포리	5**	단독	8m미만	40	116	201804	27	2950	1972	후포9길
4773040031	경상북도 의성군 구천면 위성리	8**	단독	8m미만	45.4	463	201804	21	4300	1962	거북이길
4773037037	경상북도 의성군 금성면 대리리	1**	단독	8m미만	58.25	299	201804	22	5073	2011	동부로
4773037050	경상북도 의성군 금성면 수정리	1***	단독	8m미만	45.75	711	201804	12	5000	1926	수정1길
4773042029	경상북도 의성군 단북면 노연리	5**	단독	8m미만	102.78	628	201804	26	2270	1955	노연길
4773038039	경상북도 의성군 봉양면 도원리	9**	단독	12m미만	87.25	356	201804	20	7000	2010	도원길
4773038040	경상북도 의성군 봉양면 화전리	8**	단독	8m미만	94.31	709	201804	19	2750	1996	안실길
4773039039	경상북도 의성군 비안면 용남리	8**	단독	8m미만	103.3	284	201804	2	2000	1939	용남길
4773039043	경상북도 의성군 비안면 현산리	4**	단독	8m미만	75.6	261	201804	23	910	1907	강변길
4773039043	경상북도 의성군 비안면 현산리	1**	단독	8m미만	89.97	489	201804	4	9000	2013	현산길
4773043030	경상북도 의성군 안계면 용기리	1***	단독	8m미만	83.93	347	201804	23	9000	2010	용기6길
4773043031	경상북도 의성군 안계면 토매리	1**	단독	8m미만	87.78	585	201804	25	8900	2002	토매3길
4773046042	경상북도 의성군 안평면 마전리	4**	단독	8m미만	157.41	929	201804	5	1300	2012	기도길
4773025027	경상북도 의성군 의성읍 오로리	1**	단독	8m미만	66.3	317	201804	4	1700	1930	오로1길
4773025030	경상북도 의성군 의성읍 용연리	3**	단독	8m미만	55.4	444	201804	19	4500	1976	용연1길
4773025031	경상북도 의성군 의성읍 원당리	9**	단독	8m미만	78.36	138	201804	26	2800	1974	원당2길
4773025026	경상북도 의성군 의성읍 치선리	7**	단독	12m미만	176	658	201804	18	3800	1995	치선오상길
4773032034	경상북도 의성군 점곡면 사촌리	5**	단독	8m미만	81.05	506	201804	10	3000	1997	사촌2길
4773032034	경상북도 의성군 점곡면 사촌리	9**	단독	8m미만	111.51	13224	201804	2	27048	2001	명고길
4773032029	경상북도 의성군 점곡면 서변리	9*	단독	8m미만	78.64	406	201804	12	6840	2018	서변길
4782033033	경상북도 청도군 각북면 덕촌리	8**	단독	8m미만	160	660	201804	17	32000	2010	낙산길
4782033036	경상북도 청도군 각북면 오산리	2**	단독	8m미만	55.2	159	201804	27	7000	2002	오산2길
4782033036	경상북도 청도군 각북면 오산리	5**	단독	8m미만	131.71	660	201804	15	20000	2005	null
4782033036	경상북도 청도군 각북면 오산리	5**	단독	8m미만	216.25	999	201804	15	35000	2005	헐티로
4782033034	경상북도 청도군 각북면 지슬리	3*	단독	8m미만	57.02	298	201804	11	10500	2013	지슬2길
4782033034	경상북도 청도군 각북면 지슬리	1***	단독	8m미만	153.43	412	201804	2	22500	2002	지슬길
4782037057	경상북도 청도군 매전면 관하리	7**	단독	8m미만	110.69	672	201804	2	11000	2005	상방천길
4782037042	경상북도 청도군 매전면 당호리	5**	단독	8m미만	55.76	356	201804	25	10800	2010	선암로
4782037044	경상북도 청도군 매전면 동산리	4**	단독	8m미만	116.76	650	201804	27	8500	2009	청려로
4782037047	경상북도 청도군 매전면 온막리	7**	단독	8m미만	94.84	356	201804	24	24000	2014	청매로
4782035043	경상북도 청도군 운문면 방지리	1***	단독	8m미만	195	333	201804	27	20000	2011	방지7길
4782034043	경상북도 청도군 이서면 각계리	1**	단독	8m미만	138.78	659	201804	10	26300	2017	각계길
4782034039	경상북도 청도군 이서면 대전리	1***	단독	8m미만	71.99	470	201804	24	22286	2013	하대전길
4782025321	경상북도 청도군 청도읍 고수리	5**	단독	8m미만	81.9	183	201804	17	16500	2014	고수뒷길
4782025321	경상북도 청도군 청도읍 고수리	4**	단독	12m미만	44.07	198	201804	19	14000	1947	고수동3길
4782025321	경상북도 청도군 청도읍 고수리	1**	단독	12m미만	312.83	308	201804	19	30850	2006	냉정길
4782025328	경상북도 청도군 청도읍 부야리	2**	단독	8m미만	43.73	346	201804	11	1500	1904	부야3길
4782025326	경상북도 청도군 청도읍 안인리	4**	단독	8m미만	95.88	310	201804	16	19200	2012	팔치길
4782032044	경상북도 청도군 풍각면 덕양리	1***	단독	8m미만	89.01	520	201804	1	24000	2014	차옥길
4782032037	경상북도 청도군 풍각면 수월리	5**	단독	8m미만	96.42	480	201804	25	8000	2008	봉수길
4782032043	경상북도 청도군 풍각면 차산리	2**	단독	8m미만	47.6	126	201804	6	5200	2012	차산길
4782032043	경상북도 청도군 풍각면 차산리	1**	단독	8m미만	50.55	495.7	201804	23	6500	1985	석통차산길
4782025030	경상북도 청도군 화양읍 고평리	3**	단독	8m미만	78.3	476	201804	11	14000	1985	고평길
4782025021	경상북도 청도군 화양읍 동상리	1**	단독	8m미만	114.95	499	201804	18	13600	2013	동상길
4782025033	경상북도 청도군 화양읍 삼신리	3**	단독	8m미만	68.76	413	201804	9	13200	1994	삼신2길
4782025031	경상북도 청도군 화양읍 소라리	3**	단독	8m미만	169.33	463	201804	9	27500	2009	소라길
4782025032	경상북도 청도군 화양읍 진라리	3**	단독	8m미만	20.5	229	201804	15	6000	1968	진라2길
4775032035	경상북도 청송군 부남면 화장리	5**	단독	8m미만	72.78	288	201804	24	2000	2002	아랫화장길
4775035044	경상북도 청송군 안덕면 성재리	5**	단독	8m미만	60	291	201804	23	4300	1990	성덕댐로
4775035035	경상북도 청송군 안덕면 장전리	7**	단독	8m미만	78.8	314	201804	14	5200	1958	삼실길
4775025026	경상북도 청송군 청송읍 교리	5**	단독	8m미만	50.68	374	201804	16	1100	1999	다리골길
4775025026	경상북도 청송군 청송읍 교리	1**	단독	8m미만	76.9	506	201804	25	3000	1935	한실길
4775025023	경상북도 청송군 청송읍 금곡리	6**	단독	8m미만	32.55	401	201804	11	5000	1950	굿바들길
4775025029	경상북도 청송군 청송읍 부곡리	3**	단독	8m미만	63.39	225	201804	23	1400	1979	부곡길
4775025029	경상북도 청송군 청송읍 부곡리	4**	단독	8m미만	99.93	945	201804	5	12000	1996	논시길
4775036034	경상북도 청송군 파천면 덕천리	1**	단독	8m미만	90.38	2876	201804	13	17400	1920	덕천길
4785033043	경상북도 칠곡군 가산면 학하리	2**	단독	8m미만	149.49	484	201804	20	29000	2016	학하들안1길
4785037033	경상북도 칠곡군 기산면 각산리	3**	단독	8m미만	24	350	201804	11	8000	1953	각산3길
4785037034	경상북도 칠곡군 기산면 노석리	2**	단독	8m미만	78.54	281	201804	9	6000	2004	노석3길
4785032030	경상북도 칠곡군 동명면 금암리	2**	단독	8m미만	197.83	245	201804	24	19000	1991	금암6길
4785032030	경상북도 칠곡군 동명면 금암리	1*	단독	8m미만	89.22	333	201804	17	28000	2014	금암북실2길
4785032036	경상북도 칠곡군 동명면 기성리	5**	단독	8m미만	139.11	638	201804	16	50500	2015	기성9길
4785032034	경상북도 칠곡군 동명면 남원리	8**	단독	8m미만	86.11	479	201804	12	37500	2010	남원로1길
4785032034	경상북도 칠곡군 동명면 남원리	3**	단독	12m미만	173.35	517	201804	2	60000	2016	남원로
4785032034	경상북도 칠곡군 동명면 남원리	6**	단독	12m미만	198.76	518	201804	27	58000	2016	남원로5길
4785032034	경상북도 칠곡군 동명면 남원리	8*	단독	8m미만	94.71	575	201804	19	33150	2015	남원로3길
4785032034	경상북도 칠곡군 동명면 남원리	2**	단독	8m미만	147.7	655	201804	30	23000	2016	구남로
4785032038	경상북도 칠곡군 동명면 봉암리	1**	단독	8m미만	94.95	319	201804	9	19000	2006	봉암5길
4785032031	경상북도 칠곡군 동명면 송산리	1**	단독	8m미만	149.01	148	201804	27	17000	1995	송산7길
4785032031	경상북도 칠곡군 동명면 송산리	1***	단독	8m미만	82.66	472	201804	25	21000	2013	송산2길
4785032033	경상북도 칠곡군 동명면 학명리	8*	단독	8m미만	86.44	730	201804	21	32000	2013	학명2길
4785025324	경상북도 칠곡군 북삼읍 숭오리	*	단독	12m미만	194.7	957	201804	5	51200	2006	북삼로2길
4785025321	경상북도 칠곡군 북삼읍 율리	6**	단독	8m미만	99.66	267	201804	15	16000	2008	외율3길
4785025325	경상북도 칠곡군 북삼읍 인평리	1***	단독	12m미만	546.06	244.9	201804	30	42000	2002	인강3길
4785025622	경상북도 칠곡군 석적읍 중리	2**	다가구	12m미만	563.1	282.9	201804	2	95000	2017	동중리3길
4785025622	경상북도 칠곡군 석적읍 중리	2**	다가구	12m미만	659.16	434.7	201804	25	58000	2016	동중리10길
4785025622	경상북도 칠곡군 석적읍 중리	8*	단독	12m미만	437.86	200.6	201804	24	41000	2011	북중리13길
4785025622	경상북도 칠곡군 석적읍 중리	1**	단독	12m미만	379.62	221.6	201804	5	27000	2001	북중리4길
4785025622	경상북도 칠곡군 석적읍 중리	2**	단독	12m미만	391.48	229.7	201804	19	29000	2002	동중리8길
4785025622	경상북도 칠곡군 석적읍 중리	1**	단독	25m미만	531.44	266	201804	28	48500	2007	북중리5길
4785025622	경상북도 칠곡군 석적읍 중리	2**	단독	12m미만	569.05	330.7	201804	5	48000	2005	동중리4길
4785025622	경상북도 칠곡군 석적읍 중리	1**	단독	12m미만	635.88	362.2	201804	9	90000	2016	북중리4길
4785025622	경상북도 칠곡군 석적읍 중리	2**	단독	12m미만	646.02	368.5	201804	8	66000	2007	동중리2길
4785025622	경상북도 칠곡군 석적읍 중리	2**	단독	25m미만	787.86	434.7	201804	9	73500	2006	동중리10길
4785036034	경상북도 칠곡군 약목면 관호리	3**	단독	8m미만	88.4	262	201804	13	9800	1996	관호10길
4785036030	경상북도 칠곡군 약목면 남계리	1**	단독	8m미만	97.98	169	201804	25	16000	2017	남계8길
4785036028	경상북도 칠곡군 약목면 복성리	8**	단독	12m미만	82.08	634	201804	3	25000	1985	복성10길
4785025022	경상북도 칠곡군 왜관읍 석전리	5**	단독	8m미만	50.6	102	201804	24	4825	1961	null
4785025022	경상북도 칠곡군 왜관읍 석전리	5**	단독	8m미만	239.77	314	201804	24	15400	1973	석전로
4785025021	경상북도 칠곡군 왜관읍 왜관리	7**	다가구	8m미만	534.84	299	201804	27	82000	2015	중앙로
4785025021	경상북도 칠곡군 왜관읍 왜관리	2**	단독	8m미만	50.74	136	201804	24	9800	1976	2번도로길
4785025021	경상북도 칠곡군 왜관읍 왜관리	2**	단독	12m미만	103.66	174	201804	22	23680	1971	중앙로11길
4785025021	경상북도 칠곡군 왜관읍 왜관리	2**	단독	8m미만	76.69	182	201804	20	18500	2018	중앙로11길
4785031045	경상북도 칠곡군 지천면 영오리	4**	단독	8m미만	173.58	727	201804	10	13000	1996	영오덕천길
4711125021	경상북도 포항남구 구룡포읍 구룡포리	9**	단독	8m미만	20.36	53	201804	19	3500	1988	호미로
4711125021	경상북도 포항남구 구룡포읍 구룡포리	9**	단독	8m미만	48.25	83	201804	5	29500	1983	호미로221번길
4711125021	경상북도 포항남구 구룡포읍 구룡포리	4**	단독	8m미만	40	102	201804	29	3500	1972	석문길30번길
4711125021	경상북도 포항남구 구룡포읍 구룡포리	2**	단독	8m미만	52.79	122	201804	24	4200	1988	구룡포길153번길
4711125028	경상북도 포항남구 구룡포읍 병포리	1**	단독	8m미만	98.68	152	201804	26	3100	1988	병포길16번길
4711125022	경상북도 포항남구 구룡포읍 삼정리	1**	단독	8m미만	76.75	169	201804	25	10000	1993	일출로90번길
4711125027	경상북도 포항남구 구룡포읍 하정리	1**	단독	8m미만	29	159	201804	11	9000	2002	하정로30번길
4711110200	경상북도 포항남구 대도동	8*	단독	8m미만	101.56	195.5	201804	4	17000	1983	대해로90번길
4711110200	경상북도 포항남구 대도동	8*	단독	8m미만	99.7	208.6	201804	4	18000	1983	null
4711110200	경상북도 포항남구 대도동	1**	단독	8m미만	82.8	233.8	201804	7	10000	1986	상공로72번길
4711110200	경상북도 포항남구 대도동	1**	단독	12m미만	130.88	265.8	201804	18	20000	1980	상공로56번길
4711110200	경상북도 포항남구 대도동	1*	단독	12m미만	640.08	362.3	201804	13	85000	2013	양학천로136번길
4711131027	경상북도 포항남구 대송면 제내리	7**	단독	8m미만	82.24	185	201804	6	6300	1984	제내길75번길
4711111600	경상북도 포항남구 대잠동	7**	단독	8m미만	66.52	185	201804	7	40700	1975	효행길
4711111600	경상북도 포항남구 대잠동	7**	단독	8m미만	55.75	223	201804	13	50000	1975	효자로77번길
4711132021	경상북도 포항남구 동해면 도구리	5**	단독	12m미만	95.86	237	201804	27	18000	1943	일월로
4711110100	경상북도 포항남구 상도동	6**	단독	8m미만	147.2	175.1	201804	26	12700	1990	중흥로58번길
4711110100	경상북도 포항남구 상도동	2*	단독	8m미만	91.76	211	201804	30	23500	1981	중흥로162번길
4711110400	경상북도 포항남구 송도동	4**	단독	12m미만	125.72	109.4	201804	25	11500	1988	송림로22번길
4711110400	경상북도 포항남구 송도동	4**	단독	12m미만	65.32	165.3	201804	18	9000	1988	송림로21번길
4711110400	경상북도 포항남구 송도동	4**	단독	8m미만	78.94	166.9	201804	16	20000	2015	송림로79번길
4711110400	경상북도 포항남구 송도동	4**	단독	12m미만	138.12	209.6	201804	20	19700	1978	송림로21번길
4711110400	경상북도 포항남구 송도동	4**	단독	8m미만	103.68	244	201804	13	11500	1974	송림로9번길
4711125322	경상북도 포항남구 연일읍 괴정리	7*	단독	12m미만	91.56	327	201804	19	25500	1983	철강로25번길
4711125332	경상북도 포항남구 연일읍 인주리	3**	단독	8m미만	81.4	179	201804	26	5500	1985	인주길22번길
4711125622	경상북도 포항남구 오천읍 문덕리	1***	단독	8m미만	22.48	192	201804	23	5940	1988	냉천로560번길
4711125622	경상북도 포항남구 오천읍 문덕리	1*	단독	12m미만	53.46	228	201804	11	12000	1988	해병로347번길
4711125622	경상북도 포항남구 오천읍 문덕리	1*	단독	12m미만	78.05	232	201804	30	5700	1985	해병로315번길
4711125622	경상북도 포항남구 오천읍 문덕리	*	단독	12m미만	35.97	242	201804	24	15000	1988	해병로307번길
4711125630	경상북도 포항남구 오천읍 용덕리	1**	단독	12m미만	132.22	152	201804	16	11400	1988	정몽주로632번길
4711125630	경상북도 포항남구 오천읍 용덕리	1**	단독	8m미만	127.23	170	201804	17	11000	1988	충무로66번길
4711125630	경상북도 포항남구 오천읍 용덕리	3**	단독	8m미만	60.18	175	201804	6	6300	1977	해병로259번길
4711125630	경상북도 포항남구 오천읍 용덕리	2**	단독	8m미만	90.42	225	201804	16	16850	1986	해병로269번길
4711125630	경상북도 포항남구 오천읍 용덕리	4**	단독	8m미만	74.03	269	201804	20	50000	1990	충무로
4711125630	경상북도 포항남구 오천읍 용덕리	2**	단독	8m미만	97.69	345	201804	19	33000	1900	정몽주로585번길
4711125621	경상북도 포항남구 오천읍 원리	1***	단독	25m이상	115.64	565.8	201804	2	150000	2013	원동로
4711110600	경상북도 포항남구 일월동	6**	단독	8m미만	52	218	201804	13	6300	1984	동해안로5932번길
4711133036	경상북도 포항남구 장기면 모포리	8*	단독	8m미만	65.78	109	201804	10	5300	1988	모포길
4711133021	경상북도 포항남구 장기면 읍내리	1**	단독	8m미만	13.22	149	201804	11	3000	1988	읍성길
4711133038	경상북도 포항남구 장기면 학곡리	5**	단독	8m미만	85.96	175	201804	20	6200	1988	학삼길79번길
4711111500	경상북도 포항남구 지곡동	9**	단독	12m미만	208.35	319.5	201804	6	86000	2003	지곡로379번길
4711110500	경상북도 포항남구 청림동	*	단독	8m미만	3893.66	10939	201804	30	201731	1986	청림서길22번길
4711110300	경상북도 포항남구 해도동	4**	단독	8m미만	85.91	103.1	201804	11	4500	1975	상공로
4711110300	경상북도 포항남구 해도동	6*	단독	8m미만	92.08	132.6	201804	4	7500	1976	중앙로92번길
4711110300	경상북도 포항남구 해도동	*	단독	8m미만	53.77	134.9	201804	18	7700	1977	해동로120번길
4711110300	경상북도 포항남구 해도동	*	단독	12m미만	150.96	136	201804	17	16000	1991	해동로72번길
4711110300	경상북도 포항남구 해도동	3*	단독	12m미만	87.72	147.8	201804	5	13300	1976	상공로221번길
4711110300	경상북도 포항남구 해도동	6*	단독	8m미만	84.74	165.7	201804	7	17200	1985	중앙로78번길
4711110300	경상북도 포항남구 해도동	5*	단독	8m미만	129.22	177.4	201804	4	21500	1982	중앙로77번길
4711110300	경상북도 포항남구 해도동	5**	단독	12m미만	107.63	184.6	201804	9	11650	1979	상공로257번길
4711110300	경상북도 포항남구 해도동	*	단독	12m미만	157.7	416.7	201804	13	55000	1972	해동로137번길
4711111400	경상북도 포항남구 효자동	4**	다가구	12m미만	443.42	305	201804	13	82800	2013	유동길
4711111400	경상북도 포항남구 효자동	2**	단독	8m미만	248.37	218	201804	9	65000	2012	효행길53번길
4711111400	경상북도 포항남구 효자동	6**	단독	25m미만	424.18	248.8	201804	24	86000	2015	효성로82번길
4711334025	경상북도 포항북구 기계면 문성리	3**	단독	8m미만	97.65	298	201804	23	6960	2005	새마을발상지길
4711334027	경상북도 포항북구 기계면 성계리	2**	단독	8m미만	69.42	701	201804	16	10000	2000	성계길170번길
4711334022	경상북도 포항북구 기계면 지가리	7**	단독	8m미만	46.28	502	201804	10	9500	2000	기계로518번길
4711336024	경상북도 포항북구 기북면 용기리	1**	단독	12m미만	88	98.42	201804	30	1810	1983	기북로
4711310900	경상북도 포항북구 대신동	6*	단독	12m미만	175.73	257.5	201804	7	23400	1984	선착로44번길
4711310800	경상북도 포항북구 덕수동	4*	단독	8m미만	91.88	91.6	201804	17	9500	1997	중앙로368번길
4711311000	경상북도 포항북구 동빈1가	8*	단독	8m미만	91.83	208	201804	10	10000	2002	삼호로46번길
4711333029	경상북도 포항북구 송라면 지경리	5*	단독	8m미만	50.82	252	201804	15	13800	2002	동해대로3378번길
4711331027	경상북도 포항북구 신광면 사정리	1**	단독	8m미만	29.09	258	201804	27	2000	2002	null
4711331027	경상북도 포항북구 신광면 사정리	4**	단독	8m미만	35.36	298	201804	22	5300	2000	사정안길58번길
4711331023	경상북도 포항북구 신광면 우각리	8*	단독	8m미만	56.2	580	201804	14	7933	2000	우각길
4711331026	경상북도 포항북구 신광면 토성리	4**	단독	8m미만	35.03	186	201804	22	4470	2000	토성길51번길
4711331022	경상북도 포항북구 신광면 흥곡리	6**	단독	8m미만	57.89	257	201804	23	21300	2013	흥곡길
4711331022	경상북도 포항북구 신광면 흥곡리	6**	단독	8m미만	98.2	775	201804	18	16000	2015	흥곡길
4711311700	경상북도 포항북구 용흥동	6**	단독	8m미만	98.19	196.5	201804	9	11000	1984	중흥로225번길
4711311800	경상북도 포항북구 우현동	2**	단독	8m미만	34.04	167	201804	20	3480	2002	소티재로126번길
4711312100	경상북도 포항북구 장성동	1***	단독	25m미만	471.69	323.9	201804	27	83000	2015	천마로71번길
4711311600	경상북도 포항북구 죽도동	7*	단독	8m미만	197.52	168.6	201804	13	13500	1975	칠성천길
4711311600	경상북도 포항북구 죽도동	6**	단독	12m미만	124.64	185.6	201804	2	20000	1986	상대로
4711335029	경상북도 포항북구 죽장면 상사리	1**	단독	8m미만	41.82	259	201804	6	1780	1960	병보천길
4711335038	경상북도 포항북구 죽장면 상옥리	1***	단독	8m미만	59.51	351	201804	3	2500	2002	수목원로
4711332024	경상북도 포항북구 청하면 필화리	4**	단독	8m미만	39.6	142	201804	21	9900	1987	화두길
4711311200	경상북도 포항북구 학산동	2**	단독	8m미만	626.57	365	201804	25	75000	2008	항도길
4711312300	경상북도 포항북구 환호동	4**	단독	12m미만	199.76	198.9	201804	7	15000	1991	삼호로509번길
4711325042	경상북도 포항북구 흥해읍 금장리	6**	단독	8m미만	134.28	567	201804	27	10000	2002	칠포로93번길
4711325027	경상북도 포항북구 흥해읍 남성리	1**	단독	8m미만	22.5	307	201804	19	12000	2002	한동로65번길
4711325039	경상북도 포항북구 흥해읍 덕장리	8**	단독	8m미만	373.2	2613	201804	23	40800	1993	용연길
4711325045	경상북도 포항북구 흥해읍 오도리	2**	단독	8m미만	81.29	149	201804	20	33500	1985	해안로1732번길
4711325045	경상북도 포항북구 흥해읍 오도리	3**	단독	8m미만	22.2	222	201804	24	19800	2000	해안로1678번길
4711325045	경상북도 포항북구 흥해읍 오도리	4*	단독	8m미만	20.02	238	201804	9	16000	2000	해안로
4711325040	경상북도 포항북구 흥해읍 용전리	7**	단독	8m미만	21.84	258	201804	11	4000	2000	용전길
4711325033	경상북도 포항북구 흥해읍 용한리	1**	단독	8m미만	58.27	192	201804	23	8866	1997	용한길160번길
4711325034	경상북도 포항북구 흥해읍 우목리	1**	단독	8m미만	19.48	86	201804	30	2500	2000	죽천길185번길
4711325034	경상북도 포항북구 흥해읍 우목리	1**	단독	8m미만	47.51	175	201804	2	7000	2000	죽천길213번길
4711325034	경상북도 포항북구 흥해읍 우목리	2**	단독	8m미만	40	360	201804	12	32000	2000	죽천길
2920016300	광주광역시 광산구 대산동	1**	단독	8m미만	78.3	767	201804	10	6960	1900	삼도가산길
2920015600	광주광역시 광산구 도덕동	4**	단독	8m미만	99.27	383	201804	10	22000	2001	용진로
2920015600	광주광역시 광산구 도덕동	4**	단독	8m미만	89.47	912	201804	24	13230	2005	도림하길
2920010200	광주광역시 광산구 도산동	1***	단독	8m미만	54.45	89	201804	20	8000	1974	상무대로
2920010200	광주광역시 광산구 도산동	8**	단독	8m미만	57.42	218	201804	12	19000	1979	송도로208번길
2920014300	광주광역시 광산구 복룡동	2**	단독	8m미만	52.07	112	201804	2	1500	1933	관두길
2920014300	광주광역시 광산구 복룡동	2**	단독	8m미만	86.8	503	201804	12	9921	1950	관두길
2920011200	광주광역시 광산구 비아동	6*	단독	12m미만	50.92	30	201804	16	11100	1980	비아중앙로
2920011200	광주광역시 광산구 비아동	6**	단독	12m미만	245.2	208.2	201804	18	34000	1990	비아로135번길
2920011200	광주광역시 광산구 비아동	6**	단독	12m미만	238.85	703.3	201804	12	60000	1990	비아안길
2920012700	광주광역시 광산구 산정동	9**	단독	8m미만	198.04	192.2	201804	22	29500	1991	산정로62번길
2920012700	광주광역시 광산구 산정동	9**	단독	12m미만	311.53	207.8	201804	28	81500	2017	산정로
2920012700	광주광역시 광산구 산정동	9**	단독	12m미만	198.44	215.3	201804	9	35000	1992	산정로
2920012700	광주광역시 광산구 산정동	9**	단독	12m미만	192.6	224	201804	19	36000	1991	산정로
2920010800	광주광역시 광산구 소촌동	5**	단독	8m미만	88.38	86	201804	17	8700	1999	상무대로263번길
2920010800	광주광역시 광산구 소촌동	5**	단독	8m미만	66.12	151	201804	6	14000	1983	상무대로
2920010800	광주광역시 광산구 소촌동	6**	단독	8m미만	87.75	165	201804	3	14500	1985	어등대로647번길
2920010800	광주광역시 광산구 소촌동	5**	단독	8m미만	64.87	169	201804	28	6400	1975	상무대로
2920010800	광주광역시 광산구 소촌동	4**	단독	8m미만	34.4	202	201804	12	7200	1900	송정공원로23번길
2920015700	광주광역시 광산구 송산동	8**	단독	8m미만	160.77	483	201804	28	6800	1940	내동송동길
2920010100	광주광역시 광산구 송정동	5**	단독	8m미만	58.18	99	201804	9	9000	1900	송도로284번길
2920010100	광주광역시 광산구 송정동	5**	단독	8m미만	54.87	129	201804	3	15900	1977	광산로78번길
2920010100	광주광역시 광산구 송정동	5**	단독	12m미만	60.3	153	201804	9	13800	1980	용보로23번길
2920010100	광주광역시 광산구 송정동	7**	단독	12m미만	106.95	233	201804	6	15000	1981	광산로67번길
2920010100	광주광역시 광산구 송정동	1***	단독	8m미만	129.89	428	201804	22	116000	1940	상무대로205번길
2920011400	광주광역시 광산구 수완동	1***	다가구	12m미만	424.61	274.2	201804	9	105000	1990	수완로74번길
2920011400	광주광역시 광산구 수완동	1***	단독	12m미만	356.95	232.6	201804	12	84000	2014	수완로10번길
2920011400	광주광역시 광산구 수완동	1***	단독	12m미만	154.35	278.8	201804	21	40000	2010	수완로10번길
2920011400	광주광역시 광산구 수완동	9**	단독	8m미만	196	303	201804	1	81500	1990	수완로105번길
2920011900	광주광역시 광산구 신가동	1***	다가구	12m미만	345.93	195.2	201804	4	44000	2007	목련로394번길
2920011900	광주광역시 광산구 신가동	9**	다가구	12m미만	413.26	220.8	201804	16	52500	2007	수등로243번길
2920011900	광주광역시 광산구 신가동	9**	단독	8m미만	29.52	90.9	201804	3	15000	1983	신가번영로48번길
2920011900	광주광역시 광산구 신가동	8**	단독	8m미만	29.52	90.9	201804	14	15500	1983	신가로54번길
2920011900	광주광역시 광산구 신가동	8**	단독	8m미만	29.52	91	201804	18	15600	1983	신가로54번길
2920011900	광주광역시 광산구 신가동	8**	단독	8m미만	34.48	91	201804	9	14600	1983	신가로40번길
2920011900	광주광역시 광산구 신가동	8**	단독	8m미만	29.52	91.3	201804	29	15400	1983	신가번영로9번안길
2920011900	광주광역시 광산구 신가동	9**	단독	8m미만	51.39	91.3	201804	21	15600	1983	신가번영로50번길
2920011900	광주광역시 광산구 신가동	8**	단독	8m미만	38.07	91.4	201804	19	16000	1983	신가로
2920011900	광주광역시 광산구 신가동	8**	단독	8m미만	29.52	91.5	201804	3	15000	1983	신가번영로9번길
2920011900	광주광역시 광산구 신가동	8**	단독	8m미만	29.52	91.9	201804	7	15400	1983	신가로54번길
2920011900	광주광역시 광산구 신가동	8**	단독	8m미만	30.33	92.6	201804	28	15700	1983	신가로54번길
2920011900	광주광역시 광산구 신가동	8**	단독	25m미만	29.98	97.4	201804	2	15000	1983	신가번영로
2920011900	광주광역시 광산구 신가동	8**	단독	8m미만	30.33	97.9	201804	7	15500	1983	신가번영로47번길
2920011900	광주광역시 광산구 신가동	8**	단독	8m미만	42.02	98	201804	8	15300	1983	신가번영로9번안길
2920011900	광주광역시 광산구 신가동	8**	단독	8m미만	41.18	98.1	201804	28	16600	1983	신가로40번길
2920011900	광주광역시 광산구 신가동	9**	단독	8m미만	58.62	98.8	201804	13	10700	1983	신가로14번길
2920011900	광주광역시 광산구 신가동	8**	단독	8m미만	39.06	98.9	201804	12	16100	1983	신가로40번길
2920011900	광주광역시 광산구 신가동	9**	단독	8m미만	39.24	98.9	201804	19	16500	1983	신가번영로56번길
2920011900	광주광역시 광산구 신가동	9**	단독	8m미만	38.55	99.1	201804	12	16000	1983	신가번영로56번길
2920011900	광주광역시 광산구 신가동	8**	단독	25m미만	53.61	99.3	201804	26	16700	1983	신가번영로
2920011900	광주광역시 광산구 신가동	9**	단독	8m미만	50.6	99.5	201804	4	15500	1983	신가로3번길
2920011900	광주광역시 광산구 신가동	8**	단독	8m미만	38.55	99.6	201804	18	14700	1983	신가로40번길
2920011900	광주광역시 광산구 신가동	8**	단독	8m미만	39.24	100	201804	16	16000	1983	신가번영로9번길
2920011900	광주광역시 광산구 신가동	8**	단독	8m미만	59.22	100.8	201804	14	15700	1983	신가로40번길
2920011900	광주광역시 광산구 신가동	8**	단독	8m미만	118.48	103	201804	4	19300	2000	신가번영로34번길
2920011900	광주광역시 광산구 신가동	9**	단독	8m미만	38.55	105.4	201804	3	16800	1983	신가번영로56번길
2920011900	광주광역시 광산구 신가동	9**	단독	8m미만	39.42	105.5	201804	15	15000	1983	신가번영로20번길
2920011900	광주광역시 광산구 신가동	9**	단독	8m미만	38.55	106	201804	25	16800	1983	신가번영로56번길
2920011900	광주광역시 광산구 신가동	8**	단독	8m미만	39.06	108.4	201804	4	17800	1983	신가번영로40번길
2920011900	광주광역시 광산구 신가동	9**	단독	8m미만	39.24	108.6	201804	30	17000	1983	신가번영로50번길
2920011900	광주광역시 광산구 신가동	8**	단독	8m미만	39.42	108.9	201804	13	17600	1983	신가번영로50번길
2920011900	광주광역시 광산구 신가동	9**	단독	8m미만	141.28	124.1	201804	12	25500	1990	신가로14번길
2920011900	광주광역시 광산구 신가동	8**	단독	8m미만	144.81	134.8	201804	30	22000	1990	신가번영로8번안길
2920011900	광주광역시 광산구 신가동	8**	단독	25m미만	147.02	178.8	201804	19	28300	1985	신가번영로24번길
2920011900	광주광역시 광산구 신가동	9**	단독	8m미만	162.51	184.4	201804	20	26700	1988	신가번영로8번안길
2920011900	광주광역시 광산구 신가동	9**	단독	8m미만	144.52	190.4	201804	9	27500	1990	신가번영로8번안길
2920011900	광주광역시 광산구 신가동	9**	단독	25m이상	348.86	210.8	201804	24	83000	1998	하남대로
2920011900	광주광역시 광산구 신가동	1***	단독	12m미만	424.92	214.1	201804	11	52000	2004	목련로394번길
2920011900	광주광역시 광산구 신가동	1***	단독	12m미만	466.47	288.7	201804	5	90000	2012	수완로9번길
2920011800	광주광역시 광산구 신창동	1***	다가구	12m미만	347.78	230.8	201804	11	60000	2011	신창로106번길
2920011800	광주광역시 광산구 신창동	1***	단독	12m미만	407.81	231.8	201804	4	48000	2008	신창로48번길
2920010400	광주광역시 광산구 신촌동	1***	단독	8m미만	131.96	151	201804	26	18700	1988	신흥동길
2920010400	광주광역시 광산구 신촌동	9**	단독	8m미만	123.68	253	201804	18	19700	1990	사암로27번길
2920010400	광주광역시 광산구 신촌동	1***	단독	8m미만	136.71	321	201804	14	35000	1983	광산로
2920010400	광주광역시 광산구 신촌동	7**	단독	8m미만	658.28	421	201804	9	95736	2018	송도로
2920010400	광주광역시 광산구 신촌동	7**	단독	8m미만	658.28	911	201804	13	128248	2018	송도로
2920010400	광주광역시 광산구 신촌동	7**	단독	8m미만	659.14	959	201804	10	131521	2018	송도로
2920014100	광주광역시 광산구 용봉동	3**	단독	8m미만	85.39	408	201804	16	15203	1926	용봉길
2920010600	광주광역시 광산구 운수동	3**	단독	8m미만	26.44	132	201804	26	3200	null	어등대로491번길
2920012800	광주광역시 광산구 월곡동	6**	단독	25m미만	444.78	200	201804	30	60000	1993	월곡반월로
2920012800	광주광역시 광산구 월곡동	5**	단독	8m미만	198.82	211.6	201804	22	24500	1991	월곡반월로16번길
2920012800	광주광역시 광산구 월곡동	5**	단독	8m미만	194.36	224.9	201804	23	32000	1991	산정공원로60번길
2920012800	광주광역시 광산구 월곡동	5**	단독	8m미만	198.39	225	201804	25	38000	1991	산정공원로60번길
2920012800	광주광역시 광산구 월곡동	5**	단독	8m미만	198.47	225.5	201804	7	35000	1992	산정공원로60번길
2920012800	광주광역시 광산구 월곡동	6**	단독	8m미만	341.6	227.8	201804	17	85000	2016	월곡중앙로
2920014600	광주광역시 광산구 월전동	1***	단독	12m미만	595.42	330.8	201804	30	82000	2012	월전로
2920012500	광주광역시 광산구 하남동	5**	단독	12m미만	118.34	199.9	201804	20	31300	2011	하남대로54번안길
2920012400	광주광역시 광산구 흑석동	5**	단독	12m미만	422.24	263.1	201804	24	75000	2013	풍영로101번안길
2915511400	광주광역시 남구 방림동	*	단독	8m미만	15.51	38	201804	13	6200	1995	천변좌로566번길
2915511400	광주광역시 남구 방림동	1*	단독	25m미만	55.77	81	201804	5	13000	1972	천변좌로
2915511400	광주광역시 남구 방림동	9*	단독	8m미만	26.73	83	201804	6	11687	null	천변좌로542번나길
2915511400	광주광역시 남구 방림동	*	단독	8m미만	71.94	136	201804	12	17500	1973	천변좌로
2915511400	광주광역시 남구 방림동	8*	단독	8m미만	131.15	148	201804	11	22500	1988	천변좌로574번길
2915511400	광주광역시 남구 방림동	1*	단독	8m미만	81.18	252	201804	16	24800	1977	천변좌로598번길
2915510500	광주광역시 남구 백운동	6*	다가구	8m미만	518.36	285	201804	12	89000	2014	진다리로13번길
2915510500	광주광역시 남구 백운동	6**	단독	8m미만	111.08	94.1	201804	2	12200	1990	회재로1249번길
2915510500	광주광역시 남구 백운동	6**	단독	25m미만	123.5	105.3	201804	17	43500	1988	군분로
2915510500	광주광역시 남구 백운동	6**	단독	8m미만	106.02	112	201804	25	9000	1983	백양로7번길
2915510500	광주광역시 남구 백운동	4*	단독	8m미만	59.64	123	201804	30	11000	2014	백운로
2915510500	광주광역시 남구 백운동	6**	단독	12m미만	94.05	129.4	201804	15	13300	1978	백양로17번길
2915510500	광주광역시 남구 백운동	7*	단독	8m미만	144.09	134	201804	12	18600	1981	진다리로27번길
2915510500	광주광역시 남구 백운동	6**	단독	25m미만	138.6	152.7	201804	8	29800	1977	진다리로24번길
2915510500	광주광역시 남구 백운동	6**	단독	12m미만	114.84	177.7	201804	22	19900	1979	진다리로24번길
2915510500	광주광역시 남구 백운동	5**	단독	12m미만	134.97	178	201804	27	35000	1979	백서로
2915510500	광주광역시 남구 백운동	6**	단독	8m미만	131.11	209	201804	26	14500	1979	대남대로253번길
2915510500	광주광역시 남구 백운동	6**	단독	8m미만	568.67	251.2	201804	12	97500	2014	백운로5번길
2915511500	광주광역시 남구 봉선동	1***	다가구	25m미만	181.97	205.5	201804	9	33000	1991	대남대로117번길
2915511500	광주광역시 남구 봉선동	1***	단독	12m미만	137.26	121.9	201804	23	18500	1989	봉선1로62번안길
2915511500	광주광역시 남구 봉선동	9**	단독	12m미만	159.24	158.1	201804	22	25000	1989	대남대로127번길
2915511500	광주광역시 남구 봉선동	1***	단독	12m미만	322.42	202.9	201804	14	58000	1996	봉선로79번길
2915511500	광주광역시 남구 봉선동	1***	단독	12m미만	199.01	217.2	201804	19	55000	1991	봉선로79번길
2915510100	광주광역시 남구 사동	1**	단독	8m미만	46.53	97.5	201804	12	4500	1974	사직길
2915510100	광주광역시 남구 사동	*	단독	12m미만	76.56	152.7	201804	23	20000	1970	천변좌로370번길
2915510100	광주광역시 남구 사동	8*	단독	8m미만	183.05	165.3	201804	20	16500	1991	천변좌로402번길
2915510300	광주광역시 남구 서동	1**	단독	8m미만	253.43	185	201804	24	34000	1991	서오층석탑길
2915511300	광주광역시 남구 양림동	1**	단독	8m미만	23.67	56	201804	23	20000	1985	서서평길
2915511300	광주광역시 남구 양림동	8*	단독	25m미만	139.2	183	201804	4	39250	1980	정율성로
2915511300	광주광역시 남구 양림동	1**	단독	8m미만	67.98	185	201804	20	20100	1995	백서로81번길
2915511300	광주광역시 남구 양림동	1**	단독	8m미만	144.54	282	201804	10	51500	1978	서서평길
2915512900	광주광역시 남구 원산동	7**	단독	8m미만	99.1	410	201804	20	20000	1980	원산2길
2915510400	광주광역시 남구 월산동	3**	단독	25m미만	35.31	46	201804	13	9800	1995	구성로
2915510400	광주광역시 남구 월산동	1***	단독	12m미만	110.95	101.9	201804	5	21500	1983	군분로90번길
2915510400	광주광역시 남구 월산동	9**	단독	12m미만	116.98	106	201804	2	12500	1984	군분로130번길
2915510400	광주광역시 남구 월산동	9**	단독	12m미만	99.28	108.9	201804	2	15000	1983	대남대로389번길
2915510400	광주광역시 남구 월산동	9**	단독	8m미만	96.44	110.6	201804	15	10500	1983	월광1길
2915510400	광주광역시 남구 월산동	1***	단독	8m미만	84.91	112	201804	18	8000	1981	군분로81번길
2915510400	광주광역시 남구 월산동	5*	단독	8m미만	65.7	119	201804	10	7000	1971	덕림남6길
2915510400	광주광역시 남구 월산동	1***	단독	8m미만	99.59	120.1	201804	13	18250	1983	군분로61번길
2915510400	광주광역시 남구 월산동	1***	단독	12m미만	98.15	120.4	201804	14	13500	1982	군분로78번길
2915510400	광주광역시 남구 월산동	5*	단독	25m미만	70.95	122	201804	10	19000	1972	서동로
2915510400	광주광역시 남구 월산동	1**	단독	8m미만	51.81	126	201804	12	9500	1970	독립로79번길
2915510400	광주광역시 남구 월산동	5*	단독	8m미만	54.78	126	201804	18	7800	1969	구성로78번길
2915510400	광주광역시 남구 월산동	1**	단독	8m미만	47.52	139	201804	9	12558	1970	독립로99번안길
2915510400	광주광역시 남구 월산동	1***	단독	8m미만	124.84	140.7	201804	24	15800	1982	수박등로
2915510400	광주광역시 남구 월산동	9**	단독	8m미만	138.54	155.4	201804	3	17800	1987	금화로446번나길
2915510400	광주광역시 남구 월산동	9**	단독	12m미만	179	164.3	201804	11	27500	1986	군분로100번길
2915510400	광주광역시 남구 월산동	9**	단독	12m미만	151.56	183.1	201804	17	19800	1987	대남대로390번길
2915510400	광주광역시 남구 월산동	5**	단독	8m미만	78.87	198	201804	13	16200	1976	대남대로340번길
2915510400	광주광역시 남구 월산동	5**	단독	12m미만	45	205	201804	13	21500	1996	대남대로340번길
2915510400	광주광역시 남구 월산동	9**	단독	12m미만	163.81	220.2	201804	3	26400	1988	군분로147번길
2915510400	광주광역시 남구 월산동	1**	단독	25m이상	63.36	254	201804	5	46400	1995	독립로83번길
2915512700	광주광역시 남구 이장동	*	단독	8m미만	156.21	652	201804	10	55160	1993	임암길
2915511100	광주광역시 남구 임암동	3**	단독	12m미만	69.87	223	201804	11	27250	1980	입하2안길
2915511100	광주광역시 남구 임암동	5**	단독	8m미만	57.6	291	201804	14	47000	2005	임암길
2915511100	광주광역시 남구 임암동	3**	단독	8m미만	67.38	305	201804	18	40710	1980	null
2915510600	광주광역시 남구 주월동	9**	단독	8m미만	98.95	99.2	201804	17	14700	1996	군분로13번길
2915510600	광주광역시 남구 주월동	9**	단독	8m미만	97.56	118.1	201804	25	14700	1979	대남대로237번길
2915510600	광주광역시 남구 주월동	4**	단독	12m미만	152.59	139	201804	3	38500	1990	광복마을길
2915510600	광주광역시 남구 주월동	1***	단독	8m미만	137.23	153.2	201804	16	15500	1984	대남대로181번길
2915510600	광주광역시 남구 주월동	4**	단독	8m미만	71.28	156	201804	11	10000	1976	서문대로749번나길
2915510600	광주광역시 남구 주월동	4**	단독	8m미만	151.34	167	201804	23	22000	1989	회서로
2915510600	광주광역시 남구 주월동	4**	단독	12m미만	167.59	167	201804	16	24300	1979	광복마을6길
2915510600	광주광역시 남구 주월동	4**	단독	8m미만	121.89	179	201804	24	13450	1983	금당로
2915510800	광주광역시 남구 진월동	5**	단독	12m미만	516.8	244	201804	9	47000	2010	서문대로627번안길
2915511000	광주광역시 남구 행암동	1*	단독	8m미만	616.9	400	201804	6	65000	2002	효덕로
2911010900	광주광역시 동구 계림동	1**	단독	12m미만	79.32	47	201804	27	8720	1963	null
2911010900	광주광역시 동구 계림동	2**	단독	8m미만	99.75	68	201804	6	10084	1993	null
2911010900	광주광역시 동구 계림동	2**	단독	8m미만	30.41	73	201804	9	7500	1963	null
2911010900	광주광역시 동구 계림동	1***	단독	25m미만	104.49	88.4	201804	27	22000	1991	참판로
2911010900	광주광역시 동구 계림동	2**	단독	8m미만	53.15	89	201804	9	9157	2000	null
2911010900	광주광역시 동구 계림동	9**	단독	12m미만	78.33	93.2	201804	25	12950	1975	무등로306번길
2911010900	광주광역시 동구 계림동	5**	단독	8m미만	47.59	96	201804	10	12000	1970	중앙로
2911010900	광주광역시 동구 계림동	1**	단독	8m미만	50.91	102	201804	27	12200	1970	중앙로342번길
2911010900	광주광역시 동구 계림동	2**	단독	8m미만	51.89	106	201804	9	10584	1970	null
2911010900	광주광역시 동구 계림동	2**	단독	8m미만	54.2	116	201804	9	10492	1974	null
2911010900	광주광역시 동구 계림동	1***	단독	12m미만	56.51	118.3	201804	5	14000	1970	필문대로106번길
2911010900	광주광역시 동구 계림동	1***	단독	8m미만	98.19	122.29	201804	13	20500	1977	무등로385번길
2911010900	광주광역시 동구 계림동	2**	단독	8m미만	57.18	132	201804	9	13415	1963	null
2911010900	광주광역시 동구 계림동	1***	단독	8m미만	123.15	136.3	201804	5	20000	1980	필문대로
2911010900	광주광역시 동구 계림동	2**	단독	8m미만	60.3	139	201804	9	13365	1963	중앙로272번길
2911010900	광주광역시 동구 계림동	2**	단독	8m미만	57.84	146	201804	9	11828	1963	null
2911010900	광주광역시 동구 계림동	2**	단독	8m미만	47.66	149	201804	24	13949	1981	null
2911010900	광주광역시 동구 계림동	2**	단독	8m미만	70.39	149	201804	20	13515	1974	중앙로290번길
2911010900	광주광역시 동구 계림동	2**	단독	8m미만	146.1	149	201804	9	17944	1974	null
2911010900	광주광역시 동구 계림동	2**	단독	8m미만	67.26	152	201804	9	13874	1982	null
2911010900	광주광역시 동구 계림동	2**	단독	8m미만	81.31	155	201804	30	14932	1963	null
2911010900	광주광역시 동구 계림동	2**	단독	8m미만	78.33	175	201804	23	20787	1963	null
2911010900	광주광역시 동구 계림동	2**	단독	8m미만	132.46	177	201804	6	21486	1979	null
2911010900	광주광역시 동구 계림동	4**	단독	-	298.62	214	201804	9	37175	1963	null
2911010900	광주광역시 동구 계림동	2**	단독	8m미만	108.08	215	201804	9	17705	1963	null
2911010900	광주광역시 동구 계림동	2**	단독	8m미만	254.61	237	201804	9	33923	1991	null
2911010900	광주광역시 동구 계림동	1***	단독	8m미만	327.9	308.1	201804	18	27400	1987	중앙로363번길
2911012500	광주광역시 동구 내남동	4**	단독	8m미만	67.41	403	201804	30	12500	1986	육판서길
2911010100	광주광역시 동구 대인동	2*	단독	8m미만	173.26	170.1	201804	2	40000	1963	제봉로213번길
2911010800	광주광역시 동구 동명동	2*	단독	8m미만	40.65	86	201804	9	11700	1963	동명로
2911010800	광주광역시 동구 동명동	2**	단독	8m미만	146.29	172	201804	20	46800	1978	동명로25번길
2911010800	광주광역시 동구 동명동	1**	단독	8m미만	67.76	228	201804	20	17000	1963	동명로
2911011000	광주광역시 동구 산수동	5**	단독	12m미만	126.59	90.2	201804	10	18000	1974	필문대로191번길
2911011000	광주광역시 동구 산수동	5**	단독	8m미만	59.82	93.6	201804	27	8300	1963	필문대로159번길
2911011000	광주광역시 동구 산수동	5**	단독	12m미만	86.6	103.1	201804	30	18000	1977	필문대로205번길
2911011000	광주광역시 동구 산수동	5**	단독	8m미만	71.88	121.3	201804	15	13800	1993	필문대로171번길
2911011000	광주광역시 동구 산수동	5**	단독	8m미만	126.81	121.3	201804	25	15700	1993	필문대로171번길
2911011000	광주광역시 동구 산수동	2*	단독	8m미만	138.5	122	201804	26	16800	1995	밤실로82번길
2911011000	광주광역시 동구 산수동	5**	단독	12m미만	149.28	129.6	201804	18	19000	1994	산수길35번길
2911011000	광주광역시 동구 산수동	1**	단독	8m미만	56.18	142	201804	27	8900	1963	밤실로116번길
2911011000	광주광역시 동구 산수동	5**	단독	8m미만	67.43	148.8	201804	14	15500	1963	필문대로191번길
2911011000	광주광역시 동구 산수동	3**	단독	8m미만	65.23	152	201804	12	28000	1963	경양로
2911011000	광주광역시 동구 산수동	5**	단독	8m미만	161.7	155.7	201804	21	26500	1988	밤실로89번길
2911011000	광주광역시 동구 산수동	3**	단독	8m미만	70.73	166	201804	23	20000	1963	동계로15번길
2911011000	광주광역시 동구 산수동	5**	단독	12m미만	72.27	173.9	201804	20	23000	2009	무등로449번길
2911011000	광주광역시 동구 산수동	5**	단독	12m미만	100.5	221.5	201804	18	26500	1973	필문대로106번길
2911011800	광주광역시 동구 서석동	4**	단독	8m미만	105.24	149	201804	5	22000	1963	null
2911011900	광주광역시 동구 소태동	7**	단독	8m미만	45.94	96	201804	26	9050	1971	학소로106번길
2911011900	광주광역시 동구 소태동	5**	단독	8m미만	134.88	128	201804	17	21500	1983	남문로621번길
2911011900	광주광역시 동구 소태동	5**	단독	8m미만	94.19	144	201804	19	22000	1977	학소로92번길
2911011900	광주광역시 동구 소태동	5**	단독	25m미만	214.54	145	201804	20	50000	1996	학소로
2911011900	광주광역시 동구 소태동	2**	단독	8m미만	98.76	253	201804	19	15398	2017	소태길3번길
2911011900	광주광역시 동구 소태동	6**	단독	25m이상	54.7	320	201804	27	49000	1963	남문로
2911012600	광주광역시 동구 용산동	6**	단독	8m미만	36.6	93	201804	30	8800	1963	남문로565번길
2911012600	광주광역시 동구 용산동	2**	단독	8m미만	109.13	108	201804	30	17300	1979	남문로599번길
2911012600	광주광역시 동구 용산동	2**	단독	8m미만	136.95	156	201804	14	25000	1980	남문로567번길
2911012100	광주광역시 동구 운림동	6**	단독	12m미만	321.71	228.8	201804	30	70000	2012	의재로136번길
2911012300	광주광역시 동구 월남동	2**	단독	8m미만	93.88	332.7	201804	13	30000	1979	녹동길
2911010700	광주광역시 동구 장동	1**	단독	8m미만	221.41	197.3	201804	26	40800	1979	제봉로
2911011100	광주광역시 동구 지산동	2**	다가구	8m미만	431.73	180	201804	10	60000	2004	밤실로
2911011100	광주광역시 동구 지산동	2**	단독	25m미만	91.71	70	201804	27	10000	1995	밤실로
2911011100	광주광역시 동구 지산동	2**	단독	8m미만	48.55	73	201804	16	3400	1997	밤실로
2911011100	광주광역시 동구 지산동	1**	단독	8m미만	41.31	96	201804	18	5800	1963	지호로70번길
2911011100	광주광역시 동구 지산동	7**	단독	25m미만	57.15	109.1	201804	2	49500	1963	준법로
2911011100	광주광역시 동구 지산동	7**	단독	12m미만	191.7	122.3	201804	13	30500	1995	필문대로205번길
2911011100	광주광역시 동구 지산동	7**	단독	8m미만	56.2	122.6	201804	18	8500	1963	필문대로
2911011100	광주광역시 동구 지산동	7**	단독	12m미만	164.75	181.8	201804	20	30000	1986	필문대로205번길
2911011100	광주광역시 동구 지산동	2**	단독	8m미만	57.18	182	201804	26	8100	1968	밤실로4번길
2911011100	광주광역시 동구 지산동	1**	단독	8m미만	144.33	265	201804	27	39000	2004	지호로70번길
2911011100	광주광역시 동구 지산동	2**	단독	8m미만	449.42	286	201804	11	41800	2006	지호로100번길
2911012200	광주광역시 동구 학동	6**	단독	12m미만	22.83	44	201804	4	18000	1987	남문로727번길
2911012200	광주광역시 동구 학동	9**	단독	25m미만	32.39	62	201804	12	17200	1963	천변우로
2911012200	광주광역시 동구 학동	9**	단독	8m미만	81.36	73	201804	9	25000	2001	천변우로
2911012200	광주광역시 동구 학동	6**	단독	8m미만	79.58	89	201804	3	26700	1997	학동안길28번길
2911012200	광주광역시 동구 학동	6**	단독	8m미만	31.06	96.6	201804	18	21300	1963	남문로713번길
2911012200	광주광역시 동구 학동	8**	단독	8m미만	76.02	106	201804	30	22000	1971	남문로701번길
2911012200	광주광역시 동구 학동	6**	단독	8m미만	116.05	109	201804	16	21500	1993	남문로713번길
2911012200	광주광역시 동구 학동	6**	단독	12m미만	67.01	116	201804	30	19000	1971	남문로713번길
2911012200	광주광역시 동구 학동	9**	단독	8m미만	48.26	126	201804	5	27000	1975	남문로753번길
2911012200	광주광역시 동구 학동	6**	단독	8m미만	51.89	139	201804	30	27300	1963	남문로713번길
2911012200	광주광역시 동구 학동	6**	단독	8m미만	186.69	185	201804	30	39785	1980	학동안길
2911012200	광주광역시 동구 학동	9*	단독	8m미만	170.82	218.2	201804	20	10000	1982	양림로115번길
2911012200	광주광역시 동구 학동	8**	단독	25m미만	54.54	230	201804	13	55000	1963	남문로693번길
2911012200	광주광역시 동구 학동	7*	단독	8m미만	237.11	257.9	201804	13	32431	1963	양림로115번길
2911012200	광주광역시 동구 학동	9**	단독	8m미만	95.14	262	201804	3	46955	1999	남문로701번길
2911011500	광주광역시 동구 호남동	3*	단독	8m미만	99	195	201804	18	27800	1963	중앙로148번길
2917012000	광주광역시 북구 금곡동	3**	단독	8m미만	129.96	414	201804	27	21310	2003	금곡한고샅길
2917010800	광주광역시 북구 동림동	2**	단독	8m미만	199.58	653	201804	30	43000	1985	유림로166번길
2917011400	광주광역시 북구 두암동	8**	단독	8m미만	92.79	99.7	201804	22	15700	1981	금녕길61번길
2917011400	광주광역시 북구 두암동	8**	단독	12m미만	98.1	108.1	201804	21	14800	1983	군왕로93번길
2917011400	광주광역시 북구 두암동	8**	단독	8m미만	115.29	120.8	201804	17	15500	1981	금녕길
2917011400	광주광역시 북구 두암동	8**	단독	8m미만	112.23	121.3	201804	6	11000	1983	군왕로105번길
2917011400	광주광역시 북구 두암동	8**	단독	12m미만	131.91	134.7	201804	8	17000	1984	서방로159번길
2917011400	광주광역시 북구 두암동	8**	단독	12m미만	142.76	141.5	201804	12	20000	1982	참판로
2917011400	광주광역시 북구 두암동	3**	단독	8m미만	79.01	142	201804	6	13400	1977	군왕로45번길
2917011400	광주광역시 북구 두암동	8**	단독	12m미만	154.15	149.4	201804	19	21200	1988	군왕로93번길
2917011400	광주광역시 북구 두암동	9**	단독	8m미만	133.56	149.7	201804	5	8200	1980	군왕로71번길
2917011400	광주광역시 북구 두암동	8**	단독	12m미만	146.75	150.2	201804	23	21000	1985	금녕길
2917011400	광주광역시 북구 두암동	8**	단독	8m미만	152.45	152.2	201804	9	19400	1984	군왕로
2917011400	광주광역시 북구 두암동	5**	단독	12m미만	160.2	160.9	201804	22	18000	1983	두리봉길5번길
2917011400	광주광역시 북구 두암동	3**	단독	8m미만	201.42	164	201804	16	20000	1990	삼정로87번길
2917011400	광주광역시 북구 두암동	8**	단독	12m미만	84.65	164.5	201804	23	9000	1985	동문대로122번길
2917011400	광주광역시 북구 두암동	3**	단독	-	163.11	165	201804	9	14750	1990	군왕로45번길
2917011400	광주광역시 북구 두암동	3**	단독	8m미만	166.5	172	201804	3	15000	1995	군왕로45번길
2917011400	광주광역시 북구 두암동	8**	단독	12m미만	164.93	181.5	201804	7	22700	1988	동문대로122번길
2917011400	광주광역시 북구 두암동	3**	단독	8m미만	135.69	182	201804	16	19600	1987	참판로
2917011400	광주광역시 북구 두암동	8**	단독	8m미만	164.79	214.7	201804	16	18300	1976	서방로135번길
2917011400	광주광역시 북구 두암동	8**	단독	12m미만	232.55	248.1	201804	19	36200	1982	군왕로129번길
2917011400	광주광역시 북구 두암동	8**	단독	12m미만	91.74	306.5	201804	7	25000	1974	null
2917011400	광주광역시 북구 두암동	8**	단독	8m미만	154.65	331.8	201804	11	36000	1976	서방로135번길
2917011200	광주광역시 북구 문흥동	7**	다가구	8m미만	161.34	141.8	201804	10	19000	1990	면앙로44번길
2917011200	광주광역시 북구 문흥동	9**	다가구	12m미만	299.44	193	201804	24	28000	1995	대천로169번길
2917011200	광주광역시 북구 문흥동	7**	다가구	8m미만	371.35	212.3	201804	4	75000	2017	호동로73번길
2917011200	광주광역시 북구 문흥동	7**	다가구	12m미만	553.19	370.6	201804	4	121000	2012	면앙로32번길
2917011200	광주광역시 북구 문흥동	9**	단독	12m미만	162.18	96.95	201804	19	10000	1995	대천로157번길
2917011200	광주광역시 북구 문흥동	7**	단독	12m미만	186.03	123.4	201804	7	21300	1990	면앙로44번길
2917011200	광주광역시 북구 문흥동	9**	단독	25m이상	302.56	176.7	201804	6	74900	1994	문산로
2917011200	광주광역시 북구 문흥동	7**	단독	8m미만	204.12	184.7	201804	10	39000	1991	면앙로32번길
2917011200	광주광역시 북구 문흥동	9**	단독	8m미만	197.09	185	201804	30	27500	1991	평교로29번길
2917011200	광주광역시 북구 문흥동	7**	단독	8m미만	163.8	186.2	201804	10	22000	1990	면앙로32번길
2917011200	광주광역시 북구 문흥동	9**	단독	25m미만	187.35	189.7	201804	12	25000	1990	중문로84번길
2917011200	광주광역시 북구 문흥동	9**	단독	12m미만	328.38	227.8	201804	5	30000	1995	대천로169번길
2917010400	광주광역시 북구 북동	2**	단독	8m미만	107.75	261.2	201804	30	45820	1980	금남로131번길
2917011600	광주광역시 북구 삼각동	7**	단독	12m미만	164.75	181.3	201804	30	23000	2000	설죽로455번길
2917011600	광주광역시 북구 삼각동	8**	단독	12m미만	340.92	194.8	201804	5	39500	1997	설죽로440번길
2917011600	광주광역시 북구 삼각동	8**	단독	12m미만	129.76	219.1	201804	9	27000	2000	송해로
2917010600	광주광역시 북구 신안동	1**	단독	25m미만	99.48	120	201804	17	30000	1975	null
2917010600	광주광역시 북구 신안동	1**	단독	8m미만	117.45	150.4	201804	17	27600	1974	자미로6번길
2917010600	광주광역시 북구 신안동	1**	단독	8m미만	106.29	156.9	201804	23	28000	1977	자미로6번길
2917010600	광주광역시 북구 신안동	3**	단독	8m미만	142.55	165	201804	6	17500	1989	서암대로
2917010600	광주광역시 북구 신안동	2**	단독	8m미만	127.92	166.9	201804	6	19500	1978	무등로154번길
2917010600	광주광역시 북구 신안동	1**	단독	12m미만	1474.63	1528.4	201804	9	297909	1992	자미로6번길
2917013000	광주광역시 북구 신용동	7**	다가구	12m미만	352	235.7	201804	20	73000	2013	첨단연신로108번길
2917013000	광주광역시 북구 신용동	7**	다가구	12m미만	378.45	252.6	201804	18	89990	2016	첨단연신로108번길
2917013000	광주광역시 북구 신용동	8**	단독	12m미만	355.9	244.6	201804	16	70000	2012	첨단연신로108번길
2917012800	광주광역시 북구 양산동	2**	단독	8m미만	231.06	175	201804	2	27000	1980	하서로339번길
2917011500	광주광역시 북구 오치동	9**	다가구	12m미만	231.66	130.4	201804	17	41000	1993	우치로275번길
2917011500	광주광역시 북구 오치동	1***	다가구	12m미만	328.88	202.1	201804	2	33000	1997	송월로30번길
2917011500	광주광역시 북구 오치동	9**	다가구	12m미만	595.9	306.3	201804	30	99000	2011	우치로228번길
2917011500	광주광역시 북구 오치동	9**	단독	8m미만	156.68	135.5	201804	30	11000	1990	우치로238번길
2917011500	광주광역시 북구 오치동	9**	단독	12m미만	82.64	144.4	201804	5	14500	1991	서하로257번길
2917011500	광주광역시 북구 오치동	4**	단독	25m미만	254.16	155	201804	17	26000	2003	우치로186번길
2917011500	광주광역시 북구 오치동	9**	단독	8m미만	158.55	162.9	201804	9	15334	1993	오문로58번길
2917011500	광주광역시 북구 오치동	9**	단독	8m미만	252.7	175.1	201804	13	40700	1995	서하로
2917011500	광주광역시 북구 오치동	1***	단독	25m미만	298.23	175.2	201804	25	40200	1995	송월로
2917011500	광주광역시 북구 오치동	1***	단독	12m미만	462.22	196.5	201804	10	34700	1994	송월로40번길
2917011500	광주광역시 북구 오치동	1***	단독	8m미만	222.78	200	201804	5	29250	1997	송월로20번길
2917011500	광주광역시 북구 오치동	1***	단독	8m미만	367.48	211	201804	18	54500	2013	송월로40번길
2917011500	광주광역시 북구 오치동	9**	단독	8m미만	393.53	237.8	201804	30	35700	2003	우치로257번길
2917011500	광주광역시 북구 오치동	1***	단독	8m미만	418.08	295.7	201804	4	30500	1996	천지인로
2917011500	광주광역시 북구 오치동	9**	단독	8m미만	135.23	338.1	201804	18	15000	1980	null
2917010700	광주광역시 북구 용봉동	6**	다가구	8m미만	388.05	259	201804	7	71000	2012	설죽로
2917010700	광주광역시 북구 용봉동	1**	단독	12m미만	116.47	98	201804	16	15800	1983	면앙로6번길
2917010700	광주광역시 북구 용봉동	1***	단독	12m미만	59.16	105.4	201804	27	12000	1978	문화소통로108번길
2917010700	광주광역시 북구 용봉동	1***	단독	8m미만	117.68	106.7	201804	6	15600	1988	용주로40번길
2917010700	광주광역시 북구 용봉동	1***	단독	8m미만	169.72	147	201804	10	27000	1991	용주로40번길
2917010700	광주광역시 북구 용봉동	1***	단독	8m미만	160.9	166.2	201804	4	19200	1989	용주로8번길
2917010700	광주광역시 북구 용봉동	1**	단독	8m미만	150.68	171.4	201804	22	30500	1986	우치로110번길
2917010700	광주광역시 북구 용봉동	1***	단독	8m미만	69.27	178	201804	10	21750	1983	문화소통로108번길
2917010700	광주광역시 북구 용봉동	1***	단독	12m미만	385.92	263.7	201804	7	80500	2010	반룡로18번길
2917010700	광주광역시 북구 용봉동	6**	단독	8m미만	404.47	270	201804	17	77000	2012	설죽로
2917011000	광주광역시 북구 우산동	4**	단독	12m미만	15.8	39	201804	4	6600	1980	서양로153번길
2917011000	광주광역시 북구 우산동	3**	단독	8m미만	38.94	93	201804	9	12500	1980	동문대로41번길
2917011000	광주광역시 북구 우산동	1**	단독	12m미만	106.3	94.8	201804	27	12000	1983	서방로51번길
2917011000	광주광역시 북구 우산동	1**	단독	12m미만	97.66	95.5	201804	22	20000	1981	동문대로85번길
2917011000	광주광역시 북구 우산동	2**	단독	8m미만	43.57	109	201804	30	15111	1970	동문대로69번길
2917011000	광주광역시 북구 우산동	1**	단독	8m미만	99.98	114.3	201804	4	10700	1982	동문대로111번길
2917011000	광주광역시 북구 우산동	1**	단독	12m미만	121.53	118.7	201804	24	17500	1988	서방로51번길
2917011000	광주광역시 북구 우산동	1*	단독	12m미만	146.77	121.5	201804	28	15300	1984	평교로6번길
2917011000	광주광역시 북구 우산동	2**	단독	12m미만	47.27	122	201804	24	16000	1980	동문대로65번길
2917011000	광주광역시 북구 우산동	5**	단독	12m미만	97.83	126	201804	15	25000	1976	서암대로305번길
2917011000	광주광역시 북구 우산동	1**	단독	8m미만	71.73	129.3	201804	14	13050	1978	중문로20번길
2917011000	광주광역시 북구 우산동	5**	단독	8m미만	60.82	135.5	201804	26	16100	1970	서양로
2917011000	광주광역시 북구 우산동	1**	단독	8m미만	84.66	150.8	201804	10	14300	1983	중문로20번길
2917011000	광주광역시 북구 우산동	1**	단독	12m미만	137.82	157.7	201804	6	24600	1983	서방로63번길
2917011000	광주광역시 북구 우산동	5**	단독	12m미만	75.73	159.3	201804	10	11000	1972	독립로402번길
2917010900	광주광역시 북구 운암동	9*	단독	8m미만	97.36	124.5	201804	18	15000	1979	대자로
2917010900	광주광역시 북구 운암동	4**	단독	8m미만	131.86	124.8	201804	20	12700	1980	비엔날레로4번길
2917010900	광주광역시 북구 운암동	4**	단독	8m미만	137.74	126.7	201804	25	11200	1984	북문대로
2917010900	광주광역시 북구 운암동	1***	단독	25m이상	130.95	128.8	201804	30	40000	1980	하남대로
2917010900	광주광역시 북구 운암동	4**	단독	12m미만	122.89	131.8	201804	3	14000	1979	무등로39번길
2917010900	광주광역시 북구 운암동	1***	단독	8m미만	164.16	135	201804	27	13200	1991	북문대로159번길
2917010900	광주광역시 북구 운암동	4**	단독	8m미만	47.26	137	201804	5	12000	1980	금호로
2917010900	광주광역시 북구 운암동	4**	단독	8m미만	153.33	140.2	201804	18	17000	1990	대자로54번길
2917010900	광주광역시 북구 운암동	4**	단독	12m미만	126.01	144.8	201804	20	11500	1984	금호로
2917010900	광주광역시 북구 운암동	9*	단독	8m미만	130.87	163.8	201804	30	38000	1981	북문대로33번길
2917010200	광주광역시 북구 유동	6*	단독	8m미만	34.04	99	201804	30	16000	1980	유동길40번길
2917010200	광주광역시 북구 유동	*	단독	12m미만	106.64	148.8	201804	6	13000	1980	중가로
2917010200	광주광역시 북구 유동	1*	단독	8m미만	140.43	192.7	201804	11	24150	1980	금재로
2917012700	광주광역시 북구 일곡동	8**	단독	12m미만	167.18	194.7	201804	25	43000	2009	일곡택지로99번길
2917012700	광주광역시 북구 일곡동	8**	단독	12m미만	351.72	198.1	201804	18	42700	2005	일곡택지로99번길
2917010500	광주광역시 북구 임동	8*	단독	8m미만	42.96	63	201804	24	13000	1980	임유길9번길
2917010500	광주광역시 북구 임동	8*	단독	8m미만	49.8	63	201804	5	12000	1980	임유길13번길
2917010500	광주광역시 북구 임동	7*	단독	25m미만	49.8	70	201804	2	16550	1985	천변우로
2917010500	광주광역시 북구 임동	8*	단독	8m미만	22.14	86	201804	24	16900	1980	금남로42번길
2917010500	광주광역시 북구 임동	1**	단독	25m미만	154.79	116	201804	11	16284	1985	경양로
2917010500	광주광역시 북구 임동	9*	단독	8m미만	103.12	125	201804	7	17000	1977	임동로2번길
2917010500	광주광역시 북구 임동	1**	단독	8m미만	63.12	165	201804	16	13100	1969	경양로2번길
2917010500	광주광역시 북구 임동	1**	단독	8m미만	54.21	169	201804	30	10100	1980	무등로88번길
2917010500	광주광역시 북구 임동	9*	단독	25m미만	72.39	169	201804	11	14436	1975	임동로
2917010500	광주광역시 북구 임동	9*	단독	25m미만	89.91	172	201804	16	13000	1976	임동로
2917010500	광주광역시 북구 임동	1**	단독	-	96.64	179	201804	20	8500	1985	무등로80번길
2917010500	광주광역시 북구 임동	1**	단독	8m미만	158.46	192	201804	30	19000	1971	경양로2번길
2917010100	광주광역시 북구 중흥동	2**	다가구	12m미만	753.04	280.5	201804	6	95686	2003	우치로64번길
2917010100	광주광역시 북구 중흥동	7**	다가구	12m미만	468.54	460	201804	9	87506	2018	경열로234번길
2917010100	광주광역시 북구 중흥동	1**	단독	8m미만	42.34	63	201804	21	14200	1985	당뫼로
2917010100	광주광역시 북구 중흥동	1**	단독	25m미만	53.72	88	201804	17	9190	1992	당뫼로
2917010100	광주광역시 북구 중흥동	3**	단독	12m미만	114.81	95.8	201804	28	17500	1981	null
2917010100	광주광역시 북구 중흥동	3**	단독	8m미만	59.16	105.3	201804	17	8929	1977	당뫼로39번길
2917010100	광주광역시 북구 중흥동	7**	단독	8m미만	86.93	122.6	201804	27	10252	1976	서양로
2917010100	광주광역시 북구 중흥동	3**	단독	12m미만	131.28	127.8	201804	6	23500	1979	용봉로
2917010100	광주광역시 북구 중흥동	3**	단독	12m미만	121.64	128.2	201804	23	19500	1980	자미로66번길
2917010100	광주광역시 북구 중흥동	2**	단독	8m미만	128.54	129	201804	17	20200	1993	향토문화로47번길
2917010100	광주광역시 북구 중흥동	2**	단독	12m미만	129.3	129.9	201804	17	15042	1980	향토문화로
2917010100	광주광역시 북구 중흥동	2**	단독	8m미만	54.21	132	201804	18	12700	1968	향토문화로47번길
2917010100	광주광역시 북구 중흥동	3**	단독	12m미만	157.65	137.1	201804	9	16605	1984	우치로52번길
2917010100	광주광역시 북구 중흥동	6**	단독	8m미만	90.56	148.8	201804	25	14000	1975	중흥로163번길
2917010100	광주광역시 북구 중흥동	3**	단독	8m미만	145.77	160.4	201804	10	22500	1978	용봉로126번길
2917010100	광주광역시 북구 중흥동	3**	단독	-	160	161.3	201804	27	19005	1980	null
2917010100	광주광역시 북구 중흥동	2**	단독	12m미만	223.72	164.4	201804	20	43500	1980	서방로39번길
2917010100	광주광역시 북구 중흥동	3**	단독	12m미만	127.24	168.7	201804	10	22000	1977	향토문화로
2917010100	광주광역시 북구 중흥동	5*	단독	8m미만	75.26	169	201804	21	17500	1997	향토문화로2번길
2917010100	광주광역시 북구 중흥동	3**	단독	12m미만	131.55	177	201804	2	18500	1977	우치로2번길
2917010100	광주광역시 북구 중흥동	3**	단독	12m미만	134.52	186.2	201804	4	17000	1977	신흥로
2917010100	광주광역시 북구 중흥동	3**	단독	12m미만	67.09	189.8	201804	30	7000	1975	당뫼로13번길
2917010100	광주광역시 북구 중흥동	3**	단독	12m미만	171.18	204.6	201804	26	25000	1981	용봉로138번길
2917013200	광주광역시 북구 지야동	9*	단독	8m미만	99.9	204	201804	19	34000	2018	null
2917011100	광주광역시 북구 풍향동	5**	단독	8m미만	95.96	101.8	201804	23	14000	1982	군왕로8번길
2917011100	광주광역시 북구 풍향동	5**	단독	25m이상	97.52	104.5	201804	6	23000	1971	필문대로
2917011100	광주광역시 북구 풍향동	4**	단독	8m미만	61.34	116	201804	9	10800	1977	두방길
2917011100	광주광역시 북구 풍향동	2*	단독	12m미만	73.72	136	201804	24	20000	1977	군왕로32번길
2917011100	광주광역시 북구 풍향동	5**	단독	8m미만	64.45	165	201804	23	7300	1980	동문대로30번길
2917011100	광주광역시 북구 풍향동	7**	단독	8m미만	329.96	207.1	201804	19	30000	1996	밤실로167번길
2917011100	광주광역시 북구 풍향동	5**	단독	12m미만	131.45	209.3	201804	4	23800	1977	풍동길
2917011100	광주광역시 북구 풍향동	4**	단독	8m미만	98.11	212	201804	18	16700	1976	두방길
2917011100	광주광역시 북구 풍향동	5**	단독	8m미만	79.24	235	201804	22	20000	1974	동문대로30번길
2917011100	광주광역시 북구 풍향동	5**	단독	12m미만	108.28	243.4	201804	20	41000	1980	군왕로8번길
2914011500	광주광역시 서구 광천동	5**	단독	8m미만	47.2	66	201804	9	12500	1981	광천3길
2914011500	광주광역시 서구 광천동	6**	단독	8m미만	36.72	95.57	201804	23	16000	2008	null
2914011500	광주광역시 서구 광천동	6**	단독	25m미만	96.55	99	201804	28	20500	1988	화운로
2914011500	광주광역시 서구 광천동	6**	단독	8m미만	97.96	113	201804	11	15500	1979	화운로
2914011500	광주광역시 서구 광천동	6**	단독	8m미만	96.69	119	201804	10	17280	2008	죽봉대로
2914011500	광주광역시 서구 광천동	1**	단독	8m미만	51.94	120	201804	11	15100	1979	광천2길
2914011500	광주광역시 서구 광천동	5**	단독	8m미만	63.87	128	201804	6	15000	1980	천변좌하로660번길
2914011500	광주광역시 서구 광천동	6**	단독	8m미만	99.18	128	201804	28	16000	1979	천변좌하로584번길
2914011500	광주광역시 서구 광천동	7**	단독	8m미만	64.68	136	201804	7	16000	1970	천변좌하로584번길
2914011500	광주광역시 서구 광천동	*	단독	8m미만	97.35	136	201804	16	23780	1978	천변좌로
2914011500	광주광역시 서구 광천동	7**	단독	12m미만	84.15	143	201804	7	17000	1981	칠성로153번길
2914011500	광주광역시 서구 광천동	6**	단독	8m미만	33.33	144	201804	20	15000	2008	화운로322번길
2914011500	광주광역시 서구 광천동	6**	단독	8m미만	128.13	147	201804	26	18500	1985	화운로323번길
2914011500	광주광역시 서구 광천동	7**	단독	8m미만	131.54	223	201804	23	27200	1980	천변좌하로584번길
2914013000	광주광역시 서구 금호동	8**	단독	12m미만	292.59	169.1	201804	27	40000	2004	화개2로20번길
2914013000	광주광역시 서구 금호동	8**	단독	12m미만	64	175.4	201804	18	17500	2004	화개2로9번길
2914013000	광주광역시 서구 금호동	8**	단독	25m미만	439.9	215.8	201804	9	68000	2007	화개중앙로
2914010600	광주광역시 서구 농성동	4**	다가구	12m미만	1095.21	720	201804	16	223800	2015	내방로418번길
2914010600	광주광역시 서구 농성동	6**	단독	8m미만	122.22	108.4	201804	17	12500	1982	화정로275번길
2914010600	광주광역시 서구 농성동	6**	단독	8m미만	98.67	116.1	201804	28	18400	1978	대남대로487번길
2914010600	광주광역시 서구 농성동	3**	단독	12m미만	99.15	118	201804	18	14200	1982	월산로225번길
2914010600	광주광역시 서구 농성동	4**	단독	8m미만	132.33	122	201804	6	11000	1993	월산로268번길
2914010600	광주광역시 서구 농성동	6**	단독	12m미만	80.84	136.5	201804	2	12500	1979	화정로271번길
2914010600	광주광역시 서구 농성동	3**	단독	8m미만	63.36	142	201804	19	14200	1977	내방로408번길
2914010600	광주광역시 서구 농성동	6**	단독	25m미만	88	145.8	201804	24	28600	2009	군분로
2914010600	광주광역시 서구 농성동	6**	단독	12m미만	83.49	170.9	201804	12	14800	2008	화정로293번길
2914010600	광주광역시 서구 농성동	1**	단독	8m미만	59.5	179	201804	12	13500	1973	월산로165번길
2914010600	광주광역시 서구 농성동	8*	단독	8m미만	79.65	181	201804	16	13800	1979	상무대로1194번길
2914010600	광주광역시 서구 농성동	6**	단독	12m미만	168.87	298.2	201804	24	40400	2002	군분로
2914013300	광주광역시 서구 동천동	5**	단독	8m미만	245	209.9	201804	17	52700	2006	동천로10번길
2914013200	광주광역시 서구 매월동	4**	단독	8m미만	61.5	129	201804	30	11850	1998	개산길
2914012900	광주광역시 서구 벽진동	3**	단독	8m미만	77.75	232	201804	18	7750	2008	마산길
2914012900	광주광역시 서구 벽진동	3**	단독	8m미만	58.5	238	201804	18	8580	2008	마산길
2914012600	광주광역시 서구 세하동	4**	단독	8m미만	63.84	241.4	201804	13	5700	1979	세동2길
2914011800	광주광역시 서구 쌍촌동	1***	다가구	12m미만	667.4	334.4	201804	12	156000	2006	상무민주로32번길
2914011800	광주광역시 서구 쌍촌동	9**	단독	8m미만	97.51	107.3	201804	5	12000	1983	상무대로955번길
2914011800	광주광역시 서구 쌍촌동	9**	단독	8m미만	117.54	118.7	201804	14	18500	1981	상무대로955번길
2914011800	광주광역시 서구 쌍촌동	9**	단독	8m미만	133.31	132.7	201804	18	14500	1988	상무대로935번길
2914011800	광주광역시 서구 쌍촌동	9**	단독	8m미만	71.28	133.1	201804	19	8000	1978	상무대로916번길
2914011800	광주광역시 서구 쌍촌동	9**	단독	12m미만	154.22	133.2	201804	17	29500	1980	월드컵4강로181번길
2914011800	광주광역시 서구 쌍촌동	5**	단독	12m미만	151.1	149	201804	3	21000	1983	쌍촌로47번길
2914011800	광주광역시 서구 쌍촌동	9**	단독	8m미만	89.43	150.7	201804	24	21500	1975	운천로
2914011800	광주광역시 서구 쌍촌동	9**	단독	8m미만	158.89	161.3	201804	26	22000	1978	상무대로935번길
2914011800	광주광역시 서구 쌍촌동	1***	단독	12m미만	294.58	170.1	201804	23	48500	2005	상무민주로123번길
2914011800	광주광역시 서구 쌍촌동	9**	단독	8m미만	130.35	172.1	201804	13	13550	1978	상무대로956번길
2914011800	광주광역시 서구 쌍촌동	1***	단독	8m미만	163.81	181.4	201804	7	25300	1992	쌍촌로3번길
2914011800	광주광역시 서구 쌍촌동	1***	단독	12m미만	424.99	188	201804	10	64500	2002	계수로
2914011800	광주광역시 서구 쌍촌동	1***	단독	12m미만	346.05	206.8	201804	8	39200	1995	운천로114번길
2914011800	광주광역시 서구 쌍촌동	1***	단독	12m미만	347.99	212.5	201804	2	32300	1994	화정로21번길
2914011800	광주광역시 서구 쌍촌동	1***	단독	12m미만	472.74	223	201804	20	48000	2001	상무오월로15번길
2914011800	광주광역시 서구 쌍촌동	1***	단독	12m미만	492.8	239.6	201804	12	138000	2003	상무민주로32번길
2914011800	광주광역시 서구 쌍촌동	3**	단독	12m미만	446.04	298	201804	30	92500	2015	상무대로955번길
2914011800	광주광역시 서구 쌍촌동	2**	단독	8m미만	745.39	298.5	201804	10	129500	2017	월드컵4강로210번길
2914010400	광주광역시 서구 양동	4**	단독	25m미만	69.29	73	201804	17	8800	1985	천변좌로
2914010400	광주광역시 서구 양동	1**	단독	8m미만	79.2	76	201804	3	4000	1973	독립로204번길
2914010400	광주광역시 서구 양동	3**	단독	8m미만	92.26	77	201804	19	9300	1985	천변좌로222번길
2914010400	광주광역시 서구 양동	4**	단독	8m미만	91.44	95	201804	5	7600	1983	발산로45번길
2914010400	광주광역시 서구 양동	1**	단독	8m미만	38.94	127.3	201804	7	12000	2008	천변좌로298번길
2914010400	광주광역시 서구 양동	3**	단독	8m미만	102.63	136	201804	9	12500	1977	경열로143번길
2914010400	광주광역시 서구 양동	3**	단독	8m미만	97.02	155	201804	3	16300	2008	천변좌로
2914010400	광주광역시 서구 양동	2**	단독	8m미만	36.3	166	201804	26	10500	2008	구성로31번길
2914011600	광주광역시 서구 유촌동	8**	단독	12m미만	254.37	170.1	201804	28	44800	2010	칠성로4번길
2914011600	광주광역시 서구 유촌동	8**	단독	12m미만	272.12	181.7	201804	30	49400	2010	칠성로52번길
2914011600	광주광역시 서구 유촌동	8**	단독	12m미만	510.16	343.7	201804	30	93900	2013	상무버들로53번길
2914012000	광주광역시 서구 치평동	1***	단독	25m미만	340.63	193.1	201804	16	60000	2003	천변좌하로
2914012000	광주광역시 서구 치평동	1***	단독	12m미만	1046.87	703	201804	5	190000	2002	시청서편로4번길
2914012800	광주광역시 서구 풍암동	1***	다가구	12m미만	372.78	219.5	201804	23	50450	2003	풍암순환로128번길
2914012800	광주광역시 서구 풍암동	1***	단독	25m미만	99.84	191	201804	30	18700	1999	풍암순환로128번길
2914012800	광주광역시 서구 풍암동	1***	단독	12m미만	377.39	194.7	201804	10	55000	2007	풍암순환로188번길
2914012800	광주광역시 서구 풍암동	1***	단독	12m미만	398.43	201	201804	4	83500	2012	풍암2로53번길
2914012800	광주광역시 서구 풍암동	1***	단독	12m미만	230	206.3	201804	30	54300	2001	풍암중앙로91번길
2914012800	광주광역시 서구 풍암동	9**	단독	12m미만	230.44	210.7	201804	28	40000	2000	풍암운리로41번길
2914012800	광주광역시 서구 풍암동	9**	단독	12m미만	395.87	212.7	201804	15	68000	2012	풍금로11번길
2914012800	광주광역시 서구 풍암동	9**	단독	12m미만	316.14	216.9	201804	10	58400	2012	풍금로12번길
2914012800	광주광역시 서구 풍암동	8**	단독	25m미만	143.81	241.7	201804	30	45250	2001	풍금로27번길
2914012800	광주광역시 서구 풍암동	1***	단독	25m미만	491.91	260.1	201804	14	132000	2018	풍암신흥로62번길
2914012800	광주광역시 서구 풍암동	1***	단독	12m미만	659.17	426	201804	11	104500	2008	풍암신흥로50번길
2914011900	광주광역시 서구 화정동	1***	단독	8m미만	96.7	97.3	201804	11	19200	1986	군분로159번길
2914011900	광주광역시 서구 화정동	3**	단독	8m미만	56.6	103	201804	16	8000	1981	월드컵4강로112번길
2914011900	광주광역시 서구 화정동	1***	단독	8m미만	65.67	114.2	201804	11	14000	1984	군분로169번길
2914011900	광주광역시 서구 화정동	1***	단독	8m미만	119.76	126	201804	30	16600	2002	염화로160번길
2914011900	광주광역시 서구 화정동	7**	단독	8m미만	75.9	133.5	201804	24	23000	1978	화정로179번길
2914011900	광주광역시 서구 화정동	7**	단독	12m미만	280.7	145.5	201804	19	40000	2011	화운로156번길
2914011900	광주광역시 서구 화정동	8**	단독	12m미만	163.93	146.7	201804	5	40000	1989	화정로
2914011900	광주광역시 서구 화정동	1***	단독	8m미만	119.93	153.2	201804	10	18000	1981	화정로254번길
2914011900	광주광역시 서구 화정동	7**	단독	8m미만	117.15	155.4	201804	2	18500	1977	화운로126번길
2914011900	광주광역시 서구 화정동	7**	단독	8m미만	129.36	163	201804	6	17000	1978	화운로126번길
2914011900	광주광역시 서구 화정동	8**	단독	8m미만	83.89	175.9	201804	16	17200	1984	월드컵4강로68번길
2914011900	광주광역시 서구 화정동	8**	단독	8m미만	93.72	178	201804	15	18000	1986	월드컵4강로82번길
2914011900	광주광역시 서구 화정동	8**	단독	12m미만	156.16	178.7	201804	14	28000	1984	월드컵4강로68번길
2914011900	광주광역시 서구 화정동	7**	단독	12m미만	131.1	179.8	201804	3	32000	1979	화정로189번길
2914011900	광주광역시 서구 화정동	8**	단독	25m이상	197.89	238.7	201804	4	120000	1989	월드컵4강로
2914011900	광주광역시 서구 화정동	8**	단독	8m미만	164.7	253.1	201804	5	49800	1989	월드컵4강로58번길
2720010300	대구광역시 남구 대명동	3***	다가구	8m미만	140.23	125	201804	17	20000	1993	성당로30길
2720010300	대구광역시 남구 대명동	5**	다가구	25m미만	105.1	147.1	201804	30	35000	1988	대명남로
2720010300	대구광역시 남구 대명동	1***	다가구	8m미만	309.17	165.6	201804	12	92000	2016	명덕로34길
2720010300	대구광역시 남구 대명동	1***	다가구	12m미만	310.16	176.2	201804	27	42900	2006	두류공원로18길
2720010300	대구광역시 남구 대명동	5**	다가구	8m미만	185.33	247.9	201804	4	35500	1988	현충로7길
2720010300	대구광역시 남구 대명동	3*	다가구	8m미만	637.97	323	201804	10	103000	2001	중앙대로31길
2720010300	대구광역시 남구 대명동	7**	다가구	12m미만	644.36	382.1	201804	4	85000	2002	장전2길
2720010300	대구광역시 남구 대명동	2***	단독	8m미만	32.1	32.1	201804	15	5100	1970	양지로3길
2720010300	대구광역시 남구 대명동	2***	단독	8m미만	24.07	56	201804	9	13800	1970	명덕로48길
2720010300	대구광역시 남구 대명동	3***	단독	8m미만	32.43	56.8	201804	10	7100	1976	경상2길
2720010300	대구광역시 남구 대명동	2***	단독	12m미만	56.52	58.8	201804	10	15100	1983	성당로48길
2720010300	대구광역시 남구 대명동	1***	단독	8m미만	98.34	58.8	201804	16	31900	2017	중앙대로49길
2720010300	대구광역시 남구 대명동	2***	단독	8m미만	34.15	62.5	201804	4	12500	1982	성당로48길
2720010300	대구광역시 남구 대명동	5*	단독	8m미만	43.24	76.4	201804	10	13800	1970	null
2720010300	대구광역시 남구 대명동	2***	단독	8m미만	40	83	201804	19	21250	1985	중앙대로52길
2720010300	대구광역시 남구 대명동	5*	단독	8m미만	43.24	85.3	201804	10	28830	1978	백의2길
2720010300	대구광역시 남구 대명동	1***	단독	8m미만	98.9	87.3	201804	12	10000	1994	현충로37길
2720010300	대구광역시 남구 대명동	2***	단독	8m미만	37.69	88.3	201804	9	18000	1970	양지로1길
2720010300	대구광역시 남구 대명동	1***	단독	8m미만	34.45	89	201804	27	20500	1972	중앙대로41길
2720010300	대구광역시 남구 대명동	3***	단독	8m미만	41.72	90.2	201804	3	9300	1975	대경7길
2720010300	대구광역시 남구 대명동	2***	단독	12m미만	106.38	90.2	201804	6	21500	1974	양지로3길
2720010300	대구광역시 남구 대명동	2***	단독	8m미만	39.01	96	201804	12	20500	1960	중앙대로52길
2720010300	대구광역시 남구 대명동	2***	단독	8m미만	104.38	97	201804	13	27900	1993	중앙대로52길
2720010300	대구광역시 남구 대명동	2***	단독	8m미만	104.38	97	201804	25	27900	1993	중앙대로52길
2720010300	대구광역시 남구 대명동	3*	단독	8m미만	99.24	99	201804	12	32000	2017	중앙대로34길
2720010300	대구광역시 남구 대명동	4**	단독	8m미만	56.99	99.2	201804	24	13000	1974	자유6길
2720010300	대구광역시 남구 대명동	2***	단독	8m미만	53.22	103.8	201804	11	6500	1980	계명6길
2720010300	대구광역시 남구 대명동	1***	단독	12m미만	52.89	105.1	201804	27	16250	1974	현충로19길
2720010300	대구광역시 남구 대명동	1***	단독	8m미만	125.28	105.5	201804	25	26700	1995	장전5길
2720010300	대구광역시 남구 대명동	2***	단독	8m미만	141.46	106.8	201804	18	25700	1990	명덕로12길
2720010300	대구광역시 남구 대명동	2***	단독	8m미만	141.46	106.8	201804	20	25700	1990	명덕로12길
2720010300	대구광역시 남구 대명동	1***	단독	8m미만	48.43	107	201804	9	13500	1978	삼각지1길
2720010300	대구광역시 남구 대명동	2***	단독	8m미만	45.59	107.1	201804	7	18200	1972	명덕로8길
2720010300	대구광역시 남구 대명동	3***	단독	8m미만	56.76	113.4	201804	30	16900	1975	현충로31길
2720010300	대구광역시 남구 대명동	7**	단독	8m미만	55.48	119	201804	21	16000	1970	안골1길
2720010300	대구광역시 남구 대명동	1***	단독	8m미만	52.46	122	201804	25	18200	1973	대명로49길
2720010300	대구광역시 남구 대명동	2***	단독	8m미만	49.75	123.3	201804	17	20200	1975	양지로3길
2720010300	대구광역시 남구 대명동	5**	단독	8m미만	112.7	123.3	201804	8	24650	1991	안지랑로7길
2720010300	대구광역시 남구 대명동	1***	단독	8m미만	144	126	201804	13	24250	1989	대명역5길
2720010300	대구광역시 남구 대명동	1***	단독	12m미만	179.09	127.6	201804	19	31200	1994	대덕초등길
2720010300	대구광역시 남구 대명동	1***	단독	8m미만	69.93	130.9	201804	1	15200	1980	명덕로34길
2720010300	대구광역시 남구 대명동	6**	단독	8m미만	47.67	131.2	201804	19	6000	1970	안지랑로7길
2720010300	대구광역시 남구 대명동	3**	단독	8m미만	126.36	131.9	201804	17	28000	1993	현충로18길
2720010300	대구광역시 남구 대명동	4**	단독	12m미만	157.13	133.2	201804	17	27000	1978	큰골5길
2720010300	대구광역시 남구 대명동	1***	단독	8m미만	55.31	133.6	201804	9	14250	1975	두류공원로12길
2720010300	대구광역시 남구 대명동	3***	단독	8m미만	144.64	135.9	201804	4	27600	1990	대경5길
2720010300	대구광역시 남구 대명동	1***	단독	8m미만	244.66	136.5	201804	4	36340	2007	안지랑로19길
2720010300	대구광역시 남구 대명동	1***	단독	8m미만	73.19	136.9	201804	20	11900	1974	현충서길
2720010300	대구광역시 남구 대명동	3***	단독	12m미만	215.8	136.9	201804	2	28000	1995	대경5길
2720010300	대구광역시 남구 대명동	3***	단독	8m미만	64.8	138.2	201804	7	24900	1975	대경6길
2720010300	대구광역시 남구 대명동	1***	단독	8m미만	89.55	141.2	201804	20	16300	1978	앞산순환로69길
2720010300	대구광역시 남구 대명동	1***	단독	25m미만	64.36	142.1	201804	23	54600	1968	명덕로34길
2720010300	대구광역시 남구 대명동	2***	단독	12m미만	159.61	143.8	201804	17	34250	1991	명덕로8길
2720010300	대구광역시 남구 대명동	1***	단독	12m미만	153.33	145.8	201804	22	22000	1985	두류공원로16길
2720010300	대구광역시 남구 대명동	4**	단독	8m미만	77.1	148.4	201804	26	16000	1980	자유6길
2720010300	대구광역시 남구 대명동	3**	단독	8m미만	49.62	149	201804	13	26000	1972	현충로26길
2720010300	대구광역시 남구 대명동	3***	단독	12m미만	99.25	150.7	201804	10	20800	1979	대경1길
2720010300	대구광역시 남구 대명동	1**	단독	8m미만	334.84	155.7	201804	10	99000	2018	대명로53길
2720010300	대구광역시 남구 대명동	3***	단독	12m미만	170.27	159.7	201804	16	36000	1988	양지남길
2720010300	대구광역시 남구 대명동	3***	단독	8m미만	168.66	160.7	201804	7	16000	1995	성당로28길
2720010300	대구광역시 남구 대명동	4**	단독	12m미만	162	162	201804	12	44500	1990	큰골3길
2720010300	대구광역시 남구 대명동	3***	단독	25m미만	182.41	162.6	201804	28	34300	1990	대경길
2720010300	대구광역시 남구 대명동	3***	단독	12m미만	266.38	165.6	201804	30	30000	1996	경상길
2720010300	대구광역시 남구 대명동	6**	단독	8m미만	63.01	169	201804	19	20000	1972	두류공원로16길
2720010300	대구광역시 남구 대명동	2***	단독	12m미만	267.92	178	201804	26	59400	1993	명덕로42길
2720010300	대구광역시 남구 대명동	1***	단독	8m미만	123.34	178.2	201804	12	21000	1975	대명서7길
2720010300	대구광역시 남구 대명동	1***	단독	12m미만	170.26	178.5	201804	26	36200	1989	대명서5길
2720010300	대구광역시 남구 대명동	4**	단독	8m미만	365.79	188.1	201804	5	71000	2016	자유6길
2720010300	대구광역시 남구 대명동	1***	단독	8m미만	84.36	189.1	201804	7	28000	1967	명덕로26길
2720010300	대구광역시 남구 대명동	1***	단독	8m미만	84.75	190.4	201804	10	23500	1971	현충서길
2720010300	대구광역시 남구 대명동	1***	단독	25m미만	139.4	197	201804	2	35000	1975	대명복개로
2720010300	대구광역시 남구 대명동	5**	단독	12m미만	217.79	200.8	201804	23	44500	1993	안지랑로2길
2720010300	대구광역시 남구 대명동	1***	단독	25m미만	163.56	205.9	201804	16	27000	1990	대명남로
2720010300	대구광역시 남구 대명동	3**	단독	12m미만	79.5	215	201804	11	38150	1982	자유길
2720010300	대구광역시 남구 대명동	2***	단독	8m미만	95.8	215	201804	20	40000	1975	중앙대로54길
2720010300	대구광역시 남구 대명동	1***	단독	8m미만	160.23	215.5	201804	16	26000	1983	대명로14길
2720010300	대구광역시 남구 대명동	1***	단독	8m미만	163.91	217.2	201804	19	48200	1977	두류공원로5길
2720010300	대구광역시 남구 대명동	6**	단독	8m미만	80.7	220.8	201804	26	26500	1978	앞산순환로75길
2720010300	대구광역시 남구 대명동	6**	단독	12m미만	232.09	236.3	201804	2	45500	1988	현충로5길
2720010300	대구광역시 남구 대명동	4**	단독	12m미만	237.9	242.1	201804	3	43800	1990	큰골6길
2720010300	대구광역시 남구 대명동	1***	단독	8m미만	90.12	248.2	201804	3	25200	1979	대명서3길
2720010300	대구광역시 남구 대명동	1***	단독	8m미만	99.46	258	201804	10	42900	2015	골안길
2720010300	대구광역시 남구 대명동	3**	단독	12m미만	513.26	290.5	201804	19	80000	2009	현충로18길
2720010300	대구광역시 남구 대명동	1***	단독	8m미만	589.66	367.6	201804	25	120852	2008	안지랑로21길
2720010300	대구광역시 남구 대명동	5**	단독	25m이상	305.44	612.9	201804	17	201500	1972	현충로
2720010200	대구광역시 남구 봉덕동	6**	단독	12m미만	41.78	54.2	201804	25	16300	1985	대덕로30길
2720010200	대구광역시 남구 봉덕동	5**	단독	25m미만	73.22	99	201804	16	23700	1980	봉덕로9길
2720010200	대구광역시 남구 봉덕동	1***	단독	8m미만	52.89	122	201804	17	20000	1973	효성로
2720010200	대구광역시 남구 봉덕동	1***	단독	8m미만	49.65	139	201804	3	17000	1968	효동1길
2720010200	대구광역시 남구 봉덕동	1***	단독	12m미만	112.56	143	201804	5	20000	1978	고산2길
2720010200	대구광역시 남구 봉덕동	1***	단독	12m미만	241.42	150	201804	26	35000	1994	고산2길
2720010200	대구광역시 남구 봉덕동	5**	단독	12m미만	241.15	162.6	201804	10	44400	1996	봉덕로1길
2720010200	대구광역시 남구 봉덕동	5**	단독	8m미만	77.68	169.3	201804	3	26300	1970	중앙대로30길
2720010200	대구광역시 남구 봉덕동	7**	단독	8m미만	311.22	177.9	201804	1	36700	1993	이천로7길
2720010200	대구광역시 남구 봉덕동	6**	단독	8m미만	348.81	198.3	201804	24	56000	2006	대덕로30길
2720010200	대구광역시 남구 봉덕동	6**	단독	8m미만	178.71	205	201804	24	35000	1993	대덕로30길
2720010200	대구광역시 남구 봉덕동	1***	단독	12m미만	199.04	215	201804	17	43000	1978	효동길
2720010200	대구광역시 남구 봉덕동	5**	단독	12m미만	474.25	244	201804	16	76100	2014	봉덕로13길
2720010200	대구광역시 남구 봉덕동	6**	단독	8m미만	455.08	256.5	201804	20	51680	2003	봉덕로11길
2720010100	대구광역시 남구 이천동	2**	단독	8m미만	31.04	76	201804	6	2920	1968	대봉로28길
2720010100	대구광역시 남구 이천동	4**	단독	8m미만	116.38	99	201804	24	22300	1995	이천로27길
2720010100	대구광역시 남구 이천동	4**	단독	8m미만	35.21	103	201804	17	18500	1975	이천로25길
2720010100	대구광역시 남구 이천동	2**	단독	8m미만	53.22	136	201804	14	15500	1970	명덕로66길
2720010100	대구광역시 남구 이천동	6**	단독	12m미만	73.39	261	201804	26	67000	1952	명덕로48길
2720010100	대구광역시 남구 이천동	3**	단독	8m미만	120.36	291	201804	10	51200	1972	희망로7길
2729011300	대구광역시 달서구 감삼동	5*	단독	8m미만	124.94	116.8	201804	25	22000	1983	죽전4길
2729011300	대구광역시 달서구 감삼동	5*	단독	8m미만	130.24	117.7	201804	24	20200	1983	죽전4길
2729011300	대구광역시 달서구 감삼동	3**	단독	12m미만	132.73	125.8	201804	25	23400	1988	장기로36안길
2729011300	대구광역시 달서구 감삼동	5*	단독	8m미만	155.26	130.5	201804	25	28000	1982	죽전4길
2729011300	대구광역시 달서구 감삼동	3**	단독	8m미만	135.09	149.4	201804	25	26000	1988	장기로36안길
2729011300	대구광역시 달서구 감삼동	2**	단독	8m미만	158.09	165.4	201804	23	32800	1987	감삼길
2729011300	대구광역시 달서구 감삼동	4*	단독	8m미만	148.84	168.3	201804	4	30900	1987	당산로41길
2729011300	대구광역시 달서구 감삼동	1**	단독	8m미만	164.55	218.6	201804	12	38900	1984	감삼북1길
2729012300	대구광역시 달서구 대곡동	1*	단독	25m이상	186.17	648	201804	25	245000	1992	비슬로
2729010200	대구광역시 달서구 두류동	1***	단독	8m미만	13.18	17	201804	24	1500	1985	두류2길
2729010200	대구광역시 달서구 두류동	1***	단독	8m미만	39.9	96	201804	25	8600	1975	두류1길
2729010200	대구광역시 달서구 두류동	6**	단독	12m미만	110.81	106.5	201804	30	48000	1985	당산로36길
2729010200	대구광역시 달서구 두류동	6**	단독	12m미만	111.73	113.3	201804	30	49000	1985	야외음악당로39서길
2729010200	대구광역시 달서구 두류동	6**	단독	8m미만	105.54	115.7	201804	30	48000	1982	야외음악당로39서길
2729010200	대구광역시 달서구 두류동	1***	단독	8m미만	128.24	117.4	201804	30	23000	1989	성당로51길
2729010200	대구광역시 달서구 두류동	1***	단독	25m미만	59.77	118.4	201804	25	29000	1978	파도고개로
2729010200	대구광역시 달서구 두류동	6**	단독	8m미만	118.58	119	201804	30	35000	1985	야외음악당로39서길
2729010200	대구광역시 달서구 두류동	6**	단독	12m미만	131.95	120.3	201804	30	42500	1985	야외음악당로39서길
2729010200	대구광역시 달서구 두류동	6**	단독	12m미만	120.54	120.9	201804	30	51100	1988	야외음악당로39서길
2729010200	대구광역시 달서구 두류동	7**	단독	8m미만	55.71	125	201804	24	14000	1978	파도고개로
2729010200	대구광역시 달서구 두류동	1**	단독	8m미만	54.14	128.6	201804	4	15000	1983	야외음악당로
2729010200	대구광역시 달서구 두류동	6**	단독	12m미만	148	129.2	201804	30	45000	1984	야외음악당로39서길
2729010200	대구광역시 달서구 두류동	6**	단독	8m미만	121.29	138	201804	30	41000	1986	야외음악당로39서길
2729010200	대구광역시 달서구 두류동	7**	단독	12m미만	197.92	148.1	201804	18	30200	1988	성당로51길
2729010200	대구광역시 달서구 두류동	1**	단독	12m미만	164.63	152.4	201804	19	41000	1979	야외음악당로47길
2729010200	대구광역시 달서구 두류동	6**	단독	25m미만	111.34	160.8	201804	30	79400	1980	당산로36길
2729010200	대구광역시 달서구 두류동	6**	단독	12m미만	292.53	166.3	201804	30	77000	1993	야외음악당로39서길
2729010200	대구광역시 달서구 두류동	6**	단독	12m미만	159.34	173.3	201804	30	77000	1985	야외음악당로39서길
2729010200	대구광역시 달서구 두류동	6**	단독	8m미만	346.29	190	201804	30	86000	2012	야외음악당로39서길
2729010200	대구광역시 달서구 두류동	6**	단독	12m미만	164.88	214.7	201804	30	87000	1985	달구벌대로344길
2729010200	대구광역시 달서구 두류동	1***	단독	12m미만	144.36	237	201804	11	39500	1973	달구벌대로378길
2729010200	대구광역시 달서구 두류동	6**	단독	12m미만	160.76	282.1	201804	30	90000	1984	달구벌대로344길
2729010200	대구광역시 달서구 두류동	6**	단독	12m미만	668.1	306.2	201804	12	70500	1992	야외음악당로33길
2729012400	대구광역시 달서구 본동	8**	단독	8m미만	143.94	133.8	201804	3	22000	1992	학산로25길
2729011500	대구광역시 달서구 상인동	1***	단독	12m미만	156.07	152	201804	1	24900	1994	월곡로27길
2729011500	대구광역시 달서구 상인동	4**	단독	12m미만	235.11	194	201804	12	26000	1992	월곡로27길
2729011500	대구광역시 달서구 상인동	1***	단독	8m미만	164.78	220	201804	12	37700	1987	월곡로47길
2729010100	대구광역시 달서구 성당동	3**	단독	12m미만	44.43	92	201804	27	15850	1977	대명천로10길
2729010100	대구광역시 달서구 성당동	7**	단독	8m미만	119.39	124.1	201804	18	19500	1984	장기로22안길
2729010100	대구광역시 달서구 성당동	5*	단독	12m미만	310.36	127.6	201804	4	40500	1991	성당로39길
2729010100	대구광역시 달서구 성당동	6**	단독	12m미만	140.48	133.7	201804	20	25520	1985	장기로12길
2729010100	대구광역시 달서구 성당동	4**	단독	12m미만	151.69	138.9	201804	16	30500	1986	야외음악당로9길
2729010100	대구광역시 달서구 성당동	2**	단독	12m미만	281.78	149.8	201804	4	36000	1992	대명천로11길
2729010100	대구광역시 달서구 성당동	4**	단독	8m미만	142.57	154.3	201804	13	25500	1983	대명천로8길
2729010100	대구광역시 달서구 성당동	7**	단독	8m미만	154.23	156.5	201804	20	32000	1987	당산동3길
2729010100	대구광역시 달서구 성당동	5*	단독	12m미만	82.28	175.5	201804	4	16800	1974	성당로33길
2729010100	대구광역시 달서구 성당동	1**	단독	8m미만	150.66	178.9	201804	20	26800	1987	성당로
2729010100	대구광역시 달서구 성당동	4**	단독	12m미만	84.26	291.6	201804	10	49500	1978	null
2729012200	대구광역시 달서구 송현동	7**	다가구	12m미만	399.31	210	201804	26	72000	2010	월배로74서길
2729012200	대구광역시 달서구 송현동	1***	단독	8m미만	99.24	101.1	201804	18	27300	1994	월배로
2729012200	대구광역시 달서구 송현동	1***	단독	12m미만	205.15	122.1	201804	21	31000	1993	송현로16길
2729012200	대구광역시 달서구 송현동	8*	단독	8m미만	141.21	128.2	201804	12	24500	1983	학산로47길
2729012200	대구광역시 달서구 송현동	1***	단독	8m미만	155.07	133.3	201804	5	16800	2003	앞산순환로55길
2729012200	대구광역시 달서구 송현동	1***	단독	12m미만	145.67	133.5	201804	30	30500	1988	월배로74길
2729012200	대구광역시 달서구 송현동	1***	단독	12m미만	140.94	134.9	201804	23	28000	1988	앞산순환로55길
2729012200	대구광역시 달서구 송현동	2***	단독	12m미만	177.54	137.4	201804	24	24900	1983	중흥로6길
2729012200	대구광역시 달서구 송현동	2***	단독	8m미만	149.66	140.6	201804	27	21000	1988	중흥로
2729012200	대구광역시 달서구 송현동	1***	단독	12m미만	160.11	140.9	201804	1	28000	1989	앞산순환로55길
2729012200	대구광역시 달서구 송현동	1**	단독	8m미만	148.29	147	201804	16	35500	1989	송현동3길
2729012200	대구광역시 달서구 송현동	1***	단독	8m미만	150.53	147	201804	11	22300	1987	중흥로8길
2729012200	대구광역시 달서구 송현동	4**	단독	8m미만	154.45	148.2	201804	24	32000	1982	송현동4길
2729012200	대구광역시 달서구 송현동	1***	단독	12m미만	174.9	152.8	201804	28	36500	1987	중흥로8길
2729012200	대구광역시 달서구 송현동	1***	단독	12m미만	234.92	155.4	201804	14	31000	1990	중흥로10길
2729012200	대구광역시 달서구 송현동	7*	단독	8m미만	132.12	156.5	201804	9	27800	1981	구마로46길
2729012200	대구광역시 달서구 송현동	1***	단독	8m미만	149.01	158.6	201804	17	23500	1986	송현로16길
2729012200	대구광역시 달서구 송현동	2**	단독	12m미만	158.76	163.7	201804	3	38000	1983	중흥로4길
2729012200	대구광역시 달서구 송현동	1***	단독	12m미만	176.13	165.2	201804	12	30000	1986	송현로4길
2729012200	대구광역시 달서구 송현동	1***	단독	12m미만	245.13	165.4	201804	20	33000	1993	앞산순환로39길
2729012200	대구광역시 달서구 송현동	1***	단독	12m미만	175.93	165.5	201804	17	40000	1986	송현로16길
2729012200	대구광역시 달서구 송현동	1***	단독	12m미만	159.94	166.1	201804	3	34000	1987	중흥로10길
2729012200	대구광역시 달서구 송현동	1***	단독	8m미만	177.18	178	201804	26	29500	2006	월배로65안길
2729012200	대구광역시 달서구 송현동	7**	단독	8m미만	315.21	182	201804	25	37300	2002	월배로74서길
2729012200	대구광역시 달서구 송현동	1***	단독	8m미만	320.03	192.8	201804	25	42000	1997	월배로84길
2729012200	대구광역시 달서구 송현동	1***	단독	8m미만	198.82	198.8	201804	9	26500	1989	송현로8길
2729012200	대구광역시 달서구 송현동	1***	단독	12m미만	498.48	213	201804	7	38500	2002	송현로4길
2729012200	대구광역시 달서구 송현동	1***	단독	8m미만	334.09	224.5	201804	19	31000	1992	중흥로16길
2729012200	대구광역시 달서구 송현동	1***	단독	12m미만	145.44	255.2	201804	15	57500	1983	월배로74길
2729012200	대구광역시 달서구 송현동	1**	단독	12m미만	456.21	259.1	201804	12	69300	2003	구마로46길
2729010700	대구광역시 달서구 신당동	1***	다가구	8m미만	328.23	195	201804	25	59000	1994	null
2729011100	대구광역시 달서구 용산동	4**	다가구	12m미만	284.15	174.5	201804	10	39500	1997	새동네로
2729011100	대구광역시 달서구 용산동	9**	다가구	12m미만	420.97	188.1	201804	12	55000	2002	장산2길
2729011100	대구광역시 달서구 용산동	8**	단독	8m미만	135.52	132.1	201804	15	28000	1985	와룡로57길
2729011100	대구광역시 달서구 용산동	8**	단독	12m미만	355.95	198.4	201804	4	51000	2001	와룡로57길
2729011100	대구광역시 달서구 용산동	9**	단독	12m미만	363.06	213.6	201804	17	32500	2001	용산큰못1길
2729010800	대구광역시 달서구 이곡동	1***	단독	8m미만	198.91	411	201804	16	80500	1988	성서로72길
2729010800	대구광역시 달서구 이곡동	1***	단독	8m미만	198.91	411	201804	22	80500	1988	성서로72길
2729011200	대구광역시 달서구 죽전동	2**	다가구	12m미만	241.56	146.3	201804	27	44500	1995	죽전1길
2729011200	대구광역시 달서구 죽전동	2**	단독	8m미만	138.57	139.7	201804	29	23200	1986	죽전1길
2729011200	대구광역시 달서구 죽전동	3**	단독	12m미만	762.38	371.5	201804	9	131000	2013	와룡로57길
2729011700	대구광역시 달서구 진천동	5**	단독	8m미만	153.09	146	201804	6	50600	1986	월배로
2729011700	대구광역시 달서구 진천동	3**	단독	8m미만	195.72	281	201804	19	43400	1988	상화로19길
2729011700	대구광역시 달서구 진천동	6**	단독	8m미만	512.22	346	201804	17	120000	2016	월배로14길
2729011700	대구광역시 달서구 진천동	3**	단독	8m미만	36.36	459	201804	19	43500	1945	상화로19길
2729012500	대구광역시 달서구 호산동	3**	단독	25m미만	589.86	217.6	201804	9	110000	2003	호산동로35길
2771031030	대구광역시 달성군 가창면 옥분리	3**	단독	-	694.22	2013	201804	30	188000	1970	가창로
2771038022	대구광역시 달성군 구지면 응암리	1***	단독	25m미만	397.13	254	201804	28	110000	2014	과학마을로3길
2771038022	대구광역시 달성군 구지면 응암리	1***	단독	12m미만	399.66	260.1	201804	4	45000	2011	과학마을로5길
2771025327	대구광역시 달성군 논공읍 남리	6**	단독	8m미만	97.86	241	201804	2	6000	2003	남리1길
2771025325	대구광역시 달성군 논공읍 상리	9*	단독	8m미만	77.54	393	201804	28	10620	1982	중동길
2771025626	대구광역시 달성군 다사읍 세천리	9**	단독	12m미만	72.72	113	201804	6	12500	1993	세천본길
2771025626	대구광역시 달성군 다사읍 세천리	1***	단독	12m미만	483.99	282.6	201804	13	85000	2014	세천로10길
2771025626	대구광역시 달성군 다사읍 세천리	9**	단독	12m미만	92.95	342	201804	5	49000	1981	세천본길
2771025627	대구광역시 달성군 다사읍 죽곡리	8**	단독	25m미만	399.67	269.3	201804	27	103000	2012	대실역남로4길
2771026223	대구광역시 달성군 옥포읍 강림리	1***	다가구	12m미만	280.25	281.3	201804	22	66000	2017	돌미로2서길
2771026222	대구광역시 달성군 옥포읍 교항리	1***	단독	8m미만	41.82	278	201804	10	19500	1969	교항5길
2771026229	대구광역시 달성군 옥포읍 본리리	1***	단독	8m미만	81.36	559	201804	10	31000	1981	본리로
2771033023	대구광역시 달성군 하빈면 기곡리	6**	단독	8m미만	35	255	201804	5	6000	2009	터실길
2771026522	대구광역시 달성군 현풍읍 중리	2**	단독	8m미만	390.44	221	201804	30	31000	2007	현풍로16길
2714012300	대구광역시 동구 각산동	1***	다가구	12m미만	395.73	262.1	201804	11	80000	2014	이노밸리로42길
2714012300	대구광역시 동구 각산동	1***	단독	12m미만	387.9	257.2	201804	15	89000	2016	과학로6길
2714011000	대구광역시 동구 검사동	7**	단독	12m미만	60.66	101	201804	9	17000	1983	방촌로1길
2714011000	대구광역시 동구 검사동	1***	단독	12m미만	137.88	124	201804	2	21300	1990	동촌로6길
2714011000	대구광역시 동구 검사동	9**	단독	8m미만	131.88	157	201804	7	21000	1986	동촌로
2714011000	대구광역시 동구 검사동	7**	단독	8m미만	56.21	176	201804	25	10400	1972	방촌로
2714011600	대구광역시 동구 동호동	9*	다가구	8m미만	385.21	218	201804	9	80000	2015	안심로51길
2714011600	대구광역시 동구 동호동	1**	다가구	12m미만	493.61	262	201804	5	95000	2016	경안로
2714011600	대구광역시 동구 동호동	1**	단독	8m미만	31.37	63	201804	12	9200	1970	경안로102길
2714011600	대구광역시 동구 동호동	3**	단독	12m미만	371.61	207.8	201804	10	69000	2003	동호로2길
2714011600	대구광역시 동구 동호동	3**	단독	12m미만	417.81	242.9	201804	16	59500	2003	동호로2길
2714011600	대구광역시 동구 동호동	1**	단독	12m미만	519.83	259	201804	21	98000	2016	경안로
2714011100	대구광역시 동구 방촌동	8**	단독	8m미만	156.73	133	201804	21	21000	1991	둔산로2길
2714011100	대구광역시 동구 방촌동	9**	단독	8m미만	171.9	145	201804	4	13000	1994	방촌로15길
2714011100	대구광역시 동구 방촌동	1***	단독	12m미만	175.16	153	201804	8	26000	1989	동촌로58길
2714011100	대구광역시 동구 방촌동	1**	단독	8m미만	57.4	175	201804	17	8500	1985	둔산로27길
2714011100	대구광역시 동구 방촌동	7**	단독	8m미만	179.64	175	201804	13	32000	1998	방촌로15길
2714011100	대구광역시 동구 방촌동	1***	단독	12m미만	380.13	206	201804	7	84000	2016	동촌로54길
2714011100	대구광역시 동구 방촌동	9**	단독	12m미만	407.23	251	201804	9	50000	1995	동촌로41길
2714010600	대구광역시 동구 불로동	5**	단독	12m미만	189.87	96	201804	17	31450	1991	팔공로30길
2714010600	대구광역시 동구 불로동	1***	단독	8m미만	162.48	153	201804	2	20600	1991	방천로6길
2714010600	대구광역시 동구 불로동	1***	단독	12m미만	164.01	157	201804	6	20600	1989	방천로6길
2714010600	대구광역시 동구 불로동	1***	단독	12m미만	256.88	164	201804	25	31300	1995	방천로2길
2714010600	대구광역시 동구 불로동	1***	단독	8m미만	70.59	180	201804	6	19500	1981	방천로1길
2714010600	대구광역시 동구 불로동	1**	단독	12m미만	107.57	232	201804	20	37800	1978	null
2714010600	대구광역시 동구 불로동	1***	단독	8m미만	332.46	565	201804	23	44410	1995	방천로1길
2714012900	대구광역시 동구 사복동	8**	단독	12m미만	396.6	269.2	201804	13	94500	2016	메디밸리로12길
2714011500	대구광역시 동구 서호동	1**	단독	12m미만	57.45	117	201804	14	18300	1975	경안로101길
2714011500	대구광역시 동구 서호동	1**	단독	8m미만	158.86	142	201804	28	18500	1990	안심로43길
2714011500	대구광역시 동구 서호동	1*	단독	8m미만	76.38	312	201804	2	35000	1984	경안로105길
2714011700	대구광역시 동구 신기동	5**	단독	25m미만	80.17	163.2	201804	2	29500	1979	안심로41길
2714012400	대구광역시 동구 신서동	5**	단독	12m미만	308.01	203.9	201804	21	52500	2003	동호로11길
2714012400	대구광역시 동구 신서동	1***	단독	12m미만	384.52	237.1	201804	13	96000	2015	이노밸리로54길
2714010100	대구광역시 동구 신암동	7**	단독	8m미만	31.05	7	201804	2	2700	1984	null
2714010100	대구광역시 동구 신암동	7**	단독	8m미만	31.05	7	201804	12	3024	1984	null
2714010100	대구광역시 동구 신암동	6**	단독	8m미만	59.9	40	201804	12	8700	1998	아양로15길
2714010100	대구광역시 동구 신암동	7**	단독	12m미만	21.9	43	201804	20	8450	1984	아양로9길
2714010100	대구광역시 동구 신암동	7**	단독	8m미만	24.9	43	201804	12	12000	1985	평화로
2714010100	대구광역시 동구 신암동	6**	단독	8m미만	121.6	43	201804	27	5000	1997	신암북로
2714010100	대구광역시 동구 신암동	7**	단독	8m미만	30.78	56	201804	15	6700	1982	신암북로
2714010100	대구광역시 동구 신암동	7**	단독	8m미만	38.51	76	201804	12	23000	1974	평화로
2714010100	대구광역시 동구 신암동	7**	단독	8m미만	38.97	89	201804	9	14000	1975	아양로7길
2714010100	대구광역시 동구 신암동	7**	단독	8m미만	38.97	89	201804	12	16700	1975	아양로7길
2714010100	대구광역시 동구 신암동	6**	단독	8m미만	50.58	90.6	201804	12	15300	1977	신암북로7길
2714010100	대구광역시 동구 신암동	4**	단독	8m미만	49.76	93	201804	20	12800	1975	신암로20길
2714010100	대구광역시 동구 신암동	6**	단독	8m미만	97.13	93.7	201804	7	14400	1979	신암북로11길
2714010100	대구광역시 동구 신암동	6**	단독	8m미만	91.95	94	201804	28	12000	1990	평화로
2714010100	대구광역시 동구 신암동	6**	단독	12m미만	161.69	94.1	201804	7	26000	1994	신암북로11길
2714010100	대구광역시 동구 신암동	2**	단독	8m미만	45.52	99.17	201804	27	7000	1978	신암남로15길
2714010100	대구광역시 동구 신암동	6**	단독	8m미만	65.61	100.7	201804	16	15000	1977	신암북로11길
2714010100	대구광역시 동구 신암동	8**	단독	8m미만	37.85	102	201804	9	6000	1961	경대로
2714010100	대구광역시 동구 신암동	6**	단독	8m미만	115.11	102.2	201804	3	18460	1991	신암북로7길
2714010100	대구광역시 동구 신암동	6**	단독	8m미만	107.1	105	201804	4	15200	1982	신암북로7길
2714010100	대구광역시 동구 신암동	7**	단독	8m미만	42.01	106	201804	10	32000	1955	신암북로
2714010100	대구광역시 동구 신암동	6**	단독	8m미만	110.93	106.2	201804	13	17000	1984	신암북로7길
2714010100	대구광역시 동구 신암동	1**	단독	8m미만	101.13	108	201804	26	24550	1986	아양로27길
2714010100	대구광역시 동구 신암동	6**	단독	8m미만	114.4	111.7	201804	21	21140	1990	신암북로
2714010100	대구광역시 동구 신암동	7**	단독	8m미만	122.76	112	201804	12	34000	1993	평화로
2714010100	대구광역시 동구 신암동	6**	단독	8m미만	116.92	112.6	201804	29	19700	1991	신암북로11길
2714010100	대구광역시 동구 신암동	7**	단독	12m미만	123.33	114	201804	20	51728	1994	아양로9길
2714010100	대구광역시 동구 신암동	6**	단독	8m미만	55.19	114.7	201804	18	16618	1977	신암북로11길
2714010100	대구광역시 동구 신암동	7**	단독	8m미만	53.12	119	201804	13	13200	1970	아양로7길
2714010100	대구광역시 동구 신암동	2**	단독	8m미만	51.24	120	201804	28	28000	1975	아양로22길
2714010100	대구광역시 동구 신암동	5*	단독	8m미만	116.56	121	201804	4	17500	1986	아양로41길
2714010100	대구광역시 동구 신암동	2**	단독	8m미만	64.33	128.9	201804	3	30000	1975	아양로24길
2714010100	대구광역시 동구 신암동	7**	단독	8m미만	41.81	129	201804	12	19511	1977	평화로
2714010100	대구광역시 동구 신암동	7**	단독	8m미만	128.6	129	201804	12	40000	1994	평화로
2714010100	대구광역시 동구 신암동	6**	단독	8m미만	140.2	129.5	201804	25	21000	1983	신암북로7길
2714010100	대구광역시 동구 신암동	6**	단독	8m미만	62.15	132	201804	8	10500	1973	아양로9길
2714010100	대구광역시 동구 신암동	6**	단독	8m미만	34.97	136	201804	30	12200	1972	아양로
2714010100	대구광역시 동구 신암동	2*	단독	8m미만	124.81	140	201804	13	22000	1986	아양로41길
2714010100	대구광역시 동구 신암동	4*	단독	8m미만	126.79	140	201804	3	23650	1986	아양로41길
2714010100	대구광역시 동구 신암동	7**	단독	12m미만	55.7	141	201804	20	33900	1970	아양로9길
2714010100	대구광역시 동구 신암동	1**	단독	8m미만	148.22	144	201804	10	28800	1988	아양로
2714010100	대구광역시 동구 신암동	6**	단독	12m미만	138.45	148.1	201804	2	25000	1979	신암북로7길
2714010100	대구광역시 동구 신암동	1**	단독	8m미만	57.85	152	201804	29	16000	1976	동북로75길
2714010100	대구광역시 동구 신암동	2**	단독	8m미만	170.04	153.3	201804	24	21800	1981	신암남로11길
2714010100	대구광역시 동구 신암동	7**	단독	8m미만	71.16	156	201804	13	17500	1982	평화로
2714010100	대구광역시 동구 신암동	6**	단독	8m미만	131.54	159	201804	27	21700	1974	아양로9길
2714010100	대구광역시 동구 신암동	6**	단독	8m미만	162.3	159	201804	20	24000	1973	아양로9길
2714010100	대구광역시 동구 신암동	7**	단독	8m미만	79.48	162	201804	12	24874	1973	아양로9길
2714010100	대구광역시 동구 신암동	7**	단독	12m미만	165.68	162	201804	12	45000	1986	아양로7길
2714010100	대구광역시 동구 신암동	5**	단독	12m미만	83.57	165	201804	27	50990	1976	아양로21길
2714010100	대구광역시 동구 신암동	6**	단독	12m미만	174.13	165	201804	30	40000	1989	평화로
2714010100	대구광역시 동구 신암동	6**	단독	8m미만	100.86	165.1	201804	8	21730	1978	신암북로11길
2714010100	대구광역시 동구 신암동	1**	단독	8m미만	134.18	166	201804	20	36200	1979	동북로71길
2714010100	대구광역시 동구 신암동	6**	단독	8m미만	114.1	167.3	201804	30	23350	1979	신암북로
2714010100	대구광역시 동구 신암동	6**	단독	8m미만	164.88	167.4	201804	9	27150	1980	신암북로7길
2714010100	대구광역시 동구 신암동	7**	단독	8m미만	178	172	201804	29	21300	1988	아양로
2714010100	대구광역시 동구 신암동	6*	단독	12m미만	307.87	178	201804	27	42500	1991	아양로39길
2714010100	대구광역시 동구 신암동	7**	단독	12m미만	197.5	182	201804	20	38539	1992	아양로9길
2714010100	대구광역시 동구 신암동	7**	단독	12m미만	137.69	210	201804	12	58234	1977	평화로
2714010100	대구광역시 동구 신암동	6**	단독	12m미만	250.55	220.4	201804	17	37968	1980	신암북로7길
2714010100	대구광역시 동구 신암동	2**	단독	8m미만	97.55	223.5	201804	28	43660	1977	아양로24길
2714010100	대구광역시 동구 신암동	1**	단독	25m이상	494.69	225	201804	12	96500	2003	동북로
2714010100	대구광역시 동구 신암동	1**	단독	8m미만	150.3	229	201804	9	18250	1979	큰고개로
2714014100	대구광역시 동구 신용동	2**	단독	8m미만	60.39	182	201804	23	10000	1985	파계로120길
2714010200	대구광역시 동구 신천동	2**	단독	8m미만	44.6	90.2	201804	23	8900	1973	송라로12길
2714010200	대구광역시 동구 신천동	7*	단독	8m미만	104.83	94	201804	25	80000	1975	동부로21길
2714010200	대구광역시 동구 신천동	3**	단독	8m미만	198	117	201804	1	20000	1991	동부로34길
2714010200	대구광역시 동구 신천동	6*	단독	8m미만	66.32	118.7	201804	25	49126	1976	동부로21길
2714010200	대구광역시 동구 신천동	4**	단독	12m미만	133.36	121	201804	13	24000	1978	화랑로11길
2714010200	대구광역시 동구 신천동	4**	단독	12m미만	81.98	121.6	201804	2	31430	1978	화랑로9길
2714010200	대구광역시 동구 신천동	6*	단독	8m미만	66.72	123	201804	8	65600	1975	동부로21길
2714010200	대구광역시 동구 신천동	6*	단독	8m미만	120.95	123	201804	21	83600	1986	동부로21길
2714010200	대구광역시 동구 신천동	6*	단독	8m미만	132.13	123.6	201804	11	65000	1979	동부로21길
2714010200	대구광역시 동구 신천동	6*	단독	8m미만	67.53	131.9	201804	24	37920	1975	동부로21길
2714010200	대구광역시 동구 신천동	6*	단독	8m미만	77.62	135.9	201804	24	82200	1976	동부로15길
2714010200	대구광역시 동구 신천동	4**	단독	12m미만	249.66	139.2	201804	5	40928	1994	화랑로11길
2714010200	대구광역시 동구 신천동	6*	단독	8m미만	72.33	142.7	201804	24	44000	1977	동부로15길
2714010200	대구광역시 동구 신천동	4**	단독	12m미만	281.12	155	201804	2	43085	1989	화랑로11길
2714010200	대구광역시 동구 신천동	1**	단독	8m미만	96.71	156.9	201804	22	24000	1988	동대구로83길
2714010200	대구광역시 동구 신천동	4**	단독	12m미만	122.42	184.4	201804	4	32595	1980	화랑로9길
2714010200	대구광역시 동구 신천동	3**	단독	8m미만	290.13	187.1	201804	18	68000	2012	동부로30길
2714010200	대구광역시 동구 신천동	4**	단독	12m미만	437.49	195	201804	3	66842	1991	화랑로11길
2714010200	대구광역시 동구 신천동	6*	단독	8m미만	183.86	195.4	201804	13	57060	1975	동부로21길
2714010200	대구광역시 동구 신천동	6*	단독	8m미만	162.9	411.6	201804	25	300000	1975	동부로21길
2714013700	대구광역시 동구 용수동	8**	단독	8m미만	89.1	446	201804	3	33000	1997	팔공산로168길
2714011800	대구광역시 동구 율하동	1***	다가구	25m미만	389.48	263.9	201804	11	77000	2010	율하동로12길
2714011800	대구광역시 동구 율하동	2**	단독	8m미만	31.04	104	201804	16	14980	1961	반야월로14길
2714011800	대구광역시 동구 율하동	9**	단독	25m미만	178.03	164.4	201804	17	40500	1988	율하동로23길
2714011800	대구광역시 동구 율하동	9**	단독	8m미만	171.05	211.3	201804	10	36400	1989	율하동로21길
2714010900	대구광역시 동구 입석동	5**	단독	8m미만	174.24	149	201804	20	26250	1993	입석로3길
2714010800	대구광역시 동구 지저동	6**	다가구	8m미만	335.24	180	201804	6	65000	2016	해동로
2714010800	대구광역시 동구 지저동	7**	단독	8m미만	143.47	133	201804	17	18400	1989	방천로7길
2714010800	대구광역시 동구 지저동	6**	단독	8m미만	108.97	135	201804	2	19000	1985	공항로53길
2714010800	대구광역시 동구 지저동	7**	단독	12m미만	142.04	174	201804	17	20000	1987	해동로3길
2714013300	대구광역시 동구 진인동	8**	단독	8m미만	126.72	446	201804	16	24860	1989	인산로
2714010300	대구광역시 동구 효목동	6**	단독	8m미만	65.39	116	201804	30	15000	1974	화랑로27길
2714010300	대구광역시 동구 효목동	1**	단독	12m미만	83.19	139.8	201804	3	13000	1979	효동로1길
2714010300	대구광역시 동구 효목동	4**	단독	12m미만	252.92	157.3	201804	17	32700	1992	효목로3길
2714010300	대구광역시 동구 효목동	4**	단독	8m미만	71.7	168.9	201804	11	13000	1975	화랑로19길
2714010300	대구광역시 동구 효목동	1**	단독	8m미만	184.22	169.9	201804	3	25900	1991	효목로21길
2714010300	대구광역시 동구 효목동	1**	단독	8m미만	144.18	178.2	201804	3	33000	1983	효동로3길
2714010300	대구광역시 동구 효목동	9*	단독	12m미만	218.96	185.9	201804	23	35500	1980	아양로52길
2714010300	대구광역시 동구 효목동	4**	단독	12m미만	166.78	189.4	201804	30	32500	1983	효목로5길
2714010300	대구광역시 동구 효목동	1**	단독	8m미만	143.41	196	201804	25	34000	1973	null
2714010300	대구광역시 동구 효목동	3**	단독	8m미만	103.97	213.6	201804	24	30000	1975	효서로2길
2714010300	대구광역시 동구 효목동	1**	단독	8m미만	179.2	258.5	201804	25	40500	2003	효동로3길
2714010300	대구광역시 동구 효목동	3*	단독	8m미만	345.69	284	201804	16	34360	2001	효동로16길
2723011300	대구광역시 북구 검단동	7**	단독	8m미만	53.15	96.3	201804	5	8200	1979	검단동로
2723010300	대구광역시 북구 고성동1가	1**	단독	8m미만	14.84	49.3	201804	7	5000	1954	칠성남로4길
2723010300	대구광역시 북구 고성동1가	1**	단독	8m미만	33.4	76	201804	4	11500	1983	칠성남로4길
2723010300	대구광역시 북구 고성동1가	1**	단독	8m미만	40.06	95.9	201804	8	14900	1949	칠성남로4길
2723012500	대구광역시 북구 관음동	1***	단독	25m미만	329.47	197.1	201804	18	42000	1993	관음동로
2723012500	대구광역시 북구 관음동	1***	단독	12m미만	213.12	221.1	201804	21	32500	1995	관음중앙로21길
2723012300	대구광역시 북구 구암동	8**	단독	12m미만	263.1	162.7	201804	30	46000	2006	구암로60길
2723012200	대구광역시 북구 국우동	1***	단독	12m미만	302.99	193.2	201804	6	52500	2007	구리로34길
2723012200	대구광역시 북구 국우동	1***	단독	12m미만	338.02	215.5	201804	5	67200	2013	구리로36길
2723010700	대구광역시 북구 노원동1가	3*	단독	8m미만	53.16	109	201804	6	9240	1970	침산남로7길
2723010700	대구광역시 북구 노원동1가	1**	단독	12m미만	435.53	214.9	201804	17	53000	1996	오봉로10길
2723010800	대구광역시 북구 노원동2가	1**	다가구	8m미만	179.91	98.5	201804	20	13400	1995	오봉로7길
2723010800	대구광역시 북구 노원동2가	3**	단독	8m미만	52.17	92.6	201804	16	17600	1982	오봉로1길
2723010900	대구광역시 북구 노원동3가	4**	단독	25m미만	19.8	55.9	201804	30	10000	1981	3공단로
2723010900	대구광역시 북구 노원동3가	4**	단독	8m미만	75.27	159.7	201804	30	15000	1970	팔달북로8길
2723011000	대구광역시 북구 대현동	4**	단독	8m미만	45.72	50	201804	9	12000	1960	신천동로146길
2723011000	대구광역시 북구 대현동	1**	단독	8m미만	28.17	83	201804	29	5700	1969	대현로13길
2723011000	대구광역시 북구 대현동	5**	단독	8m미만	40.22	106	201804	26	14170	1972	대현남로2길
2723011000	대구광역시 북구 대현동	4**	단독	8m미만	50.98	112	201804	6	22000	1985	대현남로5길
2723011000	대구광역시 북구 대현동	4**	단독	8m미만	62.96	120.5	201804	30	24000	1974	대현로14길
2723011000	대구광역시 북구 대현동	4**	단독	8m미만	129.56	122.6	201804	28	33500	1969	신천동로146길
2723011000	대구광역시 북구 대현동	4**	단독	8m미만	42.31	133	201804	18	29500	1972	신천동로146길
2723011000	대구광역시 북구 대현동	1*	단독	8m미만	151.11	135	201804	4	30000	1991	경대로5길
2723011000	대구광역시 북구 대현동	1**	단독	8m미만	163.26	160.6	201804	14	20000	1990	대현로13길
2723011000	대구광역시 북구 대현동	1**	단독	8m미만	125.3	167	201804	30	28500	1984	null
2723011400	대구광역시 북구 동변동	6**	다가구	12m미만	327.6	199.9	201804	16	35500	2002	동변로15길
2723012400	대구광역시 북구 동천동	9**	다가구	12m미만	310.38	179.2	201804	16	55000	2002	팔거천동로34길
2723012400	대구광역시 북구 동천동	9**	단독	12m미만	199.81	195.5	201804	9	47000	2001	팔거천동로26길
2723011900	대구광역시 북구 동호동	3**	단독	8m미만	96.34	383	201804	16	39800	1995	동호안길
2723011200	대구광역시 북구 복현동	3**	단독	12m미만	116.29	106.5	201804	30	15200	1983	복현로2길
2723011200	대구광역시 북구 복현동	4**	단독	25m미만	65.79	144	201804	3	31000	1975	경대로
2723011200	대구광역시 북구 복현동	6**	단독	8m미만	299.7	217	201804	13	63300	2013	경대로서19길
2723011100	대구광역시 북구 산격동	1***	단독	8m미만	99.84	90	201804	26	12700	1983	산격로11길
2723011100	대구광역시 북구 산격동	1***	단독	8m미만	47.97	104.8	201804	28	14900	1975	대학로25길
2723011100	대구광역시 북구 산격동	1***	단독	8m미만	77.31	109	201804	4	5500	1981	연암공원로12길
2723011100	대구광역시 북구 산격동	1***	단독	8m미만	125.38	110.5	201804	10	20000	1983	대동로5길
2723011100	대구광역시 북구 산격동	1***	단독	12m미만	216.9	126	201804	9	35200	1993	산격로
2723011100	대구광역시 북구 산격동	4**	단독	12m미만	142.43	132	201804	3	27800	1985	대불서길
2723011100	대구광역시 북구 산격동	1***	단독	12m미만	131.82	135	201804	9	32200	1982	대동로1길
2723011100	대구광역시 북구 산격동	1***	단독	8m미만	50.71	136	201804	25	6000	1977	연암공원로8길
2723011100	대구광역시 북구 산격동	1***	단독	8m미만	50.74	142	201804	11	10000	1968	연암공원로7길
2723011100	대구광역시 북구 산격동	8**	단독	8m미만	160.88	142	201804	7	20000	1980	연암로
2723011100	대구광역시 북구 산격동	7**	단독	8m미만	157.04	148	201804	8	20500	1991	연암로
2723011100	대구광역시 북구 산격동	1***	단독	8m미만	163.11	161.2	201804	11	32500	1983	대동로3길
2723011100	대구광역시 북구 산격동	1***	단독	8m미만	67.21	162	201804	23	23275	1977	연암로
2723011100	대구광역시 북구 산격동	1***	단독	8m미만	179.76	166	201804	24	20000	1995	연암로4길
2723011100	대구광역시 북구 산격동	1***	단독	25m미만	85.39	180.2	201804	3	45000	1973	산격로
2723011100	대구광역시 북구 산격동	1***	단독	8m미만	307.32	219.5	201804	13	108000	2018	대학로13길
2723011100	대구광역시 북구 산격동	1***	단독	8m미만	176.89	225	201804	30	23000	1988	연암공원로
2723011100	대구광역시 북구 산격동	1***	단독	8m미만	425.18	259.5	201804	5	77000	2014	대구체육관로9길
2723011100	대구광역시 북구 산격동	5**	단독	8m미만	94.23	350	201804	6	56000	1998	연암공원로
2723011100	대구광역시 북구 산격동	1***	단독	8m미만	311.51	559	201804	20	25800	1991	연암공원로10길
2723011100	대구광역시 북구 산격동	1***	단독	8m미만	391.11	724.9	201804	4	100000	1980	산격로북9길
2723011500	대구광역시 북구 서변동	1***	다가구	25m미만	386.84	229.1	201804	6	84000	2003	서변로
2723011500	대구광역시 북구 서변동	1***	다가구	8m미만	399.7	280	201804	27	75300	2015	망월길
2723011800	대구광역시 북구 읍내동	8**	단독	8m미만	40.9	119	201804	25	14800	1968	칠곡중앙대로116길
2723011800	대구광역시 북구 읍내동	7**	단독	25m이상	1092.24	320	201804	5	124500	1993	칠곡중앙대로
2723010200	대구광역시 북구 칠성동2가	4**	단독	8m미만	136.49	191.7	201804	16	31000	1979	칠성시장로23길
2723010600	대구광역시 북구 침산동	1*	단독	8m미만	50.95	95	201804	16	12000	1975	침산남로
2723010600	대구광역시 북구 침산동	5**	단독	12m미만	69.25	119	201804	23	30348	1971	성북로9길
2723010600	대구광역시 북구 침산동	1***	단독	8m미만	54.78	120	201804	5	10750	1977	침산남로서9길
2723010600	대구광역시 북구 침산동	1***	단독	8m미만	52.89	124	201804	5	10750	1977	침산남로서9길
2723010600	대구광역시 북구 침산동	8*	단독	8m미만	72.36	124	201804	27	13700	1980	칠성시장로23길
2723012600	대구광역시 북구 태전동	5**	단독	8m미만	27.38	131	201804	6	19800	1985	학정로
2723012600	대구광역시 북구 태전동	2**	단독	8m미만	288.68	170	201804	26	65300	2017	칠곡중앙대로북53길
2723012800	대구광역시 북구 팔달동	8*	단독	8m미만	225.06	370	201804	20	71600	1983	매천로2길
2723012800	대구광역시 북구 팔달동	2**	단독	8m미만	196.27	424	201804	13	82200	1981	장태실2길
2723012000	대구광역시 북구 학정동	9**	단독	25m미만	213.38	214.2	201804	16	63900	2011	학남로
2717010100	대구광역시 서구 내당동	2**	다가구	8m미만	141.63	148.9	201804	4	26700	1987	평리로52길
2717010100	대구광역시 서구 내당동	3**	다가구	8m미만	147.84	153.7	201804	20	32900	1987	평리로50길
2717010100	대구광역시 서구 내당동	2**	다가구	12m미만	416.97	225.6	201804	13	69500	2002	서대구로2길
2717010100	대구광역시 서구 내당동	3**	다가구	12m미만	539.8	313.8	201804	22	86000	2003	서대구로11길
2717010100	대구광역시 서구 내당동	9**	단독	8m미만	23.47	43	201804	30	5500	1948	큰장로13길
2717010100	대구광역시 서구 내당동	5*	단독	8m미만	35.6	56	201804	12	8150	1985	달구벌대로
2717010100	대구광역시 서구 내당동	1***	단독	8m미만	37.75	66	201804	21	7500	1949	큰장로
2717010100	대구광역시 서구 내당동	9**	단독	8m미만	34.91	73	201804	6	4450	1956	달서로6길
2717010100	대구광역시 서구 내당동	9**	단독	8m미만	142.27	96	201804	27	12000	1994	달서로5안길
2717010100	대구광역시 서구 내당동	1***	단독	8m미만	33.19	99	201804	18	9750	1953	큰장로
2717010100	대구광역시 서구 내당동	3*	단독	8m미만	107.4	99.2	201804	10	15200	1990	통학로7길
2717010100	대구광역시 서구 내당동	*	단독	12m미만	219.35	140	201804	27	34000	1992	달서로9길
2717010100	대구광역시 서구 내당동	4**	단독	8m미만	148.62	147.2	201804	9	32400	1987	당산로51길
2717010100	대구광역시 서구 내당동	9**	단독	8m미만	148.45	158	201804	3	29000	1986	달서로5길
2717010100	대구광역시 서구 내당동	1**	단독	8m미만	91.07	158.4	201804	13	28900	1979	서대구로10길
2717010100	대구광역시 서구 내당동	2**	단독	12m미만	335.98	167.8	201804	5	84000	2017	서대구로7길
2717010100	대구광역시 서구 내당동	3**	단독	12m미만	193.04	182.6	201804	13	59500	1986	평리로50길
2717010100	대구광역시 서구 내당동	1**	단독	12m미만	218.73	202.1	201804	16	64800	1980	서대구로10길
2717010200	대구광역시 서구 비산동	4**	단독	8m미만	33.06	18	201804	18	3150	1971	달서로28길
2717010200	대구광역시 서구 비산동	4**	단독	8m미만	31.41	19	201804	5	4600	1971	달서로28길
2717010200	대구광역시 서구 비산동	4**	단독	12m미만	34.38	21	201804	5	6700	1971	달서로30길
2717010200	대구광역시 서구 비산동	1*	단독	12m미만	60.87	57	201804	2	14000	1993	북비산로75길
2717010200	대구광역시 서구 비산동	1***	단독	8m미만	31.91	58.8	201804	27	5000	1983	달서천로59길
2717010200	대구광역시 서구 비산동	7**	단독	8m미만	99.98	69	201804	22	11000	2004	북비산로59길
2717010200	대구광역시 서구 비산동	1*	단독	8m미만	50.3	76	201804	19	9000	1985	달서로42길
2717010200	대구광역시 서구 비산동	1**	단독	8m미만	90.2	76	201804	4	10800	1997	국채보상로81길
2717010200	대구광역시 서구 비산동	1**	단독	12m미만	223.44	77	201804	6	22000	1992	달서로12길
2717010200	대구광역시 서구 비산동	1**	단독	8m미만	43.14	83	201804	3	13000	1977	달서로34길
2717010200	대구광역시 서구 비산동	2**	단독	12m미만	180.52	83	201804	12	19300	1998	통학로16길
2717010200	대구광역시 서구 비산동	7**	단독	8m미만	46.98	89	201804	10	7500	1976	통학로48길
2717010200	대구광역시 서구 비산동	1***	단독	12m미만	189.72	91.6	201804	22	19000	1994	달서천로55길
2717010200	대구광역시 서구 비산동	3**	단독	8m미만	87.96	92	201804	15	23000	1978	국채보상로67길
2717010200	대구광역시 서구 비산동	1***	단독	8m미만	102.74	92.3	201804	26	10800	1992	달서천로41길
2717010200	대구광역시 서구 비산동	1***	단독	8m미만	64.6	97.9	201804	18	7000	1977	서대구로62길
2717010200	대구광역시 서구 비산동	1***	단독	8m미만	47.48	99	201804	30	19000	2005	달서천로61안길
2717010200	대구광역시 서구 비산동	7**	단독	8m미만	93.89	102	201804	9	19000	1984	북비산로61길
2717010200	대구광역시 서구 비산동	8*	단독	8m미만	173.81	102	201804	29	17000	1994	달서로32길
2717010200	대구광역시 서구 비산동	1***	단독	8m미만	142.65	115.7	201804	13	8600	1992	달서천로41길
2717010200	대구광역시 서구 비산동	7**	단독	8m미만	106.65	119	201804	10	19000	1992	통학로48길
2717010200	대구광역시 서구 비산동	5**	단독	8m미만	48.4	122	201804	20	12000	2008	달서로
2717010200	대구광역시 서구 비산동	9*	단독	8m미만	53.59	122	201804	5	8700	1974	달서로30길
2717010200	대구광역시 서구 비산동	2***	단독	12m미만	80.67	132.9	201804	3	24000	1949	북비산로74길
2717010200	대구광역시 서구 비산동	1***	단독	8m미만	146.36	134.3	201804	6	14500	1989	달서천로
2717010200	대구광역시 서구 비산동	6**	단독	12m미만	139.26	135	201804	28	27000	1992	북비산로67길
2717010200	대구광역시 서구 비산동	9**	단독	12m미만	278.28	137.6	201804	21	29250	1991	달서천로55길
2717010200	대구광역시 서구 비산동	4**	단독	8m미만	145.68	139	201804	23	15500	1986	문화로
2717010200	대구광역시 서구 비산동	9**	단독	8m미만	84.3	146.4	201804	18	19000	1977	서대구로64길
2717010200	대구광역시 서구 비산동	8**	단독	8m미만	143.48	163	201804	5	29000	1990	북비산로49길
2717010200	대구광역시 서구 비산동	5**	단독	8m미만	159.15	166	201804	5	31500	1988	문화로67길
2717010200	대구광역시 서구 비산동	1***	단독	25m미만	195.18	171.6	201804	27	51500	1982	서대구로62길
2717010200	대구광역시 서구 비산동	9**	단독	12m미만	193.67	173.2	201804	11	35000	1987	서대구로64길
2717010200	대구광역시 서구 비산동	1***	단독	12m미만	161.21	184	201804	16	28000	1977	달서천로65길
2717010200	대구광역시 서구 비산동	9**	단독	25m미만	487.52	192.6	201804	10	72800	2003	달서천로57길
2717010800	대구광역시 서구 원대동2가	1**	단독	8m미만	303.79	166	201804	12	24700	1990	고성로25길
2717010900	대구광역시 서구 원대동3가	1***	단독	8m미만	125.8	116	201804	28	14500	1983	옥산로6길
2717010900	대구광역시 서구 원대동3가	1***	단독	8m미만	167.22	152	201804	6	32000	1994	고성로
2717010900	대구광역시 서구 원대동3가	1***	단독	8m미만	59.9	165	201804	13	24060	1949	달서로55길
2717010500	대구광역시 서구 중리동	1***	단독	8m미만	164.19	172	201804	10	31500	1983	와룡로72길
2717010300	대구광역시 서구 평리동	1***	다가구	12m미만	144.71	125	201804	16	25700	1989	국채보상로52길
2717010300	대구광역시 서구 평리동	1***	다가구	12m미만	266.48	145.3	201804	25	50000	2007	통학로13길
2717010300	대구광역시 서구 평리동	1***	다가구	12m미만	486.11	219	201804	25	119000	2017	국채보상로42길
2717010300	대구광역시 서구 평리동	1***	단독	12m미만	55.28	33	201804	2	8200	1974	통학로32길
2717010300	대구광역시 서구 평리동	1***	단독	8m미만	34.71	76	201804	18	8250	1968	평리로
2717010300	대구광역시 서구 평리동	1***	단독	12m미만	167.94	82	201804	28	15600	1995	통학로18길
2717010300	대구광역시 서구 평리동	6**	단독	12m미만	88.77	90.2	201804	27	16000	1991	북비산로
2717010300	대구광역시 서구 평리동	6**	단독	12m미만	153.46	94.8	201804	23	21500	1988	당산로86길
2717010300	대구광역시 서구 평리동	6**	단독	8m미만	91.9	95.2	201804	25	12000	1983	북비산로30길
2717010300	대구광역시 서구 평리동	1***	단독	8m미만	180.68	96	201804	19	19200	1994	통학로18길
2717010300	대구광역시 서구 평리동	6**	단독	8m미만	107.08	97.4	201804	13	12500	1996	문화로47길
2717010300	대구광역시 서구 평리동	1***	단독	8m미만	106.47	103.1	201804	27	15000	1989	국채보상로55길
2717010300	대구광역시 서구 평리동	9**	단독	25m미만	175	105	201804	27	25000	1990	문화로
2717010300	대구광역시 서구 평리동	1***	단독	12m미만	149.22	106	201804	10	17600	1983	당산로82길
2717010300	대구광역시 서구 평리동	1***	단독	8m미만	122.06	114.1	201804	28	22150	1989	국채보상로49길
2717010300	대구광역시 서구 평리동	1***	단독	12m미만	168	115.4	201804	11	29400	1997	통학로28길
2717010300	대구광역시 서구 평리동	7**	단독	8m미만	240.76	116	201804	20	21300	1994	북비산로60길
2717010300	대구광역시 서구 평리동	6**	단독	8m미만	69.04	116.8	201804	7	16000	1979	당산로86길
2717010300	대구광역시 서구 평리동	6**	단독	25m이상	163.04	117.7	201804	9	20500	1985	북비산로
2717010300	대구광역시 서구 평리동	1***	단독	8m미만	66.05	121	201804	21	20200	1979	국채보상로53길
2717010300	대구광역시 서구 평리동	1***	단독	8m미만	81.73	122.8	201804	12	18000	1979	당산로82길
2717010300	대구광역시 서구 평리동	1***	단독	8m미만	119.47	125.2	201804	24	16030	1979	국채보상로52길
2717010300	대구광역시 서구 평리동	1***	단독	8m미만	142.82	125.9	201804	18	24700	1991	국채보상로53길
2717010300	대구광역시 서구 평리동	8**	단독	12m미만	109.86	127	201804	30	14200	1977	통학로28길
2717010300	대구광역시 서구 평리동	1***	단독	8m미만	195.91	127.4	201804	10	17000	1983	평리로73길
2717010300	대구광역시 서구 평리동	6**	단독	8m미만	129.36	128.8	201804	26	17500	2001	서대구로45길
2717010300	대구광역시 서구 평리동	1***	단독	8m미만	154.83	132.4	201804	30	22000	1986	서대구로
2717010300	대구광역시 서구 평리동	6**	단독	12m미만	67.63	133.2	201804	20	25200	1977	서대구로40길
2717010300	대구광역시 서구 평리동	1***	단독	12m미만	211.98	134.9	201804	9	24000	1992	서대구로38길
2717010300	대구광역시 서구 평리동	1***	단독	8m미만	71.66	139	201804	27	21800	1978	국채보상로53길
2717010300	대구광역시 서구 평리동	6**	단독	12m미만	226.08	139.2	201804	20	29800	1993	서대구로40길
2717010300	대구광역시 서구 평리동	1***	단독	25m미만	196.79	140.8	201804	30	27500	1983	통학로
2717010300	대구광역시 서구 평리동	1***	단독	12m미만	140.52	151.5	201804	20	25100	2006	평리로73길
2717010300	대구광역시 서구 평리동	7**	단독	8m미만	157.72	151.9	201804	21	27700	1982	서대구로
2717010300	대구광역시 서구 평리동	1***	단독	8m미만	138.96	152.7	201804	4	22000	1983	서대구로33길
2717010300	대구광역시 서구 평리동	1***	단독	8m미만	248.52	155.7	201804	23	25000	1994	평리로
2717010300	대구광역시 서구 평리동	1***	단독	8m미만	170.58	155.8	201804	10	30000	1991	국채보상로53길
2717010300	대구광역시 서구 평리동	6**	단독	8m미만	131.26	156.3	201804	13	20400	1988	북비산로49길
2717010300	대구광역시 서구 평리동	6**	단독	8m미만	179.5	173.4	201804	19	28000	1995	통학로
2717010300	대구광역시 서구 평리동	1***	단독	12m미만	213.68	196.8	201804	4	46500	1978	평리로73길
2717010300	대구광역시 서구 평리동	1***	단독	12m미만	146.48	201	201804	27	20000	1978	국채보상로42길
2717010300	대구광역시 서구 평리동	9**	단독	8m미만	193.83	224	201804	20	29000	1989	문화로51길
2717010300	대구광역시 서구 평리동	7**	단독	8m미만	164.75	234	201804	3	17800	1990	문화로61길
2726011100	대구광역시 수성구 두산동	3*	단독	8m미만	298.89	168.3	201804	28	34400	1995	들안로16길
2726011100	대구광역시 수성구 두산동	5*	단독	12m미만	164.95	209.2	201804	13	45800	1990	들안로14길
2726011100	대구광역시 수성구 두산동	2*	단독	12m미만	461.46	235.8	201804	13	125500	2018	청수로20길
2726010200	대구광역시 수성구 만촌동	6**	단독	12m미만	109.7	99.3	201804	4	53000	2016	화랑로32길
2726010200	대구광역시 수성구 만촌동	8**	단독	12m미만	115.84	100.3	201804	10	45000	1988	교학로12길
2726010200	대구광역시 수성구 만촌동	8**	단독	8m미만	99.71	105.1	201804	23	31250	1986	교학로
2726010200	대구광역시 수성구 만촌동	8**	단독	12m미만	118.84	111.4	201804	23	60000	1988	교학로15길
2726010200	대구광역시 수성구 만촌동	8**	단독	12m미만	118.84	111.4	201804	23	49950	1988	교학로15길
2726010200	대구광역시 수성구 만촌동	8**	단독	25m미만	120.6	117.9	201804	23	39047	1988	교학로
2726010200	대구광역시 수성구 만촌동	8**	단독	8m미만	128.54	118.5	201804	24	38538	1988	교학로15길
2726010200	대구광역시 수성구 만촌동	8**	단독	8m미만	128.54	118.6	201804	26	57400	1988	교학로15길
2726010200	대구광역시 수성구 만촌동	8**	단독	8m미만	132.6	125.1	201804	21	68000	1988	달구벌대로536길
2726010200	대구광역시 수성구 만촌동	8**	단독	8m미만	99.51	126.1	201804	23	52500	1986	교학로
2726010200	대구광역시 수성구 만촌동	8**	단독	25m미만	144.73	129.1	201804	23	45000	1987	교학로
2726010200	대구광역시 수성구 만촌동	1***	단독	12m미만	134.18	131.6	201804	12	55500	1983	달구벌대로522길
2726010200	대구광역시 수성구 만촌동	1***	단독	12m미만	141.23	131.6	201804	30	250000	1987	청호로96길
2726010200	대구광역시 수성구 만촌동	8**	단독	8m미만	141.01	133.9	201804	20	72900	1989	교학로
2726010200	대구광역시 수성구 만촌동	8**	단독	12m미만	121.13	134.6	201804	23	72000	1986	교학로15길
2726010200	대구광역시 수성구 만촌동	8**	단독	25m미만	154.8	137.9	201804	28	54000	1992	교학로
2726010200	대구광역시 수성구 만촌동	8**	단독	8m미만	146.25	139.4	201804	15	72867	1989	교학로
2726010200	대구광역시 수성구 만촌동	8**	단독	25m미만	235.9	139.9	201804	23	84000	1989	교학로
2726010200	대구광역시 수성구 만촌동	8**	단독	8m미만	146.31	141.4	201804	2	46000	1983	교학로12길
2726010200	대구광역시 수성구 만촌동	8**	단독	8m미만	143.45	142	201804	23	55000	1984	교학로
2726010200	대구광역시 수성구 만촌동	8**	단독	25m미만	153.11	142	201804	24	70000	1985	교학로
2726010200	대구광역시 수성구 만촌동	8**	단독	25m미만	360.84	142	201804	24	102000	1991	교학로
2726010200	대구광역시 수성구 만촌동	6**	단독	8m미만	136.73	143.3	201804	17	21000	1992	공경로
2726010200	대구광역시 수성구 만촌동	8**	단독	8m미만	141.83	145.7	201804	23	57000	1985	교학로19길
2726010200	대구광역시 수성구 만촌동	8**	단독	8m미만	157.64	148.1	201804	23	115000	1989	교학로
2726010200	대구광역시 수성구 만촌동	8**	단독	8m미만	155.6	149.6	201804	23	63800	1985	교학로19길
2726010200	대구광역시 수성구 만촌동	8**	단독	8m미만	120.36	150.2	201804	15	54000	1986	교학로19길
2726010200	대구광역시 수성구 만촌동	8**	단독	8m미만	136.87	151.2	201804	23	80000	1986	교학로
2726010200	대구광역시 수성구 만촌동	8**	단독	8m미만	127.12	151.3	201804	23	40000	1986	교학로19길
2726010200	대구광역시 수성구 만촌동	8**	단독	12m미만	137.19	151.4	201804	15	84000	1986	교학로15길
2726010200	대구광역시 수성구 만촌동	8**	단독	8m미만	138.33	151.4	201804	23	70000	1986	교학로19길
2726010200	대구광역시 수성구 만촌동	9**	단독	8m미만	110.18	152.7	201804	11	36950	1978	무열로
2726010200	대구광역시 수성구 만촌동	8**	단독	8m미만	143.68	153.5	201804	27	67722	1985	교학로
2726010200	대구광역시 수성구 만촌동	8**	단독	8m미만	146.7	154.5	201804	23	77000	1988	교학로
2726010200	대구광역시 수성구 만촌동	8**	단독	12m미만	174.9	155.5	201804	15	94000	1986	교학로15길
2726010200	대구광역시 수성구 만촌동	8**	단독	8m미만	155.6	156.3	201804	23	66434	1985	교학로19길
2726010200	대구광역시 수성구 만촌동	8**	단독	8m미만	155.6	157.4	201804	23	46000	1985	교학로19길
2726010200	대구광역시 수성구 만촌동	8**	단독	12m미만	193.24	158.5	201804	23	61000	1986	교학로15길
2726010200	대구광역시 수성구 만촌동	8**	단독	25m미만	161.61	158.7	201804	23	72000	1986	교학로
2726010200	대구광역시 수성구 만촌동	8**	단독	8m미만	166.94	158.9	201804	23	48800	1995	교학로19길
2726010200	대구광역시 수성구 만촌동	8**	단독	8m미만	127.83	159.1	201804	23	53000	1987	교학로
2726010200	대구광역시 수성구 만촌동	8**	단독	8m미만	125.26	159.3	201804	23	90000	1986	교학로19길
2726010200	대구광역시 수성구 만촌동	8**	단독	8m미만	155.6	160.4	201804	25	87500	1985	교학로19길
2726010200	대구광역시 수성구 만촌동	8**	단독	25m미만	168.16	161.6	201804	23	60000	1985	교학로
2726010200	대구광역시 수성구 만촌동	8**	단독	12m미만	170.15	161.7	201804	15	120000	1987	교학로15길
2726010200	대구광역시 수성구 만촌동	8**	단독	12m미만	147.84	162	201804	24	64000	1986	교학로15길
2726010200	대구광역시 수성구 만촌동	8**	단독	8m미만	155.6	162.3	201804	23	59500	1985	교학로15길
2726010200	대구광역시 수성구 만촌동	8**	단독	8m미만	155.6	162.4	201804	26	99500	1985	교학로15길
2726010200	대구광역시 수성구 만촌동	8**	단독	12m미만	162.88	162.5	201804	23	59900	1985	교학로15길
2726010200	대구광역시 수성구 만촌동	8**	단독	8m미만	173.56	163.3	201804	23	75000	1995	교학로19길
2726010200	대구광역시 수성구 만촌동	8**	단독	8m미만	120.36	165	201804	23	52500	1985	교학로19길
2726010200	대구광역시 수성구 만촌동	8**	단독	8m미만	120.36	165	201804	23	50000	1985	교학로19길
2726010200	대구광역시 수성구 만촌동	6**	단독	8m미만	44.23	167.9	201804	26	15700	1982	국채보상로205길
2726010200	대구광역시 수성구 만촌동	8**	단독	8m미만	155.6	169.1	201804	23	65000	1985	교학로19길
2726010200	대구광역시 수성구 만촌동	8**	단독	8m미만	155.6	169.2	201804	23	48200	1985	교학로19길
2726010200	대구광역시 수성구 만촌동	8**	단독	12m미만	184.8	171.8	201804	23	78000	1986	교학로
2726010200	대구광역시 수성구 만촌동	8**	단독	8m미만	155.6	179.5	201804	24	52000	1985	교학로15길
2726010200	대구광역시 수성구 만촌동	8**	단독	25m미만	338.87	179.8	201804	15	190000	1989	교학로
2726010200	대구광역시 수성구 만촌동	8**	단독	8m미만	165.95	181.2	201804	23	59800	1985	교학로19길
2726010200	대구광역시 수성구 만촌동	8**	단독	12m미만	168.97	183.9	201804	27	117000	1986	교학로
2726010200	대구광역시 수성구 만촌동	8**	단독	12m미만	158.81	184	201804	23	70500	1987	교학로
2726010200	대구광역시 수성구 만촌동	8**	단독	12m미만	158.97	186.9	201804	23	77848	1986	교학로15길
2726010200	대구광역시 수성구 만촌동	8**	단독	8m미만	139.43	188.3	201804	23	60000	1985	교학로
2726010200	대구광역시 수성구 만촌동	8**	단독	8m미만	164.85	191.6	201804	27	73000	1988	교학로16길
2726010200	대구광역시 수성구 만촌동	8**	단독	8m미만	174.68	199.6	201804	26	107610	1986	교학로15길
2726010200	대구광역시 수성구 만촌동	4**	단독	12m미만	144.18	202	201804	17	41500	1978	만촌로32길
2726010200	대구광역시 수성구 만촌동	8**	단독	25m미만	479.12	206.1	201804	23	165000	2003	교학로
2726010200	대구광역시 수성구 만촌동	1***	단독	8m미만	96.73	206.3	201804	23	32500	1978	세진로
2726010200	대구광역시 수성구 만촌동	8**	단독	12m미만	138.82	213.3	201804	23	77000	1986	교학로15길
2726010200	대구광역시 수성구 만촌동	8**	단독	12m미만	374.75	213.8	201804	27	200000	1991	교학로
2726010200	대구광역시 수성구 만촌동	8**	단독	25m미만	160.05	220.9	201804	23	148700	1988	교학로
2726010200	대구광역시 수성구 만촌동	6**	단독	8m미만	98.93	226.1	201804	11	40500	2015	국채보상로205길
2726010200	대구광역시 수성구 만촌동	6**	단독	12m미만	81.62	227.1	201804	6	40000	1976	무열로39길
2726010200	대구광역시 수성구 만촌동	9**	단독	25m미만	225.6	317.6	201804	4	107000	1986	만촌로
2726010200	대구광역시 수성구 만촌동	1***	단독	12m미만	463.88	342.2	201804	10	75000	1987	동원로28길
2726011500	대구광역시 수성구 매호동	1***	단독	12m미만	326.68	196.3	201804	23	61800	1997	달구벌대로627길
2726011300	대구광역시 수성구 범물동	1***	단독	8m미만	192.77	181.4	201804	28	30000	1993	지범로46길
2726011300	대구광역시 수성구 범물동	1***	단독	8m미만	294.72	196.6	201804	27	31000	1996	범안로3길
2726010100	대구광역시 수성구 범어동	2**	단독	8m미만	127.48	118.1	201804	5	32200	1979	범어로20길
2726010100	대구광역시 수성구 범어동	8**	단독	25m미만	66.24	123.6	201804	25	65000	1976	청솔로14길
2726010100	대구광역시 수성구 범어동	2**	단독	8m미만	137.55	131.7	201804	26	36000	1988	달구벌대로502길
2726010100	대구광역시 수성구 범어동	8**	단독	8m미만	74.35	131.9	201804	24	68000	1976	청솔로16길
2726010100	대구광역시 수성구 범어동	8**	단독	25m미만	154.01	132.9	201804	5	75700	1990	청솔로14길
2726010100	대구광역시 수성구 범어동	8**	단독	8m미만	74.74	133.6	201804	20	40000	1977	청솔로12길
2726010100	대구광역시 수성구 범어동	2**	단독	8m미만	73.85	143.1	201804	16	42000	1975	범어로20길
2726010100	대구광역시 수성구 범어동	2**	단독	8m미만	88.08	154	201804	17	57000	1997	범어로16길
2726010100	대구광역시 수성구 범어동	2**	단독	8m미만	68.69	166.32	201804	28	42250	1976	범어로20길
2726010100	대구광역시 수성구 범어동	2**	단독	12m미만	140.09	206.8	201804	24	58270	1978	범어로19길
2726010100	대구광역시 수성구 범어동	1**	단독	8m미만	123.61	211.9	201804	25	37255	1978	범어로
2726010100	대구광역시 수성구 범어동	2**	단독	12m미만	259.29	242.3	201804	18	158000	1974	범어로
2726010100	대구광역시 수성구 범어동	2**	단독	8m미만	494.39	267.1	201804	30	202000	2018	범어로20길
2726010100	대구광역시 수성구 범어동	4*	단독	8m미만	82.25	273.9	201804	9	75000	1978	동대구로80길
2726010100	대구광역시 수성구 범어동	1**	단독	12m미만	149.19	298.8	201804	23	79000	1979	동대구로80길
2726012200	대구광역시 수성구 삼덕동	5**	단독	8m미만	76.5	405	201804	14	75900	1988	범안로60길
2726010900	대구광역시 수성구 상동	1**	단독	12m미만	198.43	87.85	201804	30	23528	1982	수성로25길
2726010900	대구광역시 수성구 상동	1**	단독	12m미만	148.88	102	201804	22	34500	2005	수성로25길
2726010900	대구광역시 수성구 상동	1**	단독	8m미만	66.12	172	201804	9	21800	1969	상화로3길
2726010900	대구광역시 수성구 상동	1**	단독	12m미만	176.58	179	201804	6	42500	1990	상화로3길
2726010900	대구광역시 수성구 상동	3*	단독	12m미만	183.27	299.9	201804	11	54000	1984	수성로24길
2726010300	대구광역시 수성구 수성동1가	2**	단독	8m미만	59.97	132	201804	12	29100	1970	수성로
2726010300	대구광역시 수성구 수성동1가	9*	단독	12m미만	136.35	137	201804	20	88000	1985	달구벌대로456길
2726010400	대구광역시 수성구 수성동2가	2**	단독	8m미만	56.56	131.6	201804	4	24000	1977	수성로64길
2726010400	대구광역시 수성구 수성동2가	5*	단독	8m미만	64.3	143.8	201804	30	32000	1975	수성로68길
2726010400	대구광역시 수성구 수성동2가	8*	단독	8m미만	74.22	147.8	201804	14	49300	1975	수성로64길
2726010400	대구광역시 수성구 수성동2가	8*	단독	8m미만	81.21	162	201804	10	47900	1973	수성로62길
2726010400	대구광역시 수성구 수성동2가	2**	단독	25m이상	1825.9	859.6	201804	11	460000	1987	수성로
2726010500	대구광역시 수성구 수성동3가	2**	단독	8m미만	165.45	296.2	201804	1	88000	1974	들안로54길
2726010600	대구광역시 수성구 수성동4가	1***	단독	25m미만	230.25	134.6	201804	25	60000	1994	달구벌대로469길
2726012300	대구광역시 수성구 연호동	3**	단독	8m미만	98.9	298	201804	11	98000	1999	달구벌대로576길
2726010800	대구광역시 수성구 중동	4*	다가구	12m미만	424.16	268.6	201804	16	58000	1997	수성로50길
2726010800	대구광역시 수성구 중동	4**	단독	12m미만	184.71	83	201804	17	113000	1995	수성로37길
2726010800	대구광역시 수성구 중동	4**	단독	12m미만	49.42	85	201804	19	30000	1968	수성로39길
2726010800	대구광역시 수성구 중동	3**	단독	12m미만	81.68	102	201804	24	21500	1976	수성로51길
2726010800	대구광역시 수성구 중동	5**	단독	8m미만	57.12	132	201804	13	26000	1974	수성로51길
2726010800	대구광역시 수성구 중동	3**	단독	12m미만	194.48	177	201804	10	99000	1999	수성로37안길
2726010800	대구광역시 수성구 중동	2**	단독	12m미만	82.05	185	201804	16	48003	1976	수성로39안길
2726010800	대구광역시 수성구 중동	8*	단독	12m미만	165.84	212.9	201804	12	64400	1985	수성로46길
2726011200	대구광역시 수성구 지산동	3**	단독	8m미만	101.8	102	201804	10	19000	1990	지범로31안길
2726011200	대구광역시 수성구 지산동	1***	단독	8m미만	186.62	208.8	201804	25	35700	1991	무학로37안길
2726011200	대구광역시 수성구 지산동	9**	단독	8m미만	197.22	296	201804	10	53000	1990	동대구로14길
2726011000	대구광역시 수성구 파동	9*	단독	8m미만	68.13	91	201804	2	25700	1978	파동로44길
2726011000	대구광역시 수성구 파동	7*	단독	12m미만	117.22	109	201804	2	36300	1991	파동로32길
2726011000	대구광역시 수성구 파동	9*	단독	8m미만	55.13	113	201804	2	22145	1980	파동로44길
2726011000	대구광역시 수성구 파동	7*	단독	8m미만	102.55	121	201804	17	30000	1989	파동로30길
2726011000	대구광역시 수성구 파동	5**	단독	8m미만	82.92	128	201804	26	22280	1979	파동로3길
2726011000	대구광역시 수성구 파동	7*	단독	8m미만	141.63	152	201804	2	25000	1988	파동로30길
2726011000	대구광역시 수성구 파동	1**	단독	8m미만	78.64	162	201804	13	20000	1969	파동로38길
2726011000	대구광역시 수성구 파동	7*	단독	8m미만	82.77	162	201804	17	60000	1978	파동로40길
2726011000	대구광역시 수성구 파동	1**	단독	12m미만	141.46	165	201804	14	49650	1979	파동로3길
2726011000	대구광역시 수성구 파동	7*	단독	8m미만	94.74	172	201804	2	30000	1977	파동로44길
2726011000	대구광역시 수성구 파동	2*	단독	8m미만	95.16	172	201804	11	31500	2003	파동로37길
2726011000	대구광역시 수성구 파동	1**	단독	8m미만	185.36	172	201804	15	46000	1993	파동로38길
2726011000	대구광역시 수성구 파동	7*	단독	12m미만	73.38	173	201804	2	44000	1978	파동로32길
2726011000	대구광역시 수성구 파동	1**	단독	8m미만	70.17	179	201804	26	23300	1973	파동로38길
2726011000	대구광역시 수성구 파동	9*	단독	8m미만	146.4	195	201804	26	44250	1985	파동로40길
2726011000	대구광역시 수성구 파동	7*	단독	8m미만	151.13	203	201804	27	42000	1990	파동로30길
2726011000	대구광역시 수성구 파동	9*	단독	8m미만	160.98	215	201804	2	49900	1985	파동로40길
2726011000	대구광역시 수성구 파동	8*	단독	8m미만	96.78	235	201804	4	44793	1971	파동로40길
2726011000	대구광역시 수성구 파동	9*	단독	8m미만	68.1	240	201804	23	50000	1977	파동로40길
2726010700	대구광역시 수성구 황금동	7**	단독	12m미만	329.1	204.3	201804	5	68000	1994	희망로36길
2726010700	대구광역시 수성구 황금동	8**	단독	12m미만	365.12	208.4	201804	8	101000	2017	들안로28길
2726010700	대구광역시 수성구 황금동	8**	단독	8m미만	155.58	231.2	201804	26	40500	1984	들안로28길
2711012500	대구광역시 중구 교동	2*	단독	8m미만	623.77	314.9	201804	11	153000	2016	교동길
2711015600	대구광역시 중구 남산동	2***	단독	8m미만	26.74	53	201804	25	5400	1982	남산로2길
2711015600	대구광역시 중구 남산동	2***	단독	8m미만	30.74	56	201804	16	3740	1961	남산로3안길
2711015600	대구광역시 중구 남산동	2***	단독	12m미만	40.66	58.5	201804	15	12400	1957	명덕로
2711015600	대구광역시 중구 남산동	6**	단독	8m미만	35.7	63	201804	7	13500	1949	명륜로21길
2711015600	대구광역시 중구 남산동	2***	단독	8m미만	44.83	63	201804	12	16500	1955	남산로6길
2711015600	대구광역시 중구 남산동	6**	단독	25m미만	53.59	65	201804	25	27000	1950	명륜로
2711015600	대구광역시 중구 남산동	2***	단독	8m미만	21.29	76	201804	3	10700	1949	남산로3길
2711015600	대구광역시 중구 남산동	2***	단독	8m미만	105.08	79	201804	29	10700	1998	남산로1길
2711015600	대구광역시 중구 남산동	2**	단독	8m미만	77.68	84	201804	14	12000	1995	남산로4길
2711015600	대구광역시 중구 남산동	2**	단독	8m미만	77.68	84	201804	16	12800	1995	남산로4길
2711015600	대구광역시 중구 남산동	2***	단독	8m미만	42.44	93	201804	6	26490	1976	남산로17길
2711015600	대구광역시 중구 남산동	2***	단독	8m미만	83.66	95	201804	10	20000	1995	남산로12길
2711015600	대구광역시 중구 남산동	2***	단독	8m미만	51.44	98.8	201804	28	9000	1976	명덕로
2711015600	대구광역시 중구 남산동	2***	단독	8m미만	55.38	126.3	201804	9	14000	1970	명덕로
2711015600	대구광역시 중구 남산동	2***	단독	8m미만	141.28	139	201804	13	21000	1992	남산로2길
2711015600	대구광역시 중구 남산동	2***	단독	12m미만	73.56	144	201804	22	39000	1977	남산로13길
2711015600	대구광역시 중구 남산동	1**	단독	8m미만	62.14	151	201804	22	27000	1973	재마루길
2711015600	대구광역시 중구 남산동	2***	단독	8m미만	75.27	179	201804	21	40500	1975	남산로2길
2711015600	대구광역시 중구 남산동	2***	단독	8m미만	78.87	199	201804	10	48000	1960	남산로7길
2711015600	대구광역시 중구 남산동	2***	단독	25m미만	463.14	387	201804	4	139000	1980	남산로13길
2711015600	대구광역시 중구 남산동	2***	단독	25m미만	1112.87	387.1	201804	25	140000	1983	남산로2길
2711015500	대구광역시 중구 달성동	1**	단독	8m미만	32.4	89.3	201804	11	20790	1950	태평로4길
2711015500	대구광역시 중구 달성동	2**	단독	8m미만	76.45	114.1	201804	11	14500	1957	달성공원로8길
2711015500	대구광역시 중구 달성동	3*	단독	8m미만	105.95	217.6	201804	18	39250	1949	달성로21길
2711015700	대구광역시 중구 대봉동	5**	단독	8m미만	34.91	60	201804	23	6000	1961	명륜로22안길
2711015700	대구광역시 중구 대봉동	1**	단독	25m이상	75.87	202	201804	21	88000	1958	명덕로
2711015700	대구광역시 중구 대봉동	8*	단독	12m미만	366.48	221	201804	23	153755	2002	대봉로45길
2711015400	대구광역시 중구 대신동	6*	단독	8m미만	84.06	83	201804	13	12000	1992	달성공원로6길
2711015400	대구광역시 중구 대신동	8*	단독	12m미만	75.64	134	201804	6	25000	1949	국채보상로93길
2711014700	대구광역시 중구 대안동	1*	단독	8m미만	39.14	64	201804	21	12700	1954	서성로14길
2711014000	대구광역시 중구 동산동	1*	다가구	8m미만	594.63	283.6	201804	27	150000	2018	국채보상로99길
2711010300	대구광역시 중구 동인동3가	2**	단독	8m미만	84.8	76	201804	27	19000	1990	동덕로40길
2711010400	대구광역시 중구 동인동4가	2**	단독	8m미만	42.45	76.7	201804	2	9100	1978	국채보상로142길
2711010400	대구광역시 중구 동인동4가	3**	단독	8m미만	23.4	81.7	201804	17	18000	1982	국채보상로142길
2711010400	대구광역시 중구 동인동4가	3**	단독	12m미만	211.4	109.7	201804	20	75000	2018	국채보상로142길
2711010800	대구광역시 중구 봉산동	2**	단독	12m미만	176.99	167.3	201804	2	52000	1976	명륜로23길
2711010700	대구광역시 중구 삼덕동3가	1**	단독	12m미만	39.68	66.8	201804	30	19600	2010	국채보상로150길
2711014500	대구광역시 중구 서내동	1*	단독	12m미만	76.2	36.1	201804	24	13000	1971	서성로16길
2711013200	대구광역시 중구 인교동	1**	단독	8m미만	50.58	115.7	201804	17	17000	1949	서성로13길
3023010200	대전광역시 대덕구 대화동	3*	단독	8m미만	130.09	200	201804	14	14900	1978	동심1길
3023011500	대전광역시 대덕구 덕암동	5*	단독	12m미만	202.37	182.6	201804	11	22300	1992	덕암로213번길
3023010800	대전광역시 대덕구 법동	2**	단독	12m미만	329.43	207.8	201804	5	34900	1994	계족로608번길
3023010800	대전광역시 대덕구 법동	2**	단독	12m미만	216.45	208	201804	22	27500	1993	계족로608번길
3023011000	대전광역시 대덕구 비래동	1**	단독	12m미만	335.96	187.1	201804	27	45000	2002	우암로492번길
3023011600	대전광역시 대덕구 상서동	8**	단독	8m미만	64.53	194.1	201804	18	19250	1977	덕암로118번길
3023011100	대전광역시 대덕구 석봉동	2**	단독	12m미만	61.58	130.1	201804	9	12300	1977	대덕대로1605번길
3023011100	대전광역시 대덕구 석봉동	1**	단독	12m미만	99.82	160.3	201804	3	16000	1986	석봉로58번안길
3023011100	대전광역시 대덕구 석봉동	1**	단독	8m미만	49.59	205.4	201804	2	10000	1970	석봉로
3023011100	대전광역시 대덕구 석봉동	1**	단독	8m미만	142.02	272.1	201804	27	5000	1986	석봉로30번길
3023011100	대전광역시 대덕구 석봉동	2**	단독	12m미만	125.93	313.4	201804	9	29700	1975	대덕대로1605번길
3023010700	대전광역시 대덕구 송촌동	2**	단독	8m미만	114.91	142.7	201804	29	13400	1987	송촌남로56번길
3023010700	대전광역시 대덕구 송촌동	4**	단독	12m미만	325.13	190.2	201804	28	48500	1999	동춘당로48번길
3023010700	대전광역시 대덕구 송촌동	4**	단독	12m미만	339.75	218.6	201804	3	40000	1999	송촌로93번길
3023010700	대전광역시 대덕구 송촌동	5**	단독	12m미만	393.68	223.6	201804	8	40000	1988	동서대로1809번길
3023010500	대전광역시 대덕구 신대동	1**	단독	8m미만	124.16	327.9	201804	27	13000	1979	회덕로
3023012600	대전광역시 대덕구 신탄진동	2**	단독	8m미만	29.92	86	201804	17	4500	1968	남경마을로5번길
3023012600	대전광역시 대덕구 신탄진동	2**	단독	8m미만	49.59	144	201804	16	5000	1968	남경마을로
3023012600	대전광역시 대덕구 신탄진동	1*	단독	12m미만	329.45	196.9	201804	20	37300	1995	신탄진북로32번길
3023012600	대전광역시 대덕구 신탄진동	3**	단독	12m미만	149.78	255	201804	27	30000	1999	신탄진로844번길
3023012600	대전광역시 대덕구 신탄진동	3*	단독	12m미만	52.72	404.18	201804	19	18700	1979	대청로82번길
3023010100	대전광역시 대덕구 오정동	9*	단독	12m미만	101.4	101.2	201804	13	12200	1982	대전로1157번길
3023010100	대전광역시 대덕구 오정동	4**	단독	12m미만	65	161.6	201804	7	22000	1978	대전로1112번안길
3023010100	대전광역시 대덕구 오정동	3**	단독	12m미만	195.29	171.9	201804	17	22000	1991	한남로138번길
3023010100	대전광역시 대덕구 오정동	4**	단독	12m미만	163.3	208.1	201804	16	31500	1982	대전로1134번길
3023010100	대전광역시 대덕구 오정동	3**	단독	12m미만	204.02	245.8	201804	16	26000	1991	한남로138번길
3023010300	대전광역시 대덕구 읍내동	4**	단독	8m미만	68.04	148	201804	19	6500	1984	아리랑로113번안길
3023010300	대전광역시 대덕구 읍내동	2**	단독	8m미만	65.95	238	201804	11	15000	1976	대전로1375번길
3023010900	대전광역시 대덕구 중리동	3**	단독	8m미만	113.52	100.6	201804	17	15200	1988	한밭대로1129번길
3023010900	대전광역시 대덕구 중리동	3**	단독	12m미만	107.93	110.2	201804	21	16500	1989	한밭대로1111번길
3023010900	대전광역시 대덕구 중리동	2**	단독	25m미만	227	135.4	201804	23	48500	1993	홍도로
3023010900	대전광역시 대덕구 중리동	4**	단독	12m미만	323.43	190.2	201804	17	34500	1999	계족산로43번길
3023010900	대전광역시 대덕구 중리동	1**	단독	25m미만	379.62	212.8	201804	2	48500	1996	계족산로17번길
3023010900	대전광역시 대덕구 중리동	1**	단독	8m미만	150.62	219.1	201804	25	21000	1989	중리동로27번길
3011011400	대전광역시 동구 가양동	1**	다가구	12m미만	332.67	219.3	201804	6	40000	2001	충정로90번길
3011011400	대전광역시 동구 가양동	3**	단독	8m미만	52.89	87.9	201804	13	8800	1972	동대전로241번길
3011011400	대전광역시 동구 가양동	4*	단독	12m미만	106.74	133.1	201804	9	24000	1977	null
3011011400	대전광역시 동구 가양동	4**	단독	12m미만	156.44	168.8	201804	2	20200	1979	매봉로22번길
3011011400	대전광역시 동구 가양동	4**	단독	25m미만	130.36	173.1	201804	22	24000	1985	흥룡로
3011011400	대전광역시 동구 가양동	1**	단독	12m미만	299.78	176.4	201804	10	72500	2017	우암로326번길
3011011400	대전광역시 동구 가양동	1**	단독	12m미만	299.78	176.5	201804	27	69500	2017	우암로326번길
3011011400	대전광역시 동구 가양동	4**	단독	12m미만	98.26	206.7	201804	23	20500	1982	동대전로309번길
3011011400	대전광역시 동구 가양동	3*	단독	12m미만	146.76	212.3	201804	19	28800	1984	비래서로42번안길
3011011400	대전광역시 동구 가양동	4**	단독	8m미만	167.49	216.1	201804	19	19400	1982	합내로
3011011400	대전광역시 동구 가양동	4**	단독	12m미만	162.29	242.3	201804	7	40000	1977	동대전로263번길
3011011400	대전광역시 동구 가양동	5**	단독	12m미만	123.15	257	201804	14	28500	1977	갱이길
3011011400	대전광역시 동구 가양동	1**	단독	12m미만	386.89	332.9	201804	27	50000	1995	null
3011011400	대전광역시 동구 가양동	4*	단독	8m미만	235.45	408.3	201804	3	48000	1981	우암로381번길
3011013600	대전광역시 동구 낭월동	2**	단독	25m미만	88.1	140	201804	25	13500	1970	산내로1308번길
3011011000	대전광역시 동구 대동	1**	단독	12m미만	138.92	234	201804	25	37800	1975	비나리길
3011011000	대전광역시 동구 대동	1**	단독	8m미만	151.2	234.4	201804	21	40500	1980	용운로1번길
3011013700	대전광역시 동구 대별동	1**	단독	8m미만	71.17	357	201804	27	21600	1945	산서로
3011011800	대전광역시 동구 삼성동	3**	다가구	8m미만	475.95	260.8	201804	6	95000	2017	태전로104번길
3011011800	대전광역시 동구 삼성동	3**	단독	8m미만	55.8	99.2	201804	6	11000	1977	현암로10번길
3011011800	대전광역시 동구 삼성동	3**	단독	12m미만	166.36	135.9	201804	25	12000	1974	동서대로1504번길
3011011800	대전광역시 동구 삼성동	3**	단독	8m미만	92.49	169.3	201804	30	19600	1979	null
3011011800	대전광역시 동구 삼성동	3**	단독	12m미만	104.25	184.8	201804	23	20000	1980	태전로183번길
3011011800	대전광역시 동구 삼성동	1**	단독	12m미만	263.33	206.6	201804	16	24200	1983	대전로867번길
3011011800	대전광역시 동구 삼성동	3**	단독	12m미만	108.99	230.8	201804	22	12000	1978	null
3011011800	대전광역시 동구 삼성동	3**	단독	8m미만	85.26	264.5	201804	12	23000	1974	태전로153번길
3011010800	대전광역시 동구 삼정동	3**	단독	8m미만	53	331	201804	21	11800	2012	삼정로88번길
3011011600	대전광역시 동구 성남동	1*	단독	12m미만	61.03	88	201804	2	9000	1974	계족로358번길
3011011600	대전광역시 동구 성남동	4**	단독	12m미만	162.57	162.8	201804	23	30000	1984	동서대로1692번길
3011011300	대전광역시 동구 소제동	2**	단독	8m미만	95.41	50	201804	16	11000	1939	null
3011011300	대전광역시 동구 소제동	2**	단독	8m미만	36.36	89	201804	29	14300	1900	대동천우안5길
3011011300	대전광역시 동구 소제동	2**	단독	8m미만	51.5	228	201804	28	25900	1969	솔랑시울길
3011011200	대전광역시 동구 신안동	2**	단독	8m미만	74.05	162	201804	14	25609	1952	대동천우안4길
3011011200	대전광역시 동구 신안동	2**	단독	8m미만	60.03	185	201804	18	16900	1973	솜5길
3011010600	대전광역시 동구 신흥동	1**	단독	8m미만	40.8	33.06	201804	20	6265	1985	마을회관길
3011010600	대전광역시 동구 신흥동	1**	단독	25m미만	59.37	36	201804	15	9430	1995	충무로
3011010600	대전광역시 동구 신흥동	1**	단독	8m미만	28.06	40	201804	20	3592	1985	새들모퉁이길
3011010600	대전광역시 동구 신흥동	1**	단독	8m미만	51.33	40	201804	10	6230	1985	새들모퉁이길
3011010600	대전광역시 동구 신흥동	1**	단독	8m미만	55.04	49	201804	25	8565	1995	새들모퉁이길
3011010600	대전광역시 동구 신흥동	1**	단독	8m미만	27.36	53	201804	9	7700	1996	마을회관길
3011010600	대전광역시 동구 신흥동	1**	단독	8m미만	94.38	76	201804	13	12380	1996	마을회관길
3011010600	대전광역시 동구 신흥동	1**	단독	8m미만	44.4	79	201804	28	10500	1900	새들모퉁이길
3011010600	대전광역시 동구 신흥동	1**	단독	8m미만	84.49	79	201804	21	12000	1994	새들모퉁이길
3011010600	대전광역시 동구 신흥동	1**	단독	8m미만	63.47	98	201804	9	15880	1974	대동천우안3길
3011010600	대전광역시 동구 신흥동	1**	단독	8m미만	134.93	104	201804	6	16640	1999	마을회관2길
3011010600	대전광역시 동구 신흥동	1**	단독	8m미만	53.43	111	201804	29	11938	1980	마을회관1길
3011010600	대전광역시 동구 신흥동	1**	단독	8m미만	42.58	116	201804	20	12750	1961	마을회관3길
3011010600	대전광역시 동구 신흥동	1**	단독	8m미만	60.72	117	201804	17	13590	1985	새들2길
3011010600	대전광역시 동구 신흥동	1**	단독	8m미만	56.04	126	201804	8	14700	1981	마을회관길
3011010600	대전광역시 동구 신흥동	1**	단독	12m미만	75.56	126	201804	2	14000	1969	새들모퉁이길
3011010600	대전광역시 동구 신흥동	1**	단독	8m미만	76.84	136	201804	4	15470	1997	마을회관길
3011010600	대전광역시 동구 신흥동	1**	단독	8m미만	53.52	142	201804	9	14550	1973	마을회관길
3011010600	대전광역시 동구 신흥동	1**	단독	8m미만	69.52	142	201804	23	14348	1999	새들모퉁이길
3011010600	대전광역시 동구 신흥동	1**	단독	12m미만	85.79	169	201804	12	18800	1982	새들모퉁이길
3011010600	대전광역시 동구 신흥동	1**	단독	8m미만	39.67	175	201804	22	15500	1972	마을회관길
3011010600	대전광역시 동구 신흥동	1**	단독	8m미만	89.76	228	201804	19	22550	1982	마을회관길
3011010600	대전광역시 동구 신흥동	1**	단독	25m미만	88.77	437	201804	26	44078	1980	새들2길
3011010900	대전광역시 동구 용운동	4**	단독	8m미만	71.92	192	201804	2	17700	1976	산수1길
3011010900	대전광역시 동구 용운동	2**	단독	8m미만	114.66	222.2	201804	7	23000	1987	용운로147번길
3011010900	대전광역시 동구 용운동	3**	단독	25m미만	259.83	237.8	201804	3	41700	1987	새울로
3011011500	대전광역시 동구 용전동	1**	단독	8m미만	124.01	137.3	201804	19	18300	1981	null
3011011500	대전광역시 동구 용전동	1**	단독	8m미만	124.51	137.3	201804	19	25600	1981	동서대로1653번길
3011011500	대전광역시 동구 용전동	1**	단독	8m미만	104.36	146.3	201804	19	15300	1981	null
3011011500	대전광역시 동구 용전동	1**	단독	8m미만	115.03	157.5	201804	18	31500	1983	null
3011011500	대전광역시 동구 용전동	1**	단독	8m미만	115.03	160.5	201804	11	34500	1983	null
3011011500	대전광역시 동구 용전동	1**	단독	8m미만	141.46	164.7	201804	17	32500	1984	한밭대로1268번길
3011011500	대전광역시 동구 용전동	8*	단독	8m미만	160.67	170.9	201804	27	19300	1987	홍도로
3011011500	대전광역시 동구 용전동	3*	단독	8m미만	146.7	204.4	201804	19	28400	1985	null
3011011500	대전광역시 동구 용전동	1**	단독	12m미만	317.1	210.6	201804	5	49000	2010	계족로463번길
3011011500	대전광역시 동구 용전동	1**	단독	8m미만	158.05	249.7	201804	25	33000	1983	홍도로46번길
3011011500	대전광역시 동구 용전동	1**	단독	8m미만	583.83	260.2	201804	5	43000	1998	계족로469번길
3011010200	대전광역시 동구 인동	7*	단독	12m미만	264.3	329.6	201804	27	31700	1975	대흥로206번길
3011011100	대전광역시 동구 자양동	6*	다가구	8m미만	385.05	227.1	201804	28	53000	2002	백룡로6번길
3011011100	대전광역시 동구 자양동	6*	다가구	8m미만	393.12	230.1	201804	28	53000	2007	백룡로6번길
3011011100	대전광역시 동구 자양동	1**	단독	8m미만	88.32	137.1	201804	30	12100	1980	이화로
3011011100	대전광역시 동구 자양동	1**	단독	12m미만	199.23	139.6	201804	18	60000	2018	백룡로
3011011100	대전광역시 동구 자양동	8*	단독	8m미만	76.2	169.5	201804	16	9800	1983	성동로
3011011100	대전광역시 동구 자양동	5*	단독	25m이상	145.1	201	201804	19	51500	1983	동대전로
3011011100	대전광역시 동구 자양동	2**	단독	8m미만	70.35	215	201804	6	17000	1979	고니1길
3011010700	대전광역시 동구 판암동	5**	단독	25m미만	129.68	126.6	201804	4	17000	1984	옻밭5길
3011010700	대전광역시 동구 판암동	3**	단독	8m미만	57.65	179	201804	20	10000	1975	옥천로176번길
3011011700	대전광역시 동구 홍도동	1**	다가구	12m미만	186.54	195	201804	18	25000	1983	옛신탄진로67번길
3011011700	대전광역시 동구 홍도동	1*	단독	25m미만	184.41	186.5	201804	21	43000	1979	계족로409번길
3011011700	대전광역시 동구 홍도동	9*	단독	8m미만	321.81	245	201804	12	85000	2009	홍도로55번길
3011010300	대전광역시 동구 효동	1**	단독	25m이상	84.9	133	201804	5	29000	1972	계족로
3017011400	대전광역시 서구 가수원동	9**	다가구	12m미만	385.09	257.8	201804	16	90000	2013	원도안로26번길
3017011400	대전광역시 서구 가수원동	7**	단독	25m이상	433.92	189.9	201804	5	65000	1988	벌곡로
3017011400	대전광역시 서구 가수원동	7**	단독	8m미만	158.37	207	201804	11	24500	1990	가수원중로49번길
3017010900	대전광역시 서구 가장동	3*	단독	8m미만	122.28	161.9	201804	24	7000	1984	도산로282번길
3017010900	대전광역시 서구 가장동	5*	단독	12m미만	134.01	164.8	201804	3	26000	1978	괴정로184번길
3017010900	대전광역시 서구 가장동	4*	단독	8m미만	115.36	170.6	201804	20	25000	1983	갈마로295번길
3017010900	대전광역시 서구 가장동	4*	단독	8m미만	157.12	170.6	201804	20	25500	1983	갈마로295번길
3017010900	대전광역시 서구 가장동	5*	단독	12m미만	79.38	382.7	201804	8	54000	1988	null
3017011100	대전광역시 서구 갈마동	2**	다가구	8m미만	336.08	165.9	201804	12	26000	2001	계룡로314번길
3017011100	대전광역시 서구 갈마동	2**	단독	8m미만	151.35	190.9	201804	9	26100	1986	null
3017011100	대전광역시 서구 갈마동	1***	단독	8m미만	329.06	190.9	201804	24	36000	1998	괴정로11번길
3017011100	대전광역시 서구 갈마동	2**	단독	8m미만	271.59	202.8	201804	21	35500	2002	신갈마로
3017011100	대전광역시 서구 갈마동	1***	단독	12m미만	460.31	204.8	201804	13	50500	1995	갈마로147번길
3017011100	대전광역시 서구 갈마동	1***	단독	12m미만	485.94	207.7	201804	10	42000	1996	갈마중로50번길
3017011100	대전광역시 서구 갈마동	1***	단독	12m미만	487.17	228.6	201804	10	60500	1997	대덕대로155번길
3017011100	대전광역시 서구 갈마동	3**	단독	8m미만	277.34	257.1	201804	27	38500	1993	null
3017011100	대전광역시 서구 갈마동	2**	단독	8m미만	85	259.7	201804	4	28000	1984	계룡로
3017011100	대전광역시 서구 갈마동	3**	단독	12m미만	690.35	367.4	201804	16	107000	2011	계룡로342번길
3017011600	대전광역시 서구 관저동	1***	다가구	25m미만	454.68	258	201804	10	85000	2016	구봉산북로21번길
3017011600	대전광역시 서구 관저동	1***	단독	12m미만	465.92	237.4	201804	16	49000	1998	관저로121번길
3017011600	대전광역시 서구 관저동	1***	단독	12m미만	222.95	244.2	201804	3	51000	2003	구봉로147번길
3017011600	대전광역시 서구 관저동	1***	단독	12m미만	386.65	260	201804	21	96000	2018	구봉산북로280번길
3017010800	대전광역시 서구 괴정동	*	다가구	25m미만	399.21	147.1	201804	6	60000	2009	계룡로546번길
3017010800	대전광역시 서구 괴정동	4**	다가구	8m미만	383.81	153.7	201804	8	64500	2010	용문로
3017010800	대전광역시 서구 괴정동	1*	단독	8m미만	74.8	136.2	201804	13	20000	1970	백운2길
3017010800	대전광역시 서구 괴정동	1**	단독	8m미만	84.47	139.4	201804	2	16000	1980	괴정로16번길
3017010800	대전광역시 서구 괴정동	6*	단독	8m미만	141.95	154	201804	24	19300	1982	도솔로349번길
3017010800	대전광역시 서구 괴정동	8*	단독	8m미만	81.13	157.4	201804	10	28000	1977	null
3017010800	대전광역시 서구 괴정동	4*	단독	25m미만	468.65	206.9	201804	12	68000	2001	용문로
3017010800	대전광역시 서구 괴정동	7*	단독	8m미만	382.64	218.2	201804	28	38400	2002	null
3017010800	대전광역시 서구 괴정동	*	단독	12m미만	355.42	219.9	201804	24	50500	2002	계룡로584번길
3017010800	대전광역시 서구 괴정동	6*	단독	8m미만	334.24	225.1	201804	16	59500	2009	괴정로90번길
3017010800	대전광역시 서구 괴정동	8*	단독	8m미만	125.36	241.6	201804	9	24900	1977	도솔로322번길
3017010800	대전광역시 서구 괴정동	7*	단독	8m미만	508.15	264.8	201804	20	76000	2009	도솔로319번길
3017010800	대전광역시 서구 괴정동	4**	단독	25m미만	147.72	312.4	201804	5	40000	1979	용문로
3017010800	대전광역시 서구 괴정동	1*	단독	8m미만	92.24	314	201804	27	42493	1979	계룡로536번길
3017011000	대전광역시 서구 내동	4*	단독	8m미만	125.5	139.5	201804	27	11500	1984	갈마로212번길
3017011000	대전광역시 서구 내동	2*	단독	8m미만	114.23	166	201804	16	22500	1987	동서대로1021번길
3017011000	대전광역시 서구 내동	1*	단독	8m미만	168.05	174.9	201804	16	24800	1990	동서대로
3017011000	대전광역시 서구 내동	2*	단독	8m미만	105.9	237	201804	11	20000	1983	도솔로245번길
3017010300	대전광역시 서구 도마동	1**	단독	8m미만	62.84	117.8	201804	30	13230	1973	바탕들4길
3017010300	대전광역시 서구 도마동	1**	단독	8m미만	66.65	121	201804	7	18800	1974	바탕들2길
3017010300	대전광역시 서구 도마동	8*	단독	8m미만	61.52	124.1	201804	18	10500	1973	도마6길
3017010300	대전광역시 서구 도마동	1**	단독	8m미만	57.19	128.6	201804	26	16800	1973	바탕들1길
3017010300	대전광역시 서구 도마동	1**	단독	8m미만	97.99	129	201804	3	18400	1973	바탕들2길
3017010300	대전광역시 서구 도마동	1**	단독	25m미만	73.58	129.7	201804	2	17800	1980	사마1길
3017010300	대전광역시 서구 도마동	1**	단독	8m미만	79.63	130.2	201804	21	17470	1974	바탕들1길
3017010300	대전광역시 서구 도마동	9*	단독	8m미만	112.64	137.5	201804	13	13000	1985	도마6길
3017010300	대전광역시 서구 도마동	1**	단독	8m미만	64.26	139.6	201804	19	16400	1983	제비네2길
3017010300	대전광역시 서구 도마동	1**	단독	8m미만	55.24	142.8	201804	20	15700	1972	제비네2길
3017010300	대전광역시 서구 도마동	7*	단독	8m미만	145.05	142.9	201804	30	17300	1986	도마14길
3017010300	대전광역시 서구 도마동	1**	단독	8m미만	76.3	150.3	201804	9	19420	1975	바탕들3길
3017010300	대전광역시 서구 도마동	5*	단독	8m미만	131.49	155.2	201804	21	25500	1982	도학3길
3017010300	대전광역시 서구 도마동	1**	단독	8m미만	60.75	156.7	201804	16	15400	1970	제비네4길
3017010300	대전광역시 서구 도마동	7*	단독	8m미만	99.58	161.3	201804	6	15000	1983	도마17길
3017010300	대전광역시 서구 도마동	4*	단독	8m미만	79.62	166.4	201804	25	14600	1982	용화5길
3017010300	대전광역시 서구 도마동	1**	단독	8m미만	78.28	168.3	201804	24	15000	1978	도솔5길
3017010300	대전광역시 서구 도마동	4*	단독	8m미만	120.91	173.6	201804	21	18500	1988	용화6길
3017010300	대전광역시 서구 도마동	4*	단독	8m미만	133.41	173.8	201804	10	19000	1988	용화6길
3017010300	대전광역시 서구 도마동	1*	단독	8m미만	121.96	174.4	201804	11	16000	1984	도솔로
3017010300	대전광역시 서구 도마동	1**	단독	8m미만	72.95	174.9	201804	12	9962	1977	도림1길
3017010300	대전광역시 서구 도마동	1**	단독	8m미만	151.01	179.6	201804	1	15000	1983	도솔1길
3017010300	대전광역시 서구 도마동	9*	단독	8m미만	60.78	179.95	201804	17	15900	1975	도마6길
3017010300	대전광역시 서구 도마동	8*	단독	8m미만	72.17	180.5	201804	27	9900	1976	도마6길
3017010300	대전광역시 서구 도마동	5**	단독	8m미만	142.38	182	201804	9	20000	1992	도림6길
3017010300	대전광역시 서구 도마동	1**	단독	8m미만	105.98	191.7	201804	23	30000	1977	바탕들5길
3017010300	대전광역시 서구 도마동	1**	단독	8m미만	56.03	198	201804	14	24500	1969	제비네11길
3017010300	대전광역시 서구 도마동	3**	단독	8m미만	366.11	198	201804	10	29500	1989	배재로91번길
3017010300	대전광역시 서구 도마동	8*	단독	12m미만	329.4	198.7	201804	13	44000	1997	도마9길
3017010300	대전광역시 서구 도마동	5*	단독	8m미만	142.93	204	201804	9	31500	1985	도학3길
3017010300	대전광역시 서구 도마동	1**	단독	8m미만	69.52	212.2	201804	10	25542	1973	바탕들6길
3017010300	대전광역시 서구 도마동	5**	단독	25m이상	407.37	212.8	201804	17	35000	2002	배재로
3017010300	대전광역시 서구 도마동	6*	단독	8m미만	129.37	214.1	201804	26	14000	1977	null
3017010300	대전광역시 서구 도마동	1**	단독	8m미만	170.01	217.4	201804	27	35800	1984	바탕들3길
3017010300	대전광역시 서구 도마동	4*	단독	8m미만	225.15	246.5	201804	29	35750	1990	도학2길
3017010300	대전광역시 서구 도마동	8*	단독	25m미만	473.98	273.8	201804	18	137000	2018	도마5길
3017010300	대전광역시 서구 도마동	1**	단독	8m미만	747.81	365.9	201804	27	109500	2002	바탕들3길
3017011200	대전광역시 서구 둔산동	2***	단독	12m미만	493.52	225.2	201804	26	39500	1997	문정로170번길
3017011200	대전광역시 서구 둔산동	2***	단독	8m미만	487.31	232.9	201804	25	47000	1994	둔산로230번길
3017011200	대전광역시 서구 둔산동	1***	단독	12m미만	490.88	232.9	201804	6	51000	1992	둔산남로181번길
3017010200	대전광역시 서구 변동	8*	단독	8m미만	124.84	138.1	201804	7	18700	1988	배재로220번길
3017010200	대전광역시 서구 변동	4*	단독	8m미만	87.81	142.4	201804	5	9500	1983	변정5길
3017010200	대전광역시 서구 변동	1*	단독	8m미만	91.1	152.9	201804	15	17900	1982	중반1길
3017010200	대전광역시 서구 변동	4*	단독	12m미만	162.25	154	201804	13	25000	1995	변정2길
3017010200	대전광역시 서구 변동	3*	단독	8m미만	116.58	170.8	201804	5	21000	1985	중반3길
3017010200	대전광역시 서구 변동	6*	단독	8m미만	100.39	189.3	201804	26	20000	1982	변정1길
3017010200	대전광역시 서구 변동	5*	단독	8m미만	113.43	194.7	201804	17	23500	1989	변동로
3017010200	대전광역시 서구 변동	2**	단독	8m미만	161.26	216	201804	25	22000	1989	변동서로
3017010200	대전광역시 서구 변동	1*	단독	8m미만	153.85	218.9	201804	2	20500	1983	도산로219번길
3017010200	대전광역시 서구 변동	1*	단독	8m미만	136.06	228.2	201804	2	29500	1982	도산로219번길
3017010100	대전광역시 서구 복수동	2**	단독	8m미만	77.33	161	201804	13	14800	1975	오량6길
3017010100	대전광역시 서구 복수동	2**	단독	-	18	486	201804	10	28850	2018	복수동로52번길
3017010100	대전광역시 서구 복수동	2**	단독	-	18	514	201804	11	30450	2018	복수동로52번길
3017010100	대전광역시 서구 복수동	7**	단독	25m미만	1106.19	568.3	201804	6	220000	2011	복수남로
3017010500	대전광역시 서구 용문동	2**	단독	8m미만	75.08	115.1	201804	11	17300	1984	아랫강변6길
3017010500	대전광역시 서구 용문동	2**	단독	8m미만	57.18	116.7	201804	1	17300	1972	아랫강변6길
3017010500	대전광역시 서구 용문동	2**	단독	8m미만	80.05	140.4	201804	12	18400	1980	아랫강변4길
3017010500	대전광역시 서구 용문동	2**	단독	8m미만	82.77	142.4	201804	12	14450	1980	용문로
3017010500	대전광역시 서구 용문동	2**	단독	8m미만	71.73	146.4	201804	23	21000	1976	아랫강변10길
3017010500	대전광역시 서구 용문동	2**	단독	8m미만	144.14	146.6	201804	28	22000	1985	아랫강변10길
3017010500	대전광역시 서구 용문동	2**	단독	8m미만	114.86	156.4	201804	11	13500	1979	괴정로165번길
3017010500	대전광역시 서구 용문동	2**	단독	8m미만	78.61	159.3	201804	7	25000	1975	아랫강변3길
3017010500	대전광역시 서구 용문동	2**	단독	8m미만	80.65	169.5	201804	5	14000	1978	도산로370번길
3017010500	대전광역시 서구 용문동	2**	단독	8m미만	143.11	177.4	201804	25	30000	1980	아랫강변1길
3017010500	대전광역시 서구 용문동	2**	단독	12m미만	362.85	187.6	201804	24	57700	2010	도산로370번길
3017010500	대전광역시 서구 용문동	2**	단독	25m미만	176.18	188.7	201804	5	31350	1978	도솔로
3017010500	대전광역시 서구 용문동	2**	단독	8m미만	107.49	196.9	201804	2	22000	1984	유등로
3017010500	대전광역시 서구 용문동	2**	단독	25m미만	82.08	221.9	201804	5	34840	1978	null
3017010500	대전광역시 서구 용문동	2**	단독	8m미만	144.76	283.9	201804	9	17500	1992	괴정로181번길
3017011300	대전광역시 서구 월평동	9**	다가구	12m미만	326.76	212.9	201804	9	40000	1996	월평중로3번길
3017011300	대전광역시 서구 월평동	7**	단독	8m미만	445.68	189.9	201804	20	40000	2007	월평로94번길
3017011300	대전광역시 서구 월평동	8**	단독	12m미만	290.51	215.9	201804	21	46000	1994	월평중로13번길
3017011300	대전광역시 서구 월평동	1***	단독	12m미만	353.06	216.5	201804	10	45000	2000	월평서로25번길
3017011300	대전광역시 서구 월평동	1***	단독	12m미만	431.9	220	201804	18	45500	1994	null
3017011300	대전광역시 서구 월평동	5**	단독	12m미만	489.82	223.7	201804	9	63000	1995	월평중로24번길
3017010400	대전광역시 서구 정림동	*	단독	12m미만	93.29	135.5	201804	13	11500	1980	계백로
3017010400	대전광역시 서구 정림동	1**	단독	12m미만	165.35	190.3	201804	27	30500	1989	정림로66번길
3017010600	대전광역시 서구 탄방동	8*	다가구	8m미만	522.86	332.6	201804	19	80000	2008	도산로393번길
3017010600	대전광역시 서구 탄방동	5**	단독	8m미만	50.78	149	201804	9	26500	1972	숭어리샘1길
3017010600	대전광역시 서구 탄방동	5**	단독	8m미만	50.78	149	201804	16	22000	1971	큰마을5길
3017010600	대전광역시 서구 탄방동	5**	단독	8m미만	98.57	172	201804	14	30000	1979	큰마을3길
3017010600	대전광역시 서구 탄방동	1***	단독	8m미만	407.26	212.6	201804	14	41500	1993	문정로150번길
3017010600	대전광역시 서구 탄방동	1***	단독	12m미만	520.82	212.6	201804	16	43500	1999	둔산남로180번길
3017010600	대전광역시 서구 탄방동	1***	단독	12m미만	492.46	212.7	201804	26	54800	1993	문정로150번길
3017010600	대전광역시 서구 탄방동	1***	단독	8m미만	491.62	217.1	201804	24	57000	1995	남선로23번길
3020011800	대전광역시 유성구 갑동	3**	단독	8m미만	115.41	202	201804	13	40000	2016	갑동로
3020010200	대전광역시 유성구 교촌동	6**	단독	12m미만	243.39	265.3	201804	2	50000	2010	진잠로145번길
3020010200	대전광역시 유성구 교촌동	6**	단독	8m미만	444.91	268.4	201804	28	80000	2013	진잠로141번길
3020011200	대전광역시 유성구 구암동	4**	단독	8m미만	131.18	217	201804	19	23500	1990	유성대로713번길
3020012200	대전광역시 유성구 궁동	4**	다가구	12m미만	354.97	200.2	201804	14	102500	2008	농대로15번길
3020012200	대전광역시 유성구 궁동	4**	단독	8m미만	297.2	215.9	201804	28	70000	1993	대학로145번길
3020015000	대전광역시 유성구 금탄동	2**	단독	8m미만	57.52	329.92	201804	26	18500	1930	대금로372번길
3020011900	대전광역시 유성구 노은동	5**	단독	12m미만	154.31	218	201804	26	49000	2011	노은서로80번길
3020011300	대전광역시 유성구 덕명동	5**	단독	12m미만	475.68	242	201804	11	84000	2016	덕명로81번길
3020011300	대전광역시 유성구 덕명동	5**	단독	12m미만	323.06	265	201804	13	73000	2014	덕명로97번길
3020012700	대전광역시 유성구 도룡동	3**	단독	8m미만	184.64	226.6	201804	16	72000	2001	대덕대로653번길
3020012700	대전광역시 유성구 도룡동	3**	단독	12m미만	191.73	309.4	201804	16	130000	2011	대덕대로590번길
3020011600	대전광역시 유성구 복용동	5**	단독	12m미만	364.08	306.6	201804	18	72000	2017	복용북로75번길
3020011100	대전광역시 유성구 봉명동	5**	단독	12m미만	277.99	203.1	201804	18	45000	1988	계룡로46번길
3020014500	대전광역시 유성구 봉산동	2**	다가구	12m미만	323.73	201.3	201804	6	34000	1997	봉산로12번길
3020014500	대전광역시 유성구 봉산동	1**	단독	12m미만	325.11	204.7	201804	16	52400	1997	와룡로136번길
3020014500	대전광역시 유성구 봉산동	2**	단독	12m미만	376.63	220.4	201804	16	40500	1996	봉산로20번길
3020014700	대전광역시 유성구 송강동	1**	단독	12m미만	493.68	233.3	201804	30	53500	1993	구즉로58번길
3020014700	대전광역시 유성구 송강동	1**	단독	12m미만	424.95	233.5	201804	3	50000	1993	구즉로52번길
3020012500	대전광역시 유성구 신성동	1**	단독	8m미만	329.25	210.8	201804	28	60000	1997	신성로68번길
3020012500	대전광역시 유성구 신성동	1**	단독	12m미만	473.96	231.2	201804	4	69000	1997	신성남로
3020013700	대전광역시 유성구 안산동	4**	단독	8m미만	80.8	288	201804	3	17400	1955	안금로55번길
3020010400	대전광역시 유성구 용계동	2**	단독	8m미만	28.08	182	201804	16	12000	2000	용계로
3020010400	대전광역시 유성구 용계동	2**	단독	8m미만	23.76	214.86	201804	7	19500	2003	용계로
3020010400	대전광역시 유성구 용계동	7*	단독	8m미만	48.03	252	201804	24	19000	2003	용계로
3020011700	대전광역시 유성구 장대동	3**	단독	12m미만	494.7	270.1	201804	28	61800	2003	문화원로6번길
3020014100	대전광역시 유성구 전민동	2**	다가구	8m미만	542.56	249.7	201804	17	59000	1997	유성대로1679번길
3020014100	대전광역시 유성구 전민동	3**	단독	12m미만	440.24	220.3	201804	8	84000	2002	전민로70번길
3020014100	대전광역시 유성구 전민동	3**	단독	12m미만	484.75	220.6	201804	26	55000	1996	전민로70번길
3020014100	대전광역시 유성구 전민동	2**	단독	8m미만	535.17	253.8	201804	23	60000	2001	유성대로1679번길
3020012100	대전광역시 유성구 죽동	6**	다가구	12m미만	397.19	259.1	201804	23	75000	2011	은구비로155번안길
3020012100	대전광역시 유성구 죽동	6**	다가구	12m미만	395.96	259.6	201804	15	84900	2012	은구비로155번안길
3020012100	대전광역시 유성구 죽동	7**	단독	25m미만	383.19	255.8	201804	19	186500	2015	죽동로
3020012000	대전광역시 유성구 지족동	9**	다가구	12m미만	494.92	203.4	201804	16	64000	2000	은구비서로23번길
3020014300	대전광역시 유성구 탑립동	5**	단독	8m미만	20.25	460	201804	16	34500	1989	탑립로29번길
3020010500	대전광역시 유성구 학하동	7**	단독	12m미만	255.28	310.4	201804	2	52500	2015	학하남로91번길
3014012600	대전광역시 중구 금동	1**	단독	12m미만	146.54	409	201804	10	13500	1996	산서로
3014011000	대전광역시 중구 대사동	1**	단독	8m미만	24.33	142	201804	18	9500	1960	충무로68번길
3014011000	대전광역시 중구 대사동	1**	단독	8m미만	71.16	148	201804	17	9500	1999	보문로113번길
3014011000	대전광역시 중구 대사동	1**	단독	8m미만	61.16	149	201804	7	13500	1978	보문산공원로
3014011000	대전광역시 중구 대사동	6**	단독	8m미만	59.11	163	201804	24	25000	1967	문화로270번길
3014011000	대전광역시 중구 대사동	2**	단독	8m미만	131.99	167	201804	6	5500	1977	솔밭로16번길
3014011000	대전광역시 중구 대사동	1**	단독	8m미만	87.66	178	201804	9	14100	1979	보문로115번길
3014011000	대전광역시 중구 대사동	6**	단독	8m미만	79.38	198	201804	24	22000	1973	null
3014011000	대전광역시 중구 대사동	1**	단독	8m미만	119.63	298	201804	3	27500	1971	보문로113번길
3014010500	대전광역시 중구 대흥동	1**	단독	25m이상	75.44	87.9	201804	6	27250	1958	대종로
3014010500	대전광역시 중구 대흥동	4**	단독	12m미만	243.45	387.7	201804	16	147000	1982	보문로260번길
3014010500	대전광역시 중구 대흥동	2**	단독	25m미만	510.68	543.8	201804	10	198947	1964	중교로
3014010300	대전광역시 중구 목동	*	단독	8m미만	39.67	139	201804	23	12417	1961	동서대로1404번길
3014010300	대전광역시 중구 목동	*	단독	8m미만	168.8	212	201804	23	30540	1985	선화서로121번길
3014010300	대전광역시 중구 목동	*	단독	8m미만	77.18	241	201804	21	23985	1983	선화서로121번길
3014010600	대전광역시 중구 문창동	3**	단독	8m미만	55.93	117.4	201804	1	13700	1966	보문로19번길
3014010600	대전광역시 중구 문창동	3**	단독	12m미만	176.26	148.9	201804	7	29000	1979	보문로47번길
3014011600	대전광역시 중구 문화동	4**	단독	8m미만	71.6	144.1	201804	14	12800	1976	보문산로227번안길
3014011600	대전광역시 중구 문화동	3**	단독	12m미만	161.78	218	201804	12	18000	1969	천근로27번길
3014011600	대전광역시 중구 문화동	4**	단독	12m미만	170.29	228.1	201804	5	22200	1984	천근로27번길
3014011100	대전광역시 중구 부사동	4**	단독	8m미만	26.27	40	201804	20	2900	1994	부용로34번길
3014011100	대전광역시 중구 부사동	2**	단독	8m미만	25.68	63	201804	3	4000	1972	보문로113번길
3014011100	대전광역시 중구 부사동	2**	단독	8m미만	69.94	159	201804	11	9450	1972	보문로111번길
3014011100	대전광역시 중구 부사동	1**	단독	8m미만	246.51	171.9	201804	19	35000	2011	대종로322번길
3014011100	대전광역시 중구 부사동	1**	단독	8m미만	101.41	184.1	201804	10	21700	1970	대종로322번길
3014011100	대전광역시 중구 부사동	4**	단독	8m미만	95.19	206	201804	10	16000	1983	부용로41번길
3014011100	대전광역시 중구 부사동	1**	단독	12m미만	234.7	327.6	201804	24	47500	1994	사득로79번길
3014011700	대전광역시 중구 산성동	1**	단독	8m미만	41.75	59.36	201804	30	5000	1973	당디로79번길
3014011700	대전광역시 중구 산성동	1**	단독	8m미만	117.07	180	201804	25	11000	1983	문화로12번길
3014011700	대전광역시 중구 산성동	1**	단독	8m미만	124.65	206.6	201804	17	19000	1989	문화로52번길
3014011700	대전광역시 중구 산성동	1**	단독	8m미만	619.47	451.9	201804	15	51500	2001	대둔산로
3014010700	대전광역시 중구 석교동	6*	단독	12m미만	78.61	120.6	201804	10	9200	1973	돌다리로7번길
3014010700	대전광역시 중구 석교동	2**	단독	8m미만	81.9	175	201804	9	10000	1980	봉소루로36번길
3014010700	대전광역시 중구 석교동	5*	단독	12m미만	106.26	260	201804	1	28800	1982	보문로47번길
3014010700	대전광역시 중구 석교동	1*	단독	8m미만	186.15	284.07	201804	27	22500	1983	봉소루로
3014010700	대전광역시 중구 석교동	7*	단독	12m미만	195.66	335.5	201804	20	44000	1997	대종로190번길
3014010200	대전광역시 중구 선화동	7*	단독	25m이상	56.35	29.1	201804	20	5360	1969	우암로
3014010200	대전광역시 중구 선화동	7*	단독	25m이상	57.58	29.1	201804	20	5280	1973	우암로
3014010200	대전광역시 중구 선화동	4**	단독	12m미만	212.35	69.75	201804	4	17000	2015	선화로58번길
3014010200	대전광역시 중구 선화동	7*	단독	8m미만	90.78	113.7	201804	20	20360	1982	우암로
3014010200	대전광역시 중구 선화동	3**	단독	8m미만	29.35	116	201804	23	14900	1956	선화로53번길
3014010200	대전광역시 중구 선화동	2**	단독	8m미만	99.99	147.8	201804	2	17800	1989	선화로67번길
3014010200	대전광역시 중구 선화동	2**	단독	8m미만	148.65	152.7	201804	1	20000	1997	선화로67번길
3014010200	대전광역시 중구 선화동	3**	단독	8m미만	113.57	159	201804	9	20000	1981	선화로57번길
3014010200	대전광역시 중구 선화동	3**	단독	8m미만	117.38	159	201804	4	20000	1989	선화로53번길
3014010200	대전광역시 중구 선화동	2**	단독	8m미만	180.95	184.8	201804	17	21400	1983	중앙로79번길
3014010200	대전광역시 중구 선화동	3**	단독	8m미만	115.26	261	201804	2	29472	1979	선화서로113번길
3014011300	대전광역시 중구 오류동	1**	단독	8m미만	123.47	151.4	201804	3	50500	1984	계백로
3014010900	대전광역시 중구 옥계동	1**	단독	12m미만	144.17	162	201804	11	22000	1983	대종로35번길
3014010900	대전광역시 중구 옥계동	3*	단독	12m미만	87.69	194.4	201804	12	21500	2002	모암로7번길
3014011200	대전광역시 중구 용두동	5*	단독	8m미만	64.2	59.5	201804	4	5480	1990	용두로38번길
3014011200	대전광역시 중구 용두동	2*	단독	25m미만	72.5	121.7	201804	10	23800	1973	용두로
3014011500	대전광역시 중구 유천동	2**	단독	12m미만	79.66	148.4	201804	3	24000	1977	문화로105번안길
3014011500	대전광역시 중구 유천동	3**	단독	8m미만	74.44	149.5	201804	7	14500	1976	당디로96번길
3014011500	대전광역시 중구 유천동	2**	단독	8m미만	114.18	153.4	201804	25	19550	1987	계백로1550번길
3014011500	대전광역시 중구 유천동	1**	단독	25m미만	82.64	175.2	201804	25	15080	1973	계백로1646번길
3014011500	대전광역시 중구 유천동	2**	단독	25m미만	84.59	198	201804	14	27550	1976	계백로1566번길
3014011500	대전광역시 중구 유천동	1**	단독	8m미만	146.44	201.6	201804	4	23000	1980	문화로133번길
3014011500	대전광역시 중구 유천동	2**	단독	12m미만	81.22	211.2	201804	3	20000	1977	null
3014011500	대전광역시 중구 유천동	2**	단독	25m미만	144.67	214.7	201804	10	30000	1984	계백로1615번길
3014011500	대전광역시 중구 유천동	2**	단독	25m미만	80.78	244.6	201804	14	25900	1976	null
3014011500	대전광역시 중구 유천동	3**	단독	12m미만	245.82	259.1	201804	20	50000	1975	계백로1498번길
3014011500	대전광역시 중구 유천동	3**	단독	12m미만	427.04	286.2	201804	23	126000	2018	계백로1583번길
3014010400	대전광역시 중구 중촌동	1**	단독	8m미만	469.6	183.1	201804	9	50000	1990	중촌로28번길
3014010400	대전광역시 중구 중촌동	2*	단독	8m미만	185.34	209.9	201804	7	31200	1989	어덕마을로150번길
3014010400	대전광역시 중구 중촌동	5*	단독	12m미만	83.6	221	201804	17	19300	1998	목중로70번길
3014010400	대전광역시 중구 중촌동	3**	단독	25m이상	551.2	344.8	201804	27	144000	2018	대종로
3014011400	대전광역시 중구 태평동	3**	단독	8m미만	49.62	102.1	201804	30	4700	1972	동서대로
3014011400	대전광역시 중구 태평동	3**	단독	8m미만	78.85	149.3	201804	24	17300	1980	태평로
3014011400	대전광역시 중구 태평동	4**	단독	12m미만	169.97	286.9	201804	13	34400	1979	태평로113번길
3014010800	대전광역시 중구 호동	8*	단독	8m미만	114.36	147	201804	13	12000	1986	모암로30번길
3014010800	대전광역시 중구 호동	1*	단독	12m미만	186.76	165.3	201804	28	19900	1990	대종로163번길
3014010800	대전광역시 중구 호동	*	단독	25m미만	117.12	239.6	201804	3	28500	1984	대전천서로
2644010300	부산광역시 강서구 강동동	6**	단독	8m미만	104.98	278	201804	3	37700	1977	낙동북로125번길
2644012000	부산광역시 강서구 눌차동	7**	단독	8m미만	27.5	69	201804	13	4200	1959	가덕해안로2번나길
2644010100	부산광역시 강서구 대저1동	3**	단독	8m미만	28.8	86	201804	4	6250	2004	대저중앙로394번가길
2644010100	부산광역시 강서구 대저1동	3**	단독	8m미만	49.5	155	201804	4	18750	2004	대저중앙로394번가길
2644010100	부산광역시 강서구 대저1동	3**	단독	12m미만	141.82	264	201804	26	63000	1940	공항로1309번길
2644010100	부산광역시 강서구 대저1동	1***	단독	8m미만	136.2	330	201804	30	37000	1977	대저로171번가길
2644010100	부산광역시 강서구 대저1동	6**	단독	8m미만	27.44	347	201804	16	25000	1960	대저중앙로286번길
2644010100	부산광역시 강서구 대저1동	4**	단독	8m미만	98.2	545	201804	2	63000	1985	null
2644011800	부산광역시 강서구 동선동	1***	단독	12m미만	94.04	330	201804	25	59500	2014	동선1길
2644011900	부산광역시 강서구 성북동	4**	단독	8m미만	49	223	201804	25	14970	2013	동선3안길
2644010700	부산광역시 강서구 죽동동	3**	단독	8m미만	50.78	162	201804	14	15700	1945	죽동길54번길
2644010500	부산광역시 강서구 죽림동	9**	단독	8m미만	85.68	397	201804	12	25000	1987	가락대로1433번나길
2641010700	부산광역시 금정구 구서동	7**	단독	8m미만	162.93	134.7	201804	20	22700	1987	중앙대로1841번안길
2641010700	부산광역시 금정구 구서동	2**	단독	12m미만	58.51	142	201804	28	35000	1975	null
2641010700	부산광역시 금정구 구서동	4**	단독	12m미만	132.62	144.3	201804	21	69000	1983	수림로72번길
2641010700	부산광역시 금정구 구서동	4**	단독	12m미만	165.45	211.2	201804	16	73600	1982	금정로193번길
2641010400	부산광역시 금정구 남산동	9**	단독	12m미만	160.53	171.3	201804	4	31700	1988	청룡로53번길
2641010400	부산광역시 금정구 남산동	1**	단독	12m미만	469.46	230.2	201804	16	67000	1993	중앙대로2035번길
2641010100	부산광역시 금정구 두구동	3**	단독	8m미만	65.91	142	201804	10	17200	1981	대두로
2641010900	부산광역시 금정구 부곡동	7**	단독	25m미만	71.3	50	201804	18	7800	1978	서동로66번길
2641010900	부산광역시 금정구 부곡동	7**	단독	8m미만	83.66	110	201804	25	19000	1979	서동로34번길
2641010900	부산광역시 금정구 부곡동	7**	단독	8m미만	46.28	116	201804	22	19400	1972	서동로57번길
2641010900	부산광역시 금정구 부곡동	2*	단독	12m미만	68	134.5	201804	14	20700	1975	오륜대로
2641010900	부산광역시 금정구 부곡동	3**	단독	12m미만	120	140.8	201804	20	36500	1979	동현로16번길
2641010900	부산광역시 금정구 부곡동	8**	단독	8m미만	388.44	176	201804	16	85000	2011	부곡로12번길
2641010900	부산광역시 금정구 부곡동	3**	단독	8m미만	162.12	186	201804	14	18000	1990	부곡로168번길
2641010900	부산광역시 금정구 부곡동	3**	단독	12m미만	164.8	201.4	201804	3	62000	1977	가마실로
2641010900	부산광역시 금정구 부곡동	8**	단독	8m미만	126.58	264	201804	4	92000	1980	오시게로
2641011000	부산광역시 금정구 서동	3**	단독	8m미만	71.13	45	201804	5	6200	1994	명서로45번길
2641011000	부산광역시 금정구 서동	3**	단독	12m미만	90.4	45	201804	17	9800	1993	명서로85번길
2641011000	부산광역시 금정구 서동	3**	단독	8m미만	108	46	201804	3	20000	1980	서동로78번길
2641011000	부산광역시 금정구 서동	3**	단독	8m미만	105.48	48	201804	10	8000	1993	서동로140번길
2641011000	부산광역시 금정구 서동	3**	단독	8m미만	72.99	50	201804	2	6800	1985	서동로84번길
2641011000	부산광역시 금정구 서동	3**	단독	8m미만	179.36	50	201804	9	34500	2004	서동로141번길
2641011000	부산광역시 금정구 서동	3**	단독	8m미만	138.45	52	201804	9	8200	1992	명서로85번길
2641011000	부산광역시 금정구 서동	5**	단독	8m미만	168.47	53	201804	30	9400	1995	서동로87번길
2641011000	부산광역시 금정구 서동	3**	단독	8m미만	160.32	69	201804	23	10500	1977	삼차로
2641011000	부산광역시 금정구 서동	3**	단독	8m미만	146.58	83	201804	19	8000	1999	서동로134번길
2641011000	부산광역시 금정구 서동	1**	단독	12m미만	134.53	108.5	201804	21	84000	1979	서부로
2641011000	부산광역시 금정구 서동	2**	단독	8m미만	68.1	122	201804	22	19500	1977	서명로11번안길
2641011000	부산광역시 금정구 서동	2**	단독	8m미만	82.2	145.5	201804	18	25500	1978	서동로176번길
2641011000	부산광역시 금정구 서동	1**	단독	12m미만	157.41	146.41	201804	13	34000	1992	서부로42번길
2641011000	부산광역시 금정구 서동	2**	단독	12m미만	155.27	161.5	201804	3	34500	1981	null
2641011000	부산광역시 금정구 서동	1**	단독	12m미만	165.05	165.3	201804	3	65000	1983	금사로
2641011000	부산광역시 금정구 서동	2**	단독	12m미만	164.55	178.5	201804	26	34600	1978	옥봉로3번길
2641010800	부산광역시 금정구 장전동	6**	단독	8m미만	122.59	118	201804	7	51400	1993	장전온천천로
2641010800	부산광역시 금정구 장전동	3**	단독	8m미만	186.95	119.1	201804	19	75000	2012	금강로
2641010800	부산광역시 금정구 장전동	1**	단독	8m미만	177.46	158.8	201804	30	45500	1989	수림로61번길
2641010800	부산광역시 금정구 장전동	4**	단독	12m미만	189.72	166	201804	19	55000	1993	부산대학로38번길
2641010800	부산광역시 금정구 장전동	3**	단독	12m미만	189.6	228.4	201804	10	82000	1982	null
2641010800	부산광역시 금정구 장전동	5**	단독	8m미만	172.07	387	201804	9	89800	1986	금샘로17번안길
2641011200	부산광역시 금정구 회동동	1**	단독	12m미만	74.98	132.2	201804	16	24200	1978	null
2641011200	부산광역시 금정구 회동동	2**	단독	8m미만	128.28	133.5	201804	27	17700	1984	금사로
2641011200	부산광역시 금정구 회동동	4**	단독	8m미만	84.97	153	201804	19	16800	1985	금사로211번길
2641011200	부산광역시 금정구 회동동	2**	단독	12m미만	114.12	155.4	201804	15	21650	1976	금사로
2641011200	부산광역시 금정구 회동동	3**	단독	8m미만	196.21	185	201804	27	22385	1993	회천로
2671025022	부산광역시 기장군 기장읍 교리	3**	다가구	12m미만	458.25	264.5	201804	28	85000	2010	차성동로172번길
2671025022	부산광역시 기장군 기장읍 교리	3**	다가구	12m미만	565.2	309.3	201804	20	121276	2012	차성로
2671025026	부산광역시 기장군 기장읍 대라리	1**	다가구	12m미만	494.1	326	201804	9	110000	2018	대청로22번길
2671025026	부산광역시 기장군 기장읍 대라리	1**	단독	12m미만	559.06	274.9	201804	15	127000	2018	대청로22번길
2671025028	부산광역시 기장군 기장읍 대변리	4**	단독	12m미만	97.48	106	201804	2	23800	1979	대변로
2671025025	부산광역시 기장군 기장읍 서부리	1**	단독	8m미만	42.98	198	201804	2	23000	1969	차성서로130번길
2671025025	부산광역시 기장군 기장읍 서부리	8*	단독	25m미만	76.95	222	201804	16	40000	1984	읍내로
2671031033	부산광역시 기장군 일광면 용천리	9**	단독	8m미만	77.85	1095	201804	4	64000	2014	곡천길
2671031022	부산광역시 기장군 일광면 이천리	4**	단독	8m미만	31.07	264	201804	20	54400	1941	이천7길
2671031022	부산광역시 기장군 일광면 이천리	4**	단독	8m미만	60.03	429	201804	18	117000	1957	이천2길
2671031027	부산광역시 기장군 일광면 칠암리	1**	단독	8m미만	95.1	218	201804	23	58000	1989	박영준길
2671031027	부산광역시 기장군 일광면 칠암리	*	단독	12m미만	202.81	264	201804	10	124000	1994	문오성길
2671031023	부산광역시 기장군 일광면 학리	2**	단독	8m미만	65.58	228	201804	5	10000	1941	학리길
2671025328	부산광역시 기장군 장안읍 기룡리	6**	단독	8m미만	94.2	585	201804	26	48000	1936	기룡1길
2671025326	부산광역시 기장군 장안읍 덕선리	7**	단독	8m미만	145.7	205	201804	17	25000	1997	내덕길
2671025329	부산광역시 기장군 장안읍 명례리	7**	단독	8m미만	90.66	264	201804	28	12500	1996	신명길
2671025331	부산광역시 기장군 장안읍 반룡리	3**	단독	8m미만	141.39	648	201804	6	22020	1984	반룡2길
2671025629	부산광역시 기장군 정관읍 두명리	2**	단독	12m미만	99.73	352	201804	20	49500	2012	부명2길
2671025622	부산광역시 기장군 정관읍 매학리	7**	단독	12m미만	353.8	236.4	201804	30	82500	2016	달산2길
2671025626	부산광역시 기장군 정관읍 병산리	2**	단독	8m미만	133.57	258	201804	19	56000	2018	병산로
2629011100	부산광역시 남구 감만동	2**	단독	8m미만	29.42	72	201804	19	11500	1971	홍곡로22번길
2629011100	부산광역시 남구 감만동	1**	단독	8m미만	79.26	91	201804	6	10000	1985	무민사로33번길
2629011100	부산광역시 남구 감만동	2**	단독	8m미만	112.23	116	201804	5	16500	1979	우암로52번길
2629011100	부산광역시 남구 감만동	2**	단독	8m미만	112.23	116	201804	20	16500	1979	우암로52번길
2629011100	부산광역시 남구 감만동	1**	단독	8m미만	69.35	118	201804	30	13300	1988	홍곡로
2629011100	부산광역시 남구 감만동	1**	단독	8m미만	177.73	157	201804	10	22300	1988	양지골로169번가길
2629010600	부산광역시 남구 대연동	1***	단독	8m미만	72.57	86.6	201804	20	58200	1970	null
2629010600	부산광역시 남구 대연동	1***	단독	8m미만	79.57	89	201804	21	27800	1979	진남로110번길
2629010600	부산광역시 남구 대연동	1***	단독	8m미만	57.72	93	201804	27	17655	2018	유엔로75번가길
2629010600	부산광역시 남구 대연동	1***	단독	8m미만	39.67	102	201804	13	20700	2018	천제등로16번가길
2629010600	부산광역시 남구 대연동	1***	단독	8m미만	42.98	102	201804	14	24200	2018	신정번영로31번길
2629010600	부산광역시 남구 대연동	1***	단독	12m미만	164.41	105.3	201804	25	24300	1991	진남로
2629010600	부산광역시 남구 대연동	1***	단독	8m미만	116.99	112	201804	21	30350	1973	수영로168번길
2629010600	부산광역시 남구 대연동	1***	단독	8m미만	48.93	117	201804	14	19660	2018	유엔로75번나길
2629010600	부산광역시 남구 대연동	1***	단독	8m미만	82.65	126.6	201804	10	40500	1976	null
2629010600	부산광역시 남구 대연동	1***	단독	12m미만	112.06	135.2	201804	6	33500	1973	유엔평화로17번길
2629010600	부산광역시 남구 대연동	1***	단독	12m미만	151.8	135.5	201804	23	73500	2018	유엔로183번길
2629010600	부산광역시 남구 대연동	8**	단독	25m미만	220.59	139.2	201804	20	73000	1996	천제등로
2629010600	부산광역시 남구 대연동	2**	단독	8m미만	127.97	140.5	201804	16	44500	1973	못골번영로40번길
2629010600	부산광역시 남구 대연동	1***	단독	8m미만	132.2	152.7	201804	10	51000	1978	null
2629010600	부산광역시 남구 대연동	3*	단독	12m미만	138.61	155.3	201804	16	117500	1978	null
2629010600	부산광역시 남구 대연동	1***	단독	8m미만	139.05	157	201804	14	36000	1971	동제당로
2629010600	부산광역시 남구 대연동	1***	단독	8m미만	79.64	162	201804	24	22000	1978	못골번영로72번나길
2629010600	부산광역시 남구 대연동	1***	단독	8m미만	62.71	164	201804	21	28660	1981	유엔로75번나길
2629010600	부산광역시 남구 대연동	1***	단독	8m미만	48.53	165	201804	4	19430	2018	유엔로75번나길
2629010600	부산광역시 남구 대연동	1***	단독	8m미만	59.54	172	201804	7	28110	2018	유엔로75번길
2629010600	부산광역시 남구 대연동	1***	단독	8m미만	39	182	201804	26	24750	1985	유엔로75번나길
2629010900	부산광역시 남구 문현동	9**	다가구	8m미만	127.83	126	201804	7	13000	1985	장고개로104번길
2629010900	부산광역시 남구 문현동	4**	단독	8m미만	15.66	17	201804	19	7500	1985	전포대로40번가길
2629010900	부산광역시 남구 문현동	8**	단독	12m미만	38.2	21.5	201804	30	6000	2018	남동천로
2629010900	부산광역시 남구 문현동	4**	단독	8m미만	33.06	23	201804	7	11000	2018	전포대로40번가길
2629010900	부산광역시 남구 문현동	5*	단독	8m미만	16.74	36	201804	2	5950	1985	고동골로125번길
2629010900	부산광역시 남구 문현동	5**	단독	12m미만	19.83	37	201804	29	16650	2018	황령대로74번길
2629010900	부산광역시 남구 문현동	7**	단독	8m미만	21.6	39	201804	2	6400	1985	자유평화로59번길
2629010900	부산광역시 남구 문현동	5**	단독	12m미만	40.3	106	201804	29	47700	2018	황령대로74번길
2629010900	부산광역시 남구 문현동	7**	단독	8m미만	47.94	149.1	201804	17	44000	2018	자유평화로
2629010900	부산광역시 남구 문현동	9*	단독	25m미만	155.31	222	201804	23	73700	1979	문현로
2629010900	부산광역시 남구 문현동	2**	단독	8m미만	179.43	248	201804	3	64000	1988	지게골로
2629010700	부산광역시 남구 용호동	5**	단독	12m미만	26.45	64.8	201804	7	13500	1974	용주로22번길
2629010700	부산광역시 남구 용호동	5**	단독	12m미만	26.45	65.1	201804	24	17826	2018	용주로38번길
2629010700	부산광역시 남구 용호동	5**	단독	12m미만	26.45	65.8	201804	19	15000	1974	용주로18번길
2629010700	부산광역시 남구 용호동	5**	단독	12m미만	26.45	66.1	201804	3	9800	1974	용주로14번길
2629010700	부산광역시 남구 용호동	5**	단독	12m미만	26.45	66.1	201804	4	9800	1974	용주로22번길
2629010700	부산광역시 남구 용호동	5**	단독	8m미만	26.45	66.6	201804	26	11963	1974	용주로26번길
2629010700	부산광역시 남구 용호동	5**	단독	8m미만	26.45	74.4	201804	7	11000	1974	용주로38번길
2629010700	부산광역시 남구 용호동	4*	단독	8m미만	106.77	104.5	201804	30	18500	1976	동명로101번다길
2629010700	부산광역시 남구 용호동	5**	단독	12m미만	118.74	113.8	201804	5	37500	1980	동명로146번길
2629010700	부산광역시 남구 용호동	5**	단독	12m미만	120.99	123.1	201804	11	41750	1979	용호로216번가길
2629010700	부산광역시 남구 용호동	4**	단독	12m미만	69.52	132.8	201804	8	33341	1977	동명로132번길
2629010700	부산광역시 남구 용호동	4**	단독	12m미만	165.07	149.5	201804	8	41500	1988	동명로132번길
2629010700	부산광역시 남구 용호동	2**	단독	8m미만	131.57	152	201804	9	21000	1979	동명로101번길
2629010700	부산광역시 남구 용호동	5**	단독	8m미만	180.67	164.3	201804	11	49550	1978	용호로216번가길
2629010700	부산광역시 남구 용호동	6*	단독	8m미만	172.86	169	201804	17	23000	1978	동명로105번길
2629011000	부산광역시 남구 우암동	1**	단독	8m미만	26.44	13	201804	25	1200	1960	우암로200번길
2629011000	부산광역시 남구 우암동	1**	단독	12m미만	31.43	20	201804	25	7900	2018	동제당로
2629011000	부산광역시 남구 우암동	1**	단독	8m미만	16.53	27.3	201804	27	4000	1960	우암번영로39번길
2629011000	부산광역시 남구 우암동	1**	단독	8m미만	37.03	30	201804	29	4300	1985	우암번영로15번길
2629011000	부산광역시 남구 우암동	1**	단독	8m미만	29.84	46	201804	6	9880	1985	우암로176번길
2629011000	부산광역시 남구 우암동	1**	단독	8m미만	51.05	49	201804	24	10345	1960	우암양달로97번길
2629011000	부산광역시 남구 우암동	1**	단독	8m미만	19.65	56	201804	13	5700	1985	동항로
2629011000	부산광역시 남구 우암동	1**	단독	12m미만	82.64	76	201804	26	15100	1960	동제당로
2629011000	부산광역시 남구 우암동	1**	단독	8m미만	66.66	83	201804	16	13180	1960	유엔로25번길
2629011000	부산광역시 남구 우암동	9*	단독	8m미만	48.54	96	201804	20	15100	1985	당산로18번길
2629011000	부산광역시 남구 우암동	1*	단독	8m미만	94.75	99	201804	5	13500	1987	유엔로84번길
2629011000	부산광역시 남구 우암동	1**	단독	8m미만	73.44	109	201804	27	16889	1985	당산로
2629011000	부산광역시 남구 우암동	1*	단독	8m미만	68.46	123	201804	4	18000	1977	유엔로84번길
2629011000	부산광역시 남구 우암동	1**	단독	8m미만	39.75	155	201804	13	18700	1985	우암로176번길
2617010400	부산광역시 동구 범일동	2**	단독	12m미만	9.2	4.6	201804	28	300	1900	성남삼로17번길
2617010400	부산광역시 동구 범일동	2**	단독	12m미만	45.1	20.8	201804	11	12600	1900	성남삼로18번길
2617010400	부산광역시 동구 범일동	2**	단독	8m미만	40.7	27.4	201804	6	13520	1900	성남삼로28번길
2617010400	부산광역시 동구 범일동	2**	단독	8m미만	19.39	28.4	201804	4	13330	1985	성남삼로18번길
2617010400	부산광역시 동구 범일동	2**	단독	8m미만	20.34	28.4	201804	9	12188	1985	성남삼로17번길
2617010400	부산광역시 동구 범일동	2**	단독	8m미만	24.92	34	201804	12	16340	1985	성남삼로12번길
2617010400	부산광역시 동구 범일동	2**	단독	8m미만	68.9	34	201804	12	16783	1900	성남삼로21번길
2617010400	부산광역시 동구 범일동	6**	단독	8m미만	62.7	35	201804	20	10000	1985	범일일길11번가길
2617010400	부산광역시 동구 범일동	2**	단독	8m미만	32.76	39.7	201804	11	17552	1985	성남삼로27번길
2617010400	부산광역시 동구 범일동	2**	단독	8m미만	100	40	201804	20	16800	1900	성남삼로18번길
2617010400	부산광역시 동구 범일동	2**	단독	8m미만	22.58	41.7	201804	20	15630	1985	성남삼로6번길
2617010400	부산광역시 동구 범일동	1***	단독	25m미만	106.11	45	201804	1	13200	1962	범상로
2617010400	부산광역시 동구 범일동	2**	단독	25m이상	34.77	48.3	201804	30	25649	1984	성남삼로18번길
2617010400	부산광역시 동구 범일동	2**	단독	8m미만	38.59	49.6	201804	28	19000	1985	성남삼로22번길
2617010400	부산광역시 동구 범일동	산6*	단독	8m미만	39	52	201804	20	1500	1900	null
2617010400	부산광역시 동구 범일동	1***	단독	8m미만	89.19	56	201804	10	11800	1962	증산로
2617010400	부산광역시 동구 범일동	1***	단독	8m미만	47.92	110	201804	6	5800	1984	증산로173번길
2617010400	부산광역시 동구 범일동	1***	단독	8m미만	147.84	115	201804	13	12000	1999	범내로9번길
2617010400	부산광역시 동구 범일동	1***	단독	8m미만	60.1	166	201804	7	10000	1900	범상로21번길
2617010400	부산광역시 동구 범일동	산6*	단독	8m미만	84.5	178	201804	20	3000	1900	null
2617010400	부산광역시 동구 범일동	1***	단독	12m미만	210.48	350	201804	5	113000	1962	범곡로
2617010200	부산광역시 동구 수정동	6**	단독	8m미만	56.2	18	201804	11	4000	1971	망양로756번길
2617010200	부산광역시 동구 수정동	6**	단독	8m미만	20	20	201804	3	700	1985	망양로756번길
2617010200	부산광역시 동구 수정동	5**	단독	12m미만	58.28	30	201804	12	15500	1969	수정동로
2617010200	부산광역시 동구 수정동	6**	단독	8m미만	54.24	41	201804	1	7850	2003	망양로756번가길
2617010200	부산광역시 동구 수정동	4**	단독	8m미만	26.45	55	201804	13	9500	1962	수정중로37번가길
2617010200	부산광역시 동구 수정동	4**	단독	8m미만	63.47	56	201804	18	6000	1962	수정공원로161번길
2617010200	부산광역시 동구 수정동	4**	단독	8m미만	148.46	86	201804	30	18200	1998	망양로822번길
2617010200	부산광역시 동구 수정동	3**	단독	8m미만	52.9	92.6	201804	5	19000	1900	초량중로
2617010200	부산광역시 동구 수정동	8**	단독	8m미만	39.34	96	201804	20	7300	1962	수정로33번길
2617010200	부산광역시 동구 수정동	1***	단독	8m미만	49.09	133	201804	21	16500	1962	홍곡중로
2617010200	부산광역시 동구 수정동	6**	단독	8m미만	275.56	169	201804	16	44000	1988	수정중로20번길
2617010300	부산광역시 동구 좌천동	6*	단독	8m미만	14.9	15.2	201804	11	5500	1900	성남이로9번길
2617010300	부산광역시 동구 좌천동	6*	단독	8m미만	14.62	16.5	201804	26	7750	1984	성남이로5번길
2617010300	부산광역시 동구 좌천동	6*	단독	25m이상	48	25.1	201804	24	8700	1900	성남로
2617010300	부산광역시 동구 좌천동	6*	단독	8m미만	26.16	39.3	201804	17	13400	1985	성남이로11번길
2617010300	부산광역시 동구 좌천동	6*	단독	12m미만	36.8	39.9	201804	21	14400	1984	성남이로
2617010300	부산광역시 동구 좌천동	9**	단독	8m미만	86.74	65	201804	11	7500	1999	증산로
2617010300	부산광역시 동구 좌천동	9**	단독	8m미만	99.09	82	201804	18	17900	1983	좌천로
2617010300	부산광역시 동구 좌천동	8**	단독	25m미만	124.98	120	201804	10	18500	1991	증산로
2617010300	부산광역시 동구 좌천동	8**	단독	8m미만	49.58	122	201804	13	16000	1962	좌천남로
2617010300	부산광역시 동구 좌천동	8**	단독	8m미만	43.27	126	201804	12	11000	1970	증산로
2617010100	부산광역시 동구 초량동	1**	단독	8m미만	54.87	49.6	201804	13	3500	1900	초량중로93번길
2617010100	부산광역시 동구 초량동	7**	단독	8m미만	79.27	76	201804	23	13000	1900	초량북로
2617010100	부산광역시 동구 초량동	8**	단독	8m미만	65	89	201804	14	8000	1900	초량남로43번길
2617010100	부산광역시 동구 초량동	8**	단독	8m미만	59.5	103	201804	30	13000	1974	망양로533번가길
2617010100	부산광역시 동구 초량동	8**	단독	25m미만	104.27	112	201804	2	33200	1979	초량로
2617010100	부산광역시 동구 초량동	7**	단독	8m미만	221.6	126	201804	16	20000	1995	초량북로17번길
2617010100	부산광역시 동구 초량동	7**	단독	8m미만	29.39	135	201804	25	14500	1973	망양로600번가길
2626010400	부산광역시 동래구 낙민동	2*	단독	8m미만	305.2	324	201804	16	32000	1983	반송로171번길
2626010700	부산광역시 동래구 명륜동	*	단독	8m미만	114.8	116	201804	5	50000	1961	온천천로
2626010700	부산광역시 동래구 명륜동	8*	단독	8m미만	128.55	119	201804	2	39600	1992	시실로24번길
2626010700	부산광역시 동래구 명륜동	8*	단독	8m미만	158.58	145	201804	2	55000	1991	시실로24번길
2626010100	부산광역시 동래구 명장동	5**	단독	8m미만	103.69	95	201804	17	14000	1980	시실로
2626010100	부산광역시 동래구 명장동	5**	단독	8m미만	86.78	119	201804	4	17000	1979	명서로105번길
2626010100	부산광역시 동래구 명장동	1**	단독	8m미만	130.71	120.8	201804	19	75000	1987	명장로127번길
2626010900	부산광역시 동래구 사직동	4*	단독	8m미만	192.87	132.6	201804	30	60000	1987	사직북로57번가길
2626010200	부산광역시 동래구 안락동	6**	단독	12m미만	116.04	103.8	201804	27	59000	1987	온천천로431번길
2626010200	부산광역시 동래구 안락동	8**	단독	8m미만	49.59	106	201804	26	21000	1969	충렬대로321번길
2626010200	부산광역시 동래구 안락동	6**	단독	8m미만	84.9	109	201804	7	32400	1986	온천천로431번길
2626010200	부산광역시 동래구 안락동	4**	단독	12m미만	135.43	126	201804	4	71000	1980	충렬대로459번길
2626010200	부산광역시 동래구 안락동	4**	단독	8m미만	84.91	133.2	201804	20	8000	1983	명안로26번길
2626010200	부산광역시 동래구 안락동	9**	단독	12m미만	146.88	142.1	201804	20	66000	1979	반송로240번길
2626010200	부산광역시 동래구 안락동	6**	단독	8m미만	173.04	161.5	201804	9	35200	1990	안남로
2626010200	부산광역시 동래구 안락동	4**	단독	12m미만	191.33	174.9	201804	12	63000	1980	충렬대로395번길
2626010200	부산광역시 동래구 안락동	4**	단독	12m미만	150.66	179.5	201804	5	38565	1984	명안로10번길
2626010200	부산광역시 동래구 안락동	6**	단독	8m미만	199.29	201.8	201804	10	48800	1988	연안로59번길
2626010800	부산광역시 동래구 온천동	7*	단독	8m미만	24.79	69	201804	14	20960	1973	금강로147번길
2626010800	부산광역시 동래구 온천동	1**	단독	8m미만	83.48	76	201804	17	35000	2000	null
2626010800	부산광역시 동래구 온천동	2**	단독	8m미만	24.12	83	201804	26	33200	1985	금강공원로60번길
2626010800	부산광역시 동래구 온천동	2**	단독	8m미만	54.82	171	201804	7	32000	1985	우장춘로162번길
2626010300	부산광역시 동래구 칠산동	1**	단독	8m미만	39.66	73	201804	28	17500	1970	동래로196번길
2626010300	부산광역시 동래구 칠산동	*	단독	8m미만	118.92	115	201804	3	37000	1993	칠산로39번가길
2623011000	부산광역시 부산진구 가야동	6**	다가구	8m미만	195.58	202	201804	19	45500	1984	냉정로233번길
2623011000	부산광역시 부산진구 가야동	6**	단독	12m미만	56.93	83	201804	28	17500	1981	가야대로482번길
2623011000	부산광역시 부산진구 가야동	1**	단독	8m미만	86.94	93	201804	20	26850	1973	가야대로546번길
2623011000	부산광역시 부산진구 가야동	6**	단독	8m미만	96.51	99	201804	22	20000	1973	가야공원로38번길
2623011000	부산광역시 부산진구 가야동	6**	단독	12m미만	49.92	115	201804	3	43500	1973	가야대로498번길
2623011000	부산광역시 부산진구 가야동	6**	단독	12m미만	123.37	157	201804	26	39000	1978	가야공원로38번길
2623011100	부산광역시 부산진구 개금동	3**	단독	12m미만	62.5	48	201804	27	15250	1980	백양대로252번길
2623011100	부산광역시 부산진구 개금동	4**	단독	8m미만	56.39	109	201804	22	9590	1985	가야대로443번가길
2623011100	부산광역시 부산진구 개금동	2*	단독	8m미만	125.19	126	201804	3	23450	1997	개금본동로4번길
2623011100	부산광역시 부산진구 개금동	*	단독	8m미만	119.13	127	201804	12	20400	1976	개금본동로4번길
2623011100	부산광역시 부산진구 개금동	5**	단독	8m미만	127.37	145	201804	17	24800	1976	복지로
2623011100	부산광역시 부산진구 개금동	4**	단독	8m미만	253.93	169	201804	11	64000	2012	복지로8번길
2623010900	부산광역시 부산진구 당감동	2**	단독	8m미만	19.12	30	201804	14	4500	1985	당감로34번길
2623010900	부산광역시 부산진구 당감동	4**	단독	8m미만	80	60	201804	21	10500	1980	당감로31번길
2623010900	부산광역시 부산진구 당감동	2**	단독	25m이상	56.39	76	201804	16	19500	1985	백양대로
2623010900	부산광역시 부산진구 당감동	6**	단독	8m미만	127.59	93	201804	30	15850	1994	당감서로117번길
2623010900	부산광역시 부산진구 당감동	7**	단독	8m미만	56.86	106	201804	7	11400	1974	당감서로71번길
2623010900	부산광역시 부산진구 당감동	7**	단독	8m미만	150.48	114	201804	25	27000	1996	당감서로100번길
2623010900	부산광역시 부산진구 당감동	4**	단독	8m미만	39.67	129	201804	10	9500	1980	당감로31번길
2623010500	부산광역시 부산진구 범전동	7*	단독	8m미만	50	23.06	201804	22	15400	1980	경마장로5번길
2623010500	부산광역시 부산진구 범전동	2**	단독	8m미만	82.32	54	201804	12	23679	1977	시민공원로74번길
2623010400	부산광역시 부산진구 범천동	9**	단독	25m이상	39.66	20	201804	25	11300	1959	신암로
2623010400	부산광역시 부산진구 범천동	9**	단독	8m미만	13.86	23	201804	25	2500	1985	신암로
2623010400	부산광역시 부산진구 범천동	8**	단독	8m미만	25.2	25.5	201804	10	10000	1985	중앙번영로19번길
2623010400	부산광역시 부산진구 범천동	8**	단독	8m미만	72	25.5	201804	13	10500	1985	중앙번영로19번길
2623010400	부산광역시 부산진구 범천동	8**	단독	8m미만	46.4	26.4	201804	27	4300	1980	중앙번영로20번길
2623010400	부산광역시 부산진구 범천동	8**	단독	8m미만	58	29.1	201804	27	5300	1980	중앙번영로20번가길
2623010400	부산광역시 부산진구 범천동	1***	단독	8m미만	26	41	201804	30	3900	1980	엄광로398번길
2623010400	부산광역시 부산진구 범천동	1***	단독	8m미만	114	41.83	201804	22	5400	1980	만리산로
2623010400	부산광역시 부산진구 범천동	1***	단독	25m미만	49.3	76	201804	23	11500	1980	null
2623010800	부산광역시 부산진구 부암동	2**	단독	8m미만	47.27	60.8	201804	20	24880	1974	신천대로
2623010800	부산광역시 부산진구 부암동	4**	단독	8m미만	35.04	66	201804	30	8000	1973	백양순환로115번길
2623010800	부산광역시 부산진구 부암동	5**	단독	8m미만	39.16	76	201804	19	11500	1985	부암당산로22번길
2623010800	부산광역시 부산진구 부암동	5**	단독	8m미만	41.65	93	201804	20	15000	1974	부암당산로22번길
2623010800	부산광역시 부산진구 부암동	3**	단독	8m미만	42.97	96	201804	13	17400	1970	신천대로273번길
2623010800	부산광역시 부산진구 부암동	3**	단독	8m미만	39.77	106	201804	27	8200	1971	동평로119번가길
2623010800	부산광역시 부산진구 부암동	4**	단독	12m미만	117.34	109	201804	20	18500	1988	백양순환로119번길
2623010800	부산광역시 부산진구 부암동	2*	단독	8m미만	156.32	123	201804	19	96401	1989	동평로214번길
2623010800	부산광역시 부산진구 부암동	산4*	단독	8m미만	49.92	126	201804	26	9370	1975	동평로131번가길
2623010800	부산광역시 부산진구 부암동	3**	단독	8m미만	49.59	149	201804	26	8900	1978	동평로131번나길
2623010800	부산광역시 부산진구 부암동	5**	단독	8m미만	150	152	201804	7	19969	1980	부암당산로21번가길
2623010800	부산광역시 부산진구 부암동	2*	단독	8m미만	132.56	175	201804	25	89981	1997	동평로214번길
2623010100	부산광역시 부산진구 양정동	1*	다가구	12m미만	139.96	119	201804	25	30130	1960	양정로
2623010100	부산광역시 부산진구 양정동	3**	단독	12m미만	83.96	52.9	201804	9	40900	1973	양지로5번길
2623010100	부산광역시 부산진구 양정동	7*	단독	8m미만	44.95	76	201804	19	16860	1966	진남로542번길
2623010100	부산광역시 부산진구 양정동	4*	단독	8m미만	46.28	88	201804	21	17200	1971	진남로572번나길
2623010100	부산광역시 부산진구 양정동	2*	단독	8m미만	121.5	106	201804	3	23763	1992	진남로586번길
2623010100	부산광역시 부산진구 양정동	1**	단독	12m미만	123.98	115.1	201804	9	83000	1984	동평로405번길
2623010100	부산광역시 부산진구 양정동	4**	단독	8m미만	59.5	136	201804	20	11000	1973	동평로325번길
2623010100	부산광역시 부산진구 양정동	1*	단독	8m미만	49.26	148	201804	17	27075	1980	양정로77번길
2623010100	부산광역시 부산진구 양정동	3*	단독	8m미만	67.42	165	201804	18	27636	1980	양정로77번길
2623010100	부산광역시 부산진구 양정동	7*	단독	8m미만	173.46	168	201804	24	42000	1992	양정로
2623010100	부산광역시 부산진구 양정동	2**	단독	25m이상	42.18	227	201804	3	106950	1980	거제대로
2623010600	부산광역시 부산진구 연지동	1**	단독	8m미만	23.1	30	201804	10	4500	1980	동평로225번길
2623010600	부산광역시 부산진구 연지동	2**	단독	8m미만	92.2	189	201804	24	43400	1978	국악로37번길
2623010200	부산광역시 부산진구 전포동	3**	단독	8m미만	33.1	48.95	201804	16	24900	1980	황령대로
2623010200	부산광역시 부산진구 전포동	1*	단독	8m미만	50.28	69	201804	24	18900	1985	진남로442번길
2623010200	부산광역시 부산진구 전포동	3**	단독	8m미만	40	72.4	201804	16	20000	1980	전포대로132번길
2623010200	부산광역시 부산진구 전포동	1**	단독	8m미만	45.62	79.7	201804	4	27330	1968	동성로112번길
2623010200	부산광역시 부산진구 전포동	2**	단독	8m미만	44.73	102	201804	28	18700	1969	서전로68번길
2623010200	부산광역시 부산진구 전포동	2*	단독	8m미만	168.4	103	201804	4	38360	1992	진남로463번길
2623010200	부산광역시 부산진구 전포동	3**	단독	8m미만	110.42	125	201804	20	20796	1978	진남로297번길
2623010200	부산광역시 부산진구 전포동	3**	단독	8m미만	110.42	125	201804	25	28000	1978	진남로297번길
2623010200	부산광역시 부산진구 전포동	2*	단독	8m미만	182.15	194	201804	26	42267	1981	진남로463번길
2623010200	부산광역시 부산진구 전포동	1*	단독	8m미만	59.5	198	201804	30	34204	1980	중앙대로824번길
2623010700	부산광역시 부산진구 초읍동	2**	단독	8m미만	53.78	103.5	201804	23	25000	1974	새싹로230번길
2623010700	부산광역시 부산진구 초읍동	6**	단독	8m미만	108.66	122	201804	3	29285	1972	국악로58번길
2623010700	부산광역시 부산진구 초읍동	5**	단독	8m미만	132.1	132	201804	24	18000	1979	성지로74번나길
2623010700	부산광역시 부산진구 초읍동	5*	단독	8m미만	58.08	142	201804	13	30000	1983	초읍천로61번길
2623010700	부산광역시 부산진구 초읍동	5**	단독	8m미만	161.07	149	201804	30	33700	1978	성지로51번가길
2623010700	부산광역시 부산진구 초읍동	1**	단독	8m미만	59.5	155.7	201804	17	29700	1974	성지로114번길
2623010700	부산광역시 부산진구 초읍동	1**	단독	8m미만	51.11	195	201804	16	12500	1977	성지로153번길
2623010700	부산광역시 부산진구 초읍동	3**	단독	8m미만	165.46	231	201804	30	72000	1980	성지곡로33번길
2632010500	부산광역시 북구 구포동	6**	다가구	8m미만	85.77	108	201804	10	20000	2002	모분재로16번길
2632010500	부산광역시 북구 구포동	1***	다가구	8m미만	164.88	157.3	201804	27	21000	1990	시랑로83번길
2632010500	부산광역시 북구 구포동	1***	단독	8m미만	24.13	67	201804	25	14189	1965	가람로8번길
2632010500	부산광역시 북구 구포동	9**	단독	25m이상	28.23	99	201804	20	47100	1971	백양대로1083번길
2632010500	부산광역시 북구 구포동	1***	단독	8m미만	87.09	119	201804	11	25300	1967	낙동북로663번가길
2632010500	부산광역시 북구 구포동	9**	단독	8m미만	56.85	129	201804	11	33150	1971	백양대로1083번길
2632010500	부산광역시 북구 구포동	8*	단독	12m미만	122.21	130	201804	4	40200	1978	모분재로15번길
2632010500	부산광역시 북구 구포동	1***	단독	8m미만	156.22	140	201804	5	24000	1989	백양대로1015번길
2632010500	부산광역시 북구 구포동	1***	단독	8m미만	141.12	149	201804	11	36056	1979	낙동북로663번가길
2632010500	부산광역시 북구 구포동	4**	단독	8m미만	148.76	175	201804	15	43000	1978	가람로52번길
2632010500	부산광역시 북구 구포동	1***	단독	8m미만	34.04	182	201804	11	37000	1966	가람로8번길
2632010500	부산광역시 북구 구포동	5**	단독	8m미만	26.45	198	201804	5	59000	2004	null
2632010500	부산광역시 북구 구포동	1***	단독	8m미만	68.2	221	201804	10	25500	1970	낙동대로1762번길
2632010400	부산광역시 북구 덕천동	2**	다가구	8m미만	123.38	139	201804	26	20000	1980	덕천로58번길
2632010400	부산광역시 북구 덕천동	4**	단독	8m미만	121.64	109	201804	6	14400	1984	의성로127번길
2632010400	부산광역시 북구 덕천동	6**	단독	8m미만	138.6	119	201804	10	17000	1988	금곡대로105번길
2632010400	부산광역시 북구 덕천동	3**	단독	8m미만	181.25	125	201804	24	14000	1987	의성로59번길
2632010400	부산광역시 북구 덕천동	3**	단독	8m미만	329.37	150	201804	7	118500	2018	의성로83번길
2632010400	부산광역시 북구 덕천동	6**	단독	8m미만	135.77	152	201804	4	16450	1988	금곡대로105번길
2632010400	부산광역시 북구 덕천동	8**	단독	8m미만	190.72	159.2	201804	12	26500	1991	모분재로15번길
2632010400	부산광역시 북구 덕천동	4**	단독	8m미만	434.33	247.4	201804	19	120000	2010	의성로128번길
2632010300	부산광역시 북구 만덕동	6**	단독	8m미만	106.97	110	201804	27	18000	1983	만덕1로
2632010300	부산광역시 북구 만덕동	8**	단독	8m미만	88.96	154.8	201804	2	24400	1985	덕천로336번길
2632010300	부산광역시 북구 만덕동	6**	단독	8m미만	125.29	155	201804	26	23500	1979	만덕1로51번길
2632010300	부산광역시 북구 만덕동	6**	단독	8m미만	129.91	177	201804	24	25500	1979	만덕1로51번길
2632010200	부산광역시 북구 화명동	4**	다가구	12m미만	130.43	125	201804	25	41500	1988	산성로48번길
2653010500	부산광역시 사상구 감전동	1**	단독	8m미만	111.6	106.8	201804	4	22700	1973	새벽시장로75번길
2653010500	부산광역시 사상구 감전동	1**	단독	12m미만	159.49	149.09	201804	16	17500	1977	새벽시장로56번길
2653010400	부산광역시 사상구 괘법동	5**	다가구	8m미만	319.39	253.5	201804	25	111000	1971	광장로103번길
2653010400	부산광역시 사상구 괘법동	2**	단독	12m미만	57.52	62.7	201804	23	16509	1970	사상로250번길
2653010400	부산광역시 사상구 괘법동	3**	단독	8m미만	35.44	67	201804	10	5900	1985	사상로250번길
2653010400	부산광역시 사상구 괘법동	2**	단독	8m미만	64.36	73	201804	13	11000	1995	운산로100번길
2653010400	부산광역시 사상구 괘법동	2**	단독	8m미만	119.84	107.2	201804	28	20600	1983	광장로93번길
2653010400	부산광역시 사상구 괘법동	5**	단독	8m미만	167.9	129.02	201804	17	25000	1985	새벽로202번길
2653010400	부산광역시 사상구 괘법동	3**	단독	8m미만	129.92	130.1	201804	9	36000	1979	사상로212번길
2653010400	부산광역시 사상구 괘법동	2**	단독	8m미만	345.8	165.7	201804	16	48000	1983	사상로238번길
2653010400	부산광역시 사상구 괘법동	5**	단독	8m미만	89.59	187.3	201804	2	27000	1973	사상로223번길
2653010300	부산광역시 사상구 덕포동	1**	단독	8m미만	125	108	201804	6	24000	1983	강선로13번길
2653010300	부산광역시 사상구 덕포동	4**	단독	12m미만	118.33	109	201804	11	29700	1978	삼덕로89번길
2653010300	부산광역시 사상구 덕포동	2**	단독	8m미만	60.17	109.08	201804	25	19000	1976	사상로310번길
2653010300	부산광역시 사상구 덕포동	4**	단독	8m미만	137.19	124	201804	4	23900	1978	삼덕로89번길
2653010300	부산광역시 사상구 덕포동	4**	단독	12m미만	134.95	143.14	201804	6	28800	1977	사상로309번길
2653010300	부산광역시 사상구 덕포동	1**	단독	8m미만	167.67	154	201804	4	29000	1989	백양대로703번길
2653010300	부산광역시 사상구 덕포동	2**	단독	8m미만	136.59	169	201804	16	24700	1977	사상로310번길
2653010300	부산광역시 사상구 덕포동	4**	단독	8m미만	197.69	201.4	201804	24	25000	1978	사상로319번길
2653010300	부산광역시 사상구 덕포동	7**	단독	8m미만	347.71	201.7	201804	28	41000	1992	백양대로778번길
2653010200	부산광역시 사상구 모라동	3**	다가구	8m미만	147.57	155	201804	25	25650	1990	백양대로934번길
2653010200	부산광역시 사상구 모라동	6**	단독	8m미만	82.42	100.75	201804	19	12500	1979	사상로489번길
2653010200	부산광역시 사상구 모라동	8**	단독	12m미만	105.88	103	201804	7	18000	1986	사상로478번길
2653010200	부산광역시 사상구 모라동	6**	단독	25m이상	135.11	115.7	201804	2	40000	1983	모라로
2653010200	부산광역시 사상구 모라동	1***	단독	8m미만	104.53	132	201804	10	21000	1976	모라로60번길
2653010200	부산광역시 사상구 모라동	1***	단독	12m미만	383.39	170.5	201804	26	48000	1990	백양대로
2653010100	부산광역시 사상구 삼락동	4**	단독	8m미만	123.34	119.5	201804	30	19000	1977	사상로309번길
2653010100	부산광역시 사상구 삼락동	5*	단독	8m미만	51.95	193.7	201804	30	32000	1985	낙동대로1534번길
2653010600	부산광역시 사상구 주례동	9*	다가구	8m미만	198.78	122	201804	23	67500	2018	가야대로330번길
2653010600	부산광역시 사상구 주례동	6*	단독	8m미만	121.26	132	201804	23	41000	1975	null
2653010600	부산광역시 사상구 주례동	1***	단독	12m미만	114.05	135.1	201804	30	23650	1975	진사로
2653010600	부산광역시 사상구 주례동	5**	단독	8m미만	161.93	150	201804	20	13000	1989	주례로139번길
2653010600	부산광역시 사상구 주례동	3**	단독	8m미만	165.42	155	201804	29	19300	1997	백양대로437번길
2653010600	부산광역시 사상구 주례동	3**	단독	8m미만	200.89	178.6	201804	16	27000	1989	양지로42번길
2653010600	부산광역시 사상구 주례동	9**	단독	8m미만	189.68	199.8	201804	25	38700	1988	백양대로504번길
2653010600	부산광역시 사상구 주례동	8*	단독	8m미만	320.53	235	201804	7	43000	1989	가야대로378번길
2638010800	부산광역시 사하구 감천동	1*	단독	8m미만	26.56	26	201804	3	2000	1985	옥천로70번길
2638010800	부산광역시 사하구 감천동	1*	단독	8m미만	26.33	30	201804	13	2100	1985	옥천로70번길
2638010800	부산광역시 사하구 감천동	1*	단독	8m미만	65.57	42	201804	19	3580	1985	옥천로64번길
2638010800	부산광역시 사하구 감천동	3*	단독	8m미만	92.66	92	201804	11	15350	1978	감천로139번길
2638010800	부산광역시 사하구 감천동	6**	단독	8m미만	91.11	115	201804	16	15800	1978	감천로43번길
2638010800	부산광역시 사하구 감천동	2*	단독	8m미만	128.28	117	201804	22	15000	1998	감천로139번다길
2638010800	부산광역시 사하구 감천동	8**	단독	8m미만	67.44	136	201804	23	11750	1977	사하로125번길
2638010800	부산광역시 사하구 감천동	8**	단독	8m미만	84.73	137.5	201804	8	14500	1978	사하로125번길
2638010800	부산광역시 사하구 감천동	2*	단독	8m미만	63.4	172	201804	12	9000	1975	감천로139번길
2638010100	부산광역시 사하구 괴정동	1**	단독	12m미만	59.67	26	201804	30	6000	1985	대티로59번길
2638010100	부산광역시 사하구 괴정동	4**	단독	8m미만	25.68	52	201804	7	16300	1985	낙동대로189번길
2638010100	부산광역시 사하구 괴정동	2**	단독	8m미만	51.5	56.21	201804	14	11392	1985	사리로94번길
2638010100	부산광역시 사하구 괴정동	산1*	단독	8m미만	53.78	99.07	201804	6	16000	1978	사리로70번길
2638010100	부산광역시 사하구 괴정동	3**	단독	25m미만	111.44	102	201804	15	11500	1974	낙동대로
2638010100	부산광역시 사하구 괴정동	4**	단독	8m미만	112.76	110.8	201804	20	15450	1982	괴정로260번길
2638010100	부산광역시 사하구 괴정동	1**	단독	8m미만	82.89	112	201804	30	12800	1984	낙동대로
2638010100	부산광역시 사하구 괴정동	산*	단독	8m미만	72.57	112.3	201804	28	15289	1985	null
2638010100	부산광역시 사하구 괴정동	9*	단독	25m미만	98.91	116	201804	3	14000	1980	대티로
2638010100	부산광역시 사하구 괴정동	5**	단독	8m미만	108.26	120.6	201804	28	23000	1978	괴정로232번길
2638010100	부산광역시 사하구 괴정동	1**	단독	8m미만	93.39	127	201804	21	19250	1978	대티로41번길
2638010100	부산광역시 사하구 괴정동	3**	단독	8m미만	98.41	129	201804	11	16400	1979	낙동대로140번길
2638010100	부산광역시 사하구 괴정동	1***	단독	8m미만	199.39	130	201804	10	22400	1995	승학로229번길
2638010100	부산광역시 사하구 괴정동	3**	단독	8m미만	79.21	132	201804	10	22500	1978	오작로
2638010700	부산광역시 사하구 구평동	1**	단독	25m이상	61.47	77	201804	12	25000	1985	을숙도대로
2638010600	부산광역시 사하구 다대동	8*	단독	8m미만	334.5	214	201804	19	41500	1988	다대로385번길
2638010200	부산광역시 사하구 당리동	5**	단독	8m미만	106.31	121	201804	20	16500	1979	동매로158번길
2638010200	부산광역시 사하구 당리동	2*	단독	8m미만	153.99	164	201804	26	40000	1978	승학로71번안길
2638010400	부산광역시 사하구 신평동	6**	다가구	8m미만	193.66	132.3	201804	12	24000	1988	하신번영로169번길
2638010400	부산광역시 사하구 신평동	8*	단독	8m미만	168.96	48	201804	5	13700	1992	다대로142번길
2638010400	부산광역시 사하구 신평동	1**	단독	8m미만	167.44	49	201804	4	13350	1991	다대로126번길
2638010400	부산광역시 사하구 신평동	1*	단독	8m미만	226.32	63	201804	12	17600	1993	장평로326번길
2638010400	부산광역시 사하구 신평동	8*	단독	25m이상	253.04	71	201804	25	50000	1991	다대로
2638010400	부산광역시 사하구 신평동	1*	단독	8m미만	167.7	117	201804	12	34000	1980	장평로320번길
2638010400	부산광역시 사하구 신평동	8*	단독	25m이상	454.96	130	201804	25	82500	1991	다대로140번길
2638010400	부산광역시 사하구 신평동	6**	단독	8m미만	143.25	132.3	201804	14	14000	1990	하신번영로161번길
2638010400	부산광역시 사하구 신평동	6**	단독	8m미만	147.66	132.3	201804	3	24000	1988	하신번영로169번길
2638010400	부산광역시 사하구 신평동	6**	단독	8m미만	193.98	132.3	201804	4	30000	1991	하신번영로161번길
2638010400	부산광역시 사하구 신평동	2**	단독	8m미만	150.66	135	201804	9	23000	1989	장평로299번길
2638010500	부산광역시 사하구 장림동	6**	다가구	8m미만	86.01	32	201804	30	3000	1993	장평로121번길
2638010500	부산광역시 사하구 장림동	6**	다가구	8m미만	103.66	33	201804	26	3100	1992	장림시장3길
2638010500	부산광역시 사하구 장림동	8**	단독	8m미만	24.03	32	201804	2	7800	1977	null
2638010500	부산광역시 사하구 장림동	3**	단독	8m미만	494.16	255	201804	17	102500	2010	장평로145번길
2638010300	부산광역시 사하구 하단동	3**	단독	12m미만	75.87	91	201804	20	11000	1982	동매로
2638010300	부산광역시 사하구 하단동	6**	단독	8m미만	97.29	92.1	201804	26	12700	1985	동매로50번길
2638010300	부산광역시 사하구 하단동	7**	단독	8m미만	184.39	108	201804	11	25500	1990	낙동남로1423번길
2638010300	부산광역시 사하구 하단동	5**	단독	8m미만	189.29	113	201804	17	30000	1989	낙동대로535번길
2638010300	부산광역시 사하구 하단동	5**	단독	8m미만	67.04	116.7	201804	17	20500	1982	낙동대로535번길
2638010300	부산광역시 사하구 하단동	5**	단독	8m미만	163.58	140.8	201804	17	21700	1986	낙동대로563번안길
2638010300	부산광역시 사하구 하단동	5**	단독	8m미만	139.04	155.3	201804	9	42500	1980	낙동대로535번길
2638010300	부산광역시 사하구 하단동	5**	단독	8m미만	152.43	155.3	201804	9	42500	1982	낙동대로535번길
2638010300	부산광역시 사하구 하단동	5**	단독	8m미만	296.1	155.6	201804	18	44500	1995	낙동대로535번길
2638010300	부산광역시 사하구 하단동	5**	단독	12m미만	354.78	179.2	201804	20	118000	2015	낙동대로519번길
2614012300	부산광역시 서구 남부민동	6**	단독	8m미만	34.72	33	201804	4	12000	1973	충무대로225번길
2614012300	부산광역시 서구 남부민동	2*	단독	8m미만	111.26	103.02	201804	29	14000	1975	천마로193번길
2614012300	부산광역시 서구 남부민동	2*	단독	8m미만	54.74	107	201804	3	6900	1945	천마로193번길
2614012300	부산광역시 서구 남부민동	3**	단독	8m미만	59.5	126	201804	14	8000	1948	남부민로12번길
2614012300	부산광역시 서구 남부민동	9*	단독	8m미만	145.21	179	201804	12	9000	1984	해돋이로81번길
2614010200	부산광역시 서구 동대신동2가	8*	단독	8m미만	33.06	13	201804	5	500	2018	망양로174번길
2614010200	부산광역시 서구 동대신동2가	2**	단독	8m미만	50.12	53	201804	18	16500	1967	null
2614010300	부산광역시 서구 동대신동3가	2**	단독	8m미만	94.33	71	201804	26	10500	1999	망양로127번길
2614010300	부산광역시 서구 동대신동3가	2**	단독	8m미만	204.44	102	201804	10	43000	2013	구덕로340번길
2614010300	부산광역시 서구 동대신동3가	1**	단독	8m미만	33.65	134	201804	14	36800	1945	구덕로346번길
2614010300	부산광역시 서구 동대신동3가	1*	단독	8m미만	229.36	750	201804	24	180000	1980	보수대로258번길
2614010900	부산광역시 서구 부민동1가	3*	단독	12m미만	205.69	71.4	201804	25	35000	1945	대청로6번길
2614011100	부산광역시 서구 부민동3가	*	단독	25m미만	47.04	31.6	201804	4	7000	1967	해돋이로
2614011100	부산광역시 서구 부민동3가	*	단독	8m미만	204.52	344.8	201804	9	80000	1945	고운들로35번길
2614010500	부산광역시 서구 서대신동2가	3**	단독	8m미만	62.7	95	201804	28	23607	1985	대티로134번길
2614010600	부산광역시 서구 서대신동3가	6**	단독	8m미만	33	22	201804	16	10800	1945	대티로161번길
2614010600	부산광역시 서구 서대신동3가	6**	단독	8m미만	84.57	88	201804	17	19200	1990	대티로163번가길
2614010600	부산광역시 서구 서대신동3가	6**	단독	8m미만	119.2	118	201804	11	23055	1995	대티로163번가길
2614011600	부산광역시 서구 아미동2가	7*	단독	12m미만	72.13	26.4	201804	11	12000	1985	까치고개로208번길
2614011600	부산광역시 서구 아미동2가	7*	단독	8m미만	33.72	49.2	201804	23	8000	1945	해돋이로240번길
2614011600	부산광역시 서구 아미동2가	8*	단독	8m미만	210.54	89.6	201804	20	26500	1995	아미로
2614011600	부산광역시 서구 아미동2가	8*	단독	8m미만	26.4	113.2	201804	2	2000	2018	천마산로
2614011900	부산광역시 서구 초장동	1*	단독	8m미만	79.34	50.2	201804	10	10000	1970	구덕로151번길
2650010400	부산광역시 수영구 광안동	5**	다가구	12m미만	164.62	150.6	201804	2	49000	1986	장대골로
2650010400	부산광역시 수영구 광안동	1***	단독	8m미만	45.52	50	201804	16	21000	1985	호암로29번길
2650010400	부산광역시 수영구 광안동	1**	단독	8m미만	89.48	79	201804	14	30000	1971	광안로21번길
2650010400	부산광역시 수영구 광안동	1**	단독	12m미만	108.16	80.3	201804	8	44800	1969	수영로594번길
2650010400	부산광역시 수영구 광안동	7**	단독	8m미만	97.88	110.1	201804	24	33000	1975	호암로25번길
2650010400	부산광역시 수영구 광안동	9*	단독	8m미만	136.46	120.7	201804	21	50500	1983	수영로660번길
2650010400	부산광역시 수영구 광안동	1**	단독	8m미만	116.6	144.8	201804	20	44000	1984	null
2650010400	부산광역시 수영구 광안동	1***	단독	8m미만	125.49	158	201804	23	45000	1978	호암로29번가길
2650010400	부산광역시 수영구 광안동	1**	단독	8m미만	119.7	165.1	201804	9	62000	1984	null
2650010400	부산광역시 수영구 광안동	1**	단독	8m미만	148.65	192.2	201804	23	71500	1978	수영로554번가길
2650010400	부산광역시 수영구 광안동	1**	단독	8m미만	142.65	201.5	201804	1	64800	1974	null
2650010400	부산광역시 수영구 광안동	5**	단독	8m미만	197.17	210.9	201804	27	45281	1986	호암로
2650010400	부산광역시 수영구 광안동	5**	단독	8m미만	104.2	223.1	201804	20	46221	1969	호암로
2650010100	부산광역시 수영구 망미동	8**	다가구	8m미만	229.77	137.2	201804	19	41000	1990	연수로264번길
2650010100	부산광역시 수영구 망미동	8**	다가구	12m미만	337.98	204.3	201804	3	65000	1990	망미로22번길
2650010100	부산광역시 수영구 망미동	7**	단독	8m미만	84.4	26	201804	19	7000	1993	금련로9번길
2650010100	부산광역시 수영구 망미동	3**	단독	12m미만	76.1	127.3	201804	6	40000	1977	망미번영로88번길
2650010100	부산광역시 수영구 망미동	8**	단독	8m미만	77.9	137.2	201804	12	28500	1983	망미로28번길
2650010100	부산광역시 수영구 망미동	8**	단독	12m미만	149.49	145.5	201804	2	20500	1986	망미로22번길
2650010100	부산광역시 수영구 망미동	4**	단독	12m미만	148.13	145.8	201804	12	35000	1976	과정로16번길
2650010100	부산광역시 수영구 망미동	8**	단독	8m미만	115.7	172.1	201804	30	48000	1973	연수로235번길
2650010100	부산광역시 수영구 망미동	8**	단독	12m미만	66.12	182.8	201804	30	25500	1974	연수로310번길
2650010300	부산광역시 수영구 민락동	7**	단독	8m미만	48.97	33	201804	11	11000	1998	광안로61번나길
2650010200	부산광역시 수영구 수영동	5**	다가구	8m미만	412.32	132.6	201804	13	102000	2016	구락로5번길
2650010200	부산광역시 수영구 수영동	4**	다가구	8m미만	170.55	149.4	201804	13	45500	1990	구락로25번길
2650010200	부산광역시 수영구 수영동	4**	다가구	25m이상	186.3	178.4	201804	30	65000	1986	연수로
2650010200	부산광역시 수영구 수영동	4**	단독	8m미만	138.9	119.6	201804	7	27800	1993	수영로741번길
2647010100	부산광역시 연제구 거제동	2**	단독	8m미만	123.41	127.8	201804	17	36700	1979	중앙대로1251번길
2647010100	부산광역시 연제구 거제동	5**	단독	8m미만	43.24	131	201804	9	30000	2014	거제시장로
2647010100	부산광역시 연제구 거제동	8**	단독	8m미만	58.31	132	201804	12	28022	1972	null
2647010100	부산광역시 연제구 거제동	3**	단독	8m미만	84.78	133	201804	2	36000	1984	법원북로
2647010100	부산광역시 연제구 거제동	7**	단독	8m미만	128.93	142	201804	16	44700	1975	거제대로74번길
2647010100	부산광역시 연제구 거제동	8**	단독	8m미만	59.54	191	201804	5	48800	1966	null
2647010200	부산광역시 연제구 연산동	3**	다가구	12m미만	200.49	106.7	201804	28	80000	2018	고분로143번길
2647010200	부산광역시 연제구 연산동	1***	단독	8m미만	52.23	23.4	201804	9	12300	1970	금련로7번길
2647010200	부산광역시 연제구 연산동	1***	단독	8m미만	162.23	53	201804	12	16500	1992	금련로12번길
2647010200	부산광역시 연제구 연산동	6**	단독	8m미만	33	68.25	201804	16	4200	1900	월드컵대로20번길
2647010200	부산광역시 연제구 연산동	1***	단독	8m미만	42.98	69	201804	18	5700	1973	쌍미천로45번길
2647010200	부산광역시 연제구 연산동	2***	단독	12m미만	303.78	73	201804	28	23800	1996	마곡천로
2647010200	부산광역시 연제구 연산동	5*	단독	12m미만	30.08	76	201804	24	12000	1976	토곡남로
2647010200	부산광역시 연제구 연산동	7**	단독	8m미만	91.24	86.3	201804	7	62500	1971	월드컵대로3번길
2647010200	부산광역시 연제구 연산동	2***	단독	8m미만	106.59	96.2	201804	11	22980	1973	null
2647010200	부산광역시 연제구 연산동	6**	단독	8m미만	99.64	115.7	201804	2	34800	1973	쌍미천로73번길
2647010200	부산광역시 연제구 연산동	2***	단독	8m미만	78.8	120.7	201804	12	15000	1973	배산북로11번길
2647010200	부산광역시 연제구 연산동	7**	단독	8m미만	49.59	130.9	201804	30	28000	1971	월드컵대로3번길
2647010200	부산광역시 연제구 연산동	7**	단독	8m미만	98.3	138.2	201804	23	24700	1985	null
2647010200	부산광역시 연제구 연산동	3**	단독	12m미만	139.19	142	201804	10	34400	1981	안연로7번가길
2647010200	부산광역시 연제구 연산동	6**	단독	8m미만	156.76	152.7	201804	2	34600	1973	쌍미천로73번길
2647010200	부산광역시 연제구 연산동	7**	단독	8m미만	169.32	162	201804	6	38000	1976	대리로5번길
2647010200	부산광역시 연제구 연산동	2***	단독	8m미만	369.23	171.2	201804	5	105000	2017	배산로33번길
2647010200	부산광역시 연제구 연산동	3**	단독	12m미만	339.68	185.1	201804	16	80000	1970	연동로14번길
2620010500	부산광역시 영도구 남항동1가	2**	단독	8m미만	129.82	128.1	201804	4	28000	1993	절영로35번길
2620010500	부산광역시 영도구 남항동1가	1**	단독	8m미만	222.27	134.5	201804	17	40000	1973	남항로19번길
2620010700	부산광역시 영도구 남항동3가	2*	단독	8m미만	21.92	34.4	201804	19	8000	1980	남항서로70번길
2620012100	부산광역시 영도구 동삼동	2**	단독	8m미만	59.78	106	201804	12	8900	2014	동삼로106번길
2620012100	부산광역시 영도구 동삼동	8**	단독	8m미만	49.59	132	201804	19	8000	1975	하리동길
2620012100	부산광역시 영도구 동삼동	3**	단독	8m미만	84.17	142	201804	27	22576	1993	태종로
2620011800	부산광역시 영도구 봉래동4가	1**	단독	8m미만	47.41	65	201804	18	8400	1980	개량2길
2620011900	부산광역시 영도구 봉래동5가	1**	단독	12m미만	71.3	78	201804	13	10500	1980	나팔꽃길
2620011900	부산광역시 영도구 봉래동5가	1**	단독	8m미만	91.26	107	201804	27	13700	1983	외나무길
2620011200	부산광역시 영도구 신선동1가	1**	단독	8m미만	24.8	16.5	201804	20	3300	1985	영봉길
2620011200	부산광역시 영도구 신선동1가	9*	단독	8m미만	25	28	201804	9	3000	1985	영도새싹길
2620011300	부산광역시 영도구 신선동2가	1**	단독	8m미만	52.8	24.32	201804	3	3000	1980	중복길
2620011300	부산광역시 영도구 신선동2가	1**	단독	8m미만	35.77	73	201804	21	7100	1971	금잔디길
2620011300	부산광역시 영도구 신선동2가	1**	단독	8m미만	40	76	201804	11	3600	1985	샛별길
2620011400	부산광역시 영도구 신선동3가	8*	단독	8m미만	34.15	46	201804	4	7700	1980	상록수길
2620011400	부산광역시 영도구 신선동3가	2*	단독	25m이상	93.33	78	201804	20	28000	2016	영상길
2620010900	부산광역시 영도구 영선동2가	2**	단독	8m미만	33	36	201804	20	3420	1985	꿈나무길
2620011100	부산광역시 영도구 영선동4가	1**	단독	25m미만	36	45.6	201804	25	9000	1985	절영로
2620012000	부산광역시 영도구 청학동	2**	단독	8m미만	93.13	76	201804	16	5500	2011	청학로76번길
2620012000	부산광역시 영도구 청학동	5*	단독	25m미만	149.85	87	201804	6	29000	1996	일산봉로
2620012000	부산광역시 영도구 청학동	1**	단독	8m미만	38.68	109	201804	18	4500	1975	청학동로19번길
2620012000	부산광역시 영도구 청학동	2**	단독	8m미만	119.13	113	201804	7	9000	1980	태종로322번길
2620012000	부산광역시 영도구 청학동	6*	단독	25m미만	139.36	122	201804	20	17000	1998	일산봉로
2620012000	부산광역시 영도구 청학동	3**	단독	8m미만	98.18	131	201804	12	9000	1978	청학서로18번길
2620012000	부산광역시 영도구 청학동	4**	단독	8m미만	136.48	151	201804	3	22000	1981	와치로39번길
2620012000	부산광역시 영도구 청학동	3**	단독	8m미만	32.4	170	201804	6	7600	1980	태종로298번길
2620012000	부산광역시 영도구 청학동	2**	단독	25m이상	29.75	225	201804	5	43520	1980	해양로
2620012000	부산광역시 영도구 청학동	3**	단독	25m미만	734.2	408	201804	25	98000	2004	태종로292번길
2611011400	부산광역시 중구 동광동4가	1*	단독	12m미만	398	114.7	201804	5	84000	1990	동광길
2611011400	부산광역시 중구 동광동4가	1*	단독	12m미만	536.84	138.5	201804	5	91000	1990	동광길
2611011500	부산광역시 중구 동광동5가	*	단독	8m미만	68.42	68.2	201804	13	3900	1990	동광길93번길
2611012000	부산광역시 중구 보수동1가	2*	단독	8m미만	7.64	7.9	201804	3	1310	1990	흑교로78번길
2611012000	부산광역시 중구 보수동1가	2*	단독	8m미만	11.11	13.2	201804	3	2190	1990	흑교로78번길
2611012000	부산광역시 중구 보수동1가	4*	단독	12m미만	62.54	41.4	201804	30	2750	1976	망양로298번길
2611012000	부산광역시 중구 보수동1가	1**	단독	8m미만	54.08	89.3	201804	26	1611	1990	책방골목길
2611012100	부산광역시 중구 보수동2가	7*	단독	12m미만	44.63	66.1	201804	13	30000	1990	null
2611012100	부산광역시 중구 보수동2가	7*	단독	12m미만	78.92	66.1	201804	13	30000	1983	null
2611012500	부산광역시 중구 부평동3가	5*	단독	25m이상	27.93	50.2	201804	6	30300	1990	보수대로
2611012600	부산광역시 중구 부평동4가	1*	단독	12m미만	199.88	57.1	201804	26	69300	2006	보수대로44번길
2611010100	부산광역시 중구 영주동	1*	단독	8m미만	149.46	66	201804	8	38800	1990	초량중로5번길
2611010100	부산광역시 중구 영주동	2**	단독	8m미만	44.53	74.39	201804	18	12500	1970	동영로73번길
2611010100	부산광역시 중구 영주동	7**	단독	8m미만	42.64	89.3	201804	12	22000	1990	null
2611010100	부산광역시 중구 영주동	3**	단독	25m미만	108.14	90	201804	27	13000	1975	망양로361번길
2611010100	부산광역시 중구 영주동	7**	단독	25m미만	134.65	93.2	201804	30	35000	2014	null
2611010100	부산광역시 중구 영주동	9*	단독	8m미만	49.92	110.1	201804	25	8900	1972	영주로88번길
2635010100	부산광역시 해운대구 반송동	3**	단독	8m미만	80.04	31	201804	13	4200	1991	윗반송로31번길
2635010100	부산광역시 해운대구 반송동	6*	단독	8m미만	28.7	32	201804	14	2400	1985	윗반송로51번길
2635010100	부산광역시 해운대구 반송동	4*	단독	8m미만	21.54	33	201804	9	4000	1977	윗반송로51번길
2635010100	부산광역시 해운대구 반송동	4*	단독	8m미만	120.6	34	201804	10	8250	1993	윗반송로51번길
2635010100	부산광역시 해운대구 반송동	6*	단독	8m미만	76.86	35	201804	9	6800	1993	윗반송로51번길
2635010100	부산광역시 해운대구 반송동	7**	단독	8m미만	90.75	35	201804	3	6300	1991	아랫반송로30번길
2635010100	부산광역시 해운대구 반송동	2**	단독	12m미만	120.78	46	201804	30	8600	1991	아랫반송로80번길
2635010100	부산광역시 해운대구 반송동	2**	단독	8m미만	120.9	46	201804	13	7400	1992	아랫반송로70번길
2635010100	부산광역시 해운대구 반송동	2**	단독	8m미만	37.72	50	201804	27	3500	2015	아랫반송로49번길
2635010100	부산광역시 해운대구 반송동	2**	단독	8m미만	46.24	50	201804	6	4200	1983	아랫반송로70번길
2635010100	부산광역시 해운대구 반송동	2**	단독	25m미만	97.7	50	201804	23	4300	1995	아랫반송로
2635010100	부산광역시 해운대구 반송동	2**	단독	25m미만	150.28	50	201804	6	21700	1978	아랫반송로
2635010100	부산광역시 해운대구 반송동	7**	단독	8m미만	53.88	52	201804	17	5300	1977	아랫반송로21번길
2635010100	부산광역시 해운대구 반송동	산5*	단독	12m미만	40.06	52.8	201804	24	14000	1985	아랫반송로60번길
2635010100	부산광역시 해운대구 반송동	2**	단독	8m미만	203.28	65	201804	13	15000	1992	아랫반송로29번길
2635010100	부산광역시 해운대구 반송동	8**	단독	25m미만	84.75	81.4	201804	30	20000	2013	신반송로
2635010100	부산광역시 해운대구 반송동	2**	단독	8m미만	116.82	99	201804	26	15000	1993	아랫반송로49번길
2635010100	부산광역시 해운대구 반송동	6**	단독	8m미만	76.78	101	201804	26	11800	1983	반송로867번길
2635010300	부산광역시 해운대구 반여동	1***	다가구	8m미만	139.21	58	201804	2	8000	1993	재반로212번길
2635010300	부산광역시 해운대구 반여동	1***	단독	8m미만	26.45	54.5	201804	28	5700	1972	재반로196번길
2635010300	부산광역시 해운대구 반여동	1***	단독	8m미만	176.03	56	201804	22	10600	1992	재반로211번길
2635010300	부산광역시 해운대구 반여동	1***	단독	8m미만	162.6	63	201804	5	8500	1992	재반로255번길
2635010300	부산광역시 해운대구 반여동	7**	단독	12m미만	109.36	96	201804	25	43800	1980	선수촌로207번길
2635010300	부산광역시 해운대구 반여동	1***	단독	8m미만	129.37	162	201804	20	67000	1974	선수촌로
2635010300	부산광역시 해운대구 반여동	9**	단독	8m미만	149.29	179	201804	26	39600	1975	선수촌로165번길
2635010300	부산광역시 해운대구 반여동	8**	단독	12m미만	154.58	202	201804	9	54000	1990	반여로
2635010500	부산광역시 해운대구 우동	1**	단독	8m미만	29.92	40	201804	7	27100	1985	우동2로30번가길
2635010500	부산광역시 해운대구 우동	3**	단독	8m미만	103.46	99	201804	14	29200	1988	우동1로85번길
2635010500	부산광역시 해운대구 우동	4**	단독	25m미만	71.74	165	201804	23	107000	1973	우동1로
2635010400	부산광역시 해운대구 재송동	1***	단독	12m미만	162.94	148.8	201804	17	39000	1988	재송1로45번길
2635010400	부산광역시 해운대구 재송동	5**	단독	8m미만	52.24	261	201804	14	60000	1985	해운대로205번길
2635010400	부산광역시 해운대구 재송동	1***	단독	12m미만	147.76	279.7	201804	19	61500	1988	재반로64번길
2635010600	부산광역시 해운대구 중동	1**	단독	-	49.41	125	201804	18	46000	1978	좌동로
2635010600	부산광역시 해운대구 중동	1***	단독	8m미만	67.85	138	201804	20	83640	1985	구남로41번길
2635010600	부산광역시 해운대구 중동	1***	단독	8m미만	121.32	147.04	201804	25	143000	1975	중동2로
2635010600	부산광역시 해운대구 중동	1***	단독	12m미만	51.24	281	201804	10	146452	1970	달맞이길62번길
1168010300	서울특별시 강남구 개포동	1***	다가구	8m미만	592.11	265.2	201804	3	250000	1993	논현로16길
1168010300	서울특별시 강남구 개포동	1***	단독	8m미만	539.69	265	201804	3	250000	1997	논현로16길
1168010800	서울특별시 강남구 논현동	2**	단독	8m미만	659.68	352.7	201804	10	515000	1996	봉은사로29길
1168010600	서울특별시 강남구 대치동	9**	단독	25m미만	836.7	343.8	201804	14	730000	1987	역삼로
1168011800	서울특별시 강남구 도곡동	9**	다가구	8m미만	127.82	79	201804	28	110000	1991	강남대로44길
1168011500	서울특별시 강남구 수서동	4**	단독	12m미만	198.6	319	201804	17	300000	1989	광평로42길
1168011500	서울특별시 강남구 수서동	4**	단독	12m미만	199.66	322	201804	4	271611	1988	광평로42길
1168010100	서울특별시 강남구 역삼동	6**	단독	8m미만	352.44	399.5	201804	18	480000	1994	봉은사로20길
1168011400	서울특별시 강남구 일원동	6**	단독	12m미만	327.84	229.4	201804	26	260000	1986	일원로5길
1168010400	서울특별시 강남구 청담동	1*	단독	8m미만	480.4	385.3	201804	9	550000	1991	도산대로68길
1168010400	서울특별시 강남구 청담동	9*	단독	12m미만	666.54	510.5	201804	6	1265000	1976	도산대로61길
1174010200	서울특별시 강동구 고덕동	2**	단독	8m미만	249.36	186.9	201804	15	130000	1988	아리수로72길
1174010500	서울특별시 강동구 길동	1**	단독	8m미만	249.86	172.9	201804	23	109800	1989	null
1174010500	서울특별시 강동구 길동	3**	단독	12m미만	654.16	209.4	201804	12	223000	1996	천중로51길
1174010600	서울특별시 강동구 둔촌동	7*	다가구	8m미만	172.84	106	201804	25	63700	1991	풍성로65길
1174010600	서울특별시 강동구 둔촌동	6**	다가구	8m미만	211.23	111	201804	23	73900	2014	동남로49길
1174010600	서울특별시 강동구 둔촌동	4**	다가구	8m미만	225.66	141.5	201804	2	115000	2016	진황도로
1174010600	서울특별시 강동구 둔촌동	4**	다가구	8m미만	277.14	166.5	201804	24	180000	2016	풍성로61길
1174010600	서울특별시 강동구 둔촌동	7*	단독	8m미만	174.62	112	201804	30	94860	1990	null
1174010600	서울특별시 강동구 둔촌동	4**	단독	8m미만	247.14	200.9	201804	20	133700	1986	양재대로102가길
1174010100	서울특별시 강동구 명일동	3**	다가구	12m미만	493.54	202	201804	17	214000	2004	양재대로147길
1174010100	서울특별시 강동구 명일동	3**	단독	8m미만	146.94	136	201804	7	85300	1988	null
1174010300	서울특별시 강동구 상일동	2**	단독	8m미만	249.66	185.7	201804	27	108000	1985	상일로5길
1174010800	서울특별시 강동구 성내동	1**	다가구	12m미만	557.48	241	201804	12	255500	1988	천호대로162길
1174010800	서울특별시 강동구 성내동	2**	단독	8m미만	161.73	116	201804	30	50900	1984	풍성로41길
1174010800	서울특별시 강동구 성내동	4**	단독	8m미만	195.06	131.3	201804	2	107000	1986	강동대로55길
1174010800	서울특별시 강동구 성내동	4**	단독	8m미만	238.5	155.8	201804	12	122460	1990	풍성로54길
1174010700	서울특별시 강동구 암사동	4**	다가구	8m미만	255.77	123.3	201804	4	80000	1994	암사11길
1174010700	서울특별시 강동구 암사동	4**	다가구	8m미만	200.23	132.1	201804	4	80000	1986	null
1174010700	서울특별시 강동구 암사동	4**	다가구	8m미만	266.82	165.3	201804	25	120000	1994	암사13길
1174010700	서울특별시 강동구 암사동	4**	단독	8m미만	137.88	106	201804	30	48000	1982	암사18길
1174010700	서울특별시 강동구 암사동	4**	단독	8m미만	153.72	204.5	201804	25	90000	1980	null
1174010900	서울특별시 강동구 천호동	1**	다가구	8m미만	148.62	83	201804	25	67000	1992	진황도로29길
1174010900	서울특별시 강동구 천호동	4**	다가구	8m미만	106	93	201804	6	44000	1983	구천면로29길
1174010900	서울특별시 강동구 천호동	2**	다가구	8m미만	182.76	122	201804	4	67500	1990	상암로27길
1174010900	서울특별시 강동구 천호동	1**	다가구	8m미만	229.35	168	201804	5	88000	1991	천중로34길
1174010900	서울특별시 강동구 천호동	3**	다가구	8m미만	305.61	196.6	201804	7	123000	1993	구천면로15길
1174010900	서울특별시 강동구 천호동	3**	다가구	12m미만	476.22	213.7	201804	11	159000	1993	천중로16길
1174010900	서울특별시 강동구 천호동	3**	단독	8m미만	178.34	124	201804	24	50000	1986	천중로2길
1174010900	서울특별시 강동구 천호동	2**	단독	8m미만	180.36	127	201804	6	69100	1987	상암로27나길
1174010900	서울특별시 강동구 천호동	2**	단독	8m미만	190.68	127	201804	6	80600	1987	상암로27나길
1174010900	서울특별시 강동구 천호동	2**	단독	8m미만	208.7	129	201804	3	78000	1989	상암로
1174010900	서울특별시 강동구 천호동	3**	단독	8m미만	227.76	152	201804	11	82500	1988	천중로18길
1174010900	서울특별시 강동구 천호동	1**	단독	25m미만	152.93	165	201804	6	128000	1978	null
1174010900	서울특별시 강동구 천호동	1**	단독	12m미만	180.14	168	201804	9	127000	1978	null
1174010900	서울특별시 강동구 천호동	1**	단독	8m미만	247.59	198	201804	23	85000	1990	천중로33길
1174010900	서울특별시 강동구 천호동	3**	단독	8m미만	158.91	212.9	201804	5	112000	1979	구천면로15길
1174010900	서울특별시 강동구 천호동	3**	단독	25m미만	1383.72	458.7	201804	5	357500	1991	올림픽로92길
1130510100	서울특별시 강북구 미아동	5*	다가구	8m미만	145.31	99	201804	11	56000	1992	도봉로10다길
1130510100	서울특별시 강북구 미아동	7**	다가구	8m미만	216.85	196	201804	2	80000	1984	삼양로38라길
1130510100	서울특별시 강북구 미아동	4**	단독	8m미만	18.58	20	201804	23	21500	1968	솔샘로64다길
1130510100	서울특별시 강북구 미아동	7**	단독	8m미만	33.55	50	201804	23	23590	1966	삼양로58나길
1130510100	서울특별시 강북구 미아동	7**	단독	8m미만	36.17	50	201804	5	23500	1985	삼양로58나길
1130510100	서울특별시 강북구 미아동	1***	단독	8m미만	38.58	50	201804	14	22500	1985	삼양로22길
1130510100	서울특별시 강북구 미아동	3**	단독	8m미만	47.9	61.5	201804	2	18000	1971	도봉로29길
1130510100	서울특별시 강북구 미아동	4**	단독	8m미만	49.26	73	201804	30	32200	1971	솔샘로60나길
1130510100	서울특별시 강북구 미아동	7**	단독	8m미만	45.39	76	201804	16	28800	1970	삼양로58나길
1130510100	서울특별시 강북구 미아동	1***	단독	8m미만	105.54	79	201804	14	40600	1988	숭인로7길
1130510100	서울특별시 강북구 미아동	7**	단독	8m미만	37.85	83	201804	10	29900	1966	삼양로58길
1130510100	서울특별시 강북구 미아동	1**	단독	8m미만	139.22	89.3	201804	14	40000	1994	도봉로20길
1130510100	서울특별시 강북구 미아동	2**	단독	8m미만	47.2	94.9	201804	2	32000	1967	솔매로35길
1130510100	서울특별시 강북구 미아동	7**	단독	8m미만	44.96	96	201804	4	33640	1984	삼양로38라길
1130510100	서울특별시 강북구 미아동	7**	단독	8m미만	52.66	99	201804	18	42000	1969	삼양로41길
1130510100	서울특별시 강북구 미아동	3**	단독	8m미만	148.86	101.5	201804	18	52500	1993	도봉로39길
1130510100	서울특별시 강북구 미아동	7**	단독	8m미만	159.75	104	201804	20	31000	1991	삼양로47길
1130510100	서울특별시 강북구 미아동	8**	단독	8m미만	178.95	107	201804	3	27741	1991	솔샘로
1130510100	서울특별시 강북구 미아동	3**	단독	8m미만	148.26	109	201804	9	44700	1994	도봉로27길
1130510100	서울특별시 강북구 미아동	8**	단독	8m미만	173.33	109	201804	19	41250	1991	솔샘로43길
1130510100	서울특별시 강북구 미아동	1**	단독	8m미만	87.17	109.1	201804	4	38750	1970	도봉로18나길
1130510100	서울특별시 강북구 미아동	1**	단독	8m미만	248.88	110.7	201804	10	64500	1990	도봉로18길
1130510100	서울특별시 강북구 미아동	3**	단독	8m미만	186.9	112.7	201804	20	54000	1991	도봉로41길
1130510100	서울특별시 강북구 미아동	4**	단독	8m미만	176.9	116	201804	30	59900	1994	삼양로20길
1130510100	서울특별시 강북구 미아동	3**	단독	8m미만	201.48	120	201804	7	67300	1995	솔매로44길
1130510100	서울특별시 강북구 미아동	3**	단독	8m미만	203.96	127.3	201804	30	53000	1990	도봉로41길
1130510100	서울특별시 강북구 미아동	3**	단독	8m미만	198.86	127.6	201804	14	67860	1992	null
1130510100	서울특별시 강북구 미아동	*	단독	12m미만	100.83	132	201804	16	45900	1975	월계로21다길
1130510100	서울특별시 강북구 미아동	7**	단독	8m미만	77.13	136	201804	30	57400	1970	삼양로39길
1130510100	서울특별시 강북구 미아동	*	단독	25m미만	192.12	136	201804	8	53000	1976	도봉로28길
1130510100	서울특별시 강북구 미아동	4**	단독	8m미만	144.27	145	201804	14	61400	1973	솔샘로60길
1130510100	서울특별시 강북구 미아동	*	단독	12m미만	96.03	155	201804	16	39850	1974	월계로21다길
1130510100	서울특별시 강북구 미아동	*	단독	12m미만	180.26	169	201804	11	62500	1978	월계로21가길
1130510100	서울특별시 강북구 미아동	2**	단독	8m미만	162.78	170.6	201804	20	106000	1978	솔매로45길
1130510100	서울특별시 강북구 미아동	4**	단독	8m미만	248.91	192	201804	18	92700	1989	솔샘로64길
1130510100	서울특별시 강북구 미아동	6*	단독	25m미만	213.82	208	201804	9	175000	1978	솔샘로
1130510200	서울특별시 강북구 번동	4**	다가구	8m미만	149.76	92.2	201804	13	27700	1993	한천로130길
1130510200	서울특별시 강북구 번동	4**	단독	8m미만	148.35	91.2	201804	27	25500	1992	한천로120길
1130510200	서울특별시 강북구 번동	4**	단독	8m미만	199.6	93.6	201804	8	95450	2018	오패산로70길
1130510200	서울특별시 강북구 번동	4**	단독	8m미만	119.67	98.5	201804	21	27000	1973	덕릉로
1130510200	서울특별시 강북구 번동	4**	단독	8m미만	178.5	122.3	201804	23	51800	1994	한천로124가길
1130510300	서울특별시 강북구 수유동	1**	다가구	8m미만	222.24	128.3	201804	2	63350	1990	한천로140길
1130510300	서울특별시 강북구 수유동	2*	다가구	12m미만	346.07	129.6	201804	1	118000	1992	노해로11길
1130510300	서울특별시 강북구 수유동	3**	단독	8m미만	44.91	56	201804	30	19306	1966	삼양로107길
1130510300	서울특별시 강북구 수유동	4**	단독	8m미만	144.42	81	201804	12	31300	1991	삼양로77가길
1130510300	서울특별시 강북구 수유동	5*	단독	8m미만	61.22	84.3	201804	13	29000	1970	삼양로76길
1130510300	서울특별시 강북구 수유동	3**	단독	8m미만	61.56	85	201804	19	22500	1971	삼각산로22길
1130510300	서울특별시 강북구 수유동	2*	단독	12m미만	198.84	100.5	201804	16	80000	2017	삼양로98길
1130510300	서울특별시 강북구 수유동	5*	단독	8m미만	293.35	109.1	201804	21	59500	1992	수유로4길
1130510300	서울특별시 강북구 수유동	2*	단독	8m미만	291.9	129.3	201804	13	125000	2017	노해로13길
1130510300	서울특별시 강북구 수유동	1**	단독	8m미만	339.43	149.1	201804	12	118000	1997	한천로140길
1130510300	서울특별시 강북구 수유동	4**	단독	8m미만	199.93	155	201804	27	57000	1991	삼양로87길
1130510300	서울특별시 강북구 수유동	5*	단독	12m미만	348.93	172.6	201804	23	146000	1983	도봉로77길
1130510400	서울특별시 강북구 우이동	7*	단독	8m미만	90.54	119	201804	17	45720	1975	삼양로139길
1130510400	서울특별시 강북구 우이동	7*	단독	8m미만	98.68	122	201804	17	47000	1975	삼양로139길
1130510400	서울특별시 강북구 우이동	2*	단독	8m미만	85.92	126	201804	9	39000	1974	삼양로163가길
1130510400	서울특별시 강북구 우이동	7*	단독	8m미만	141.19	129	201804	17	49530	1975	삼양로139길
1150010800	서울특별시 강서구 공항동	1***	다가구	12m미만	410.97	173.5	201804	17	114700	2000	방화대로6바길
1150010800	서울특별시 강서구 공항동	6**	단독	12m미만	226.74	162.3	201804	4	74500	1987	방화대로5길
1150010600	서울특별시 강서구 내발산동	7**	다가구	8m미만	244.62	163	201804	14	69800	1993	강서로47다길
1150010200	서울특별시 강서구 등촌동	5**	단독	8m미만	89.59	128.6	201804	20	58500	1974	등촌로39가길
1150010200	서울특별시 강서구 등촌동	5**	단독	8m미만	193.59	129.6	201804	20	140000	1990	등촌로55길
1150010900	서울특별시 강서구 방화동	1**	다가구	8m미만	177.6	99	201804	20	57000	1993	방화대로44길
1150010900	서울특별시 강서구 방화동	6**	단독	8m미만	36.36	73	201804	14	42500	1966	개화동로29길
1150010900	서울특별시 강서구 방화동	6**	단독	12m미만	46.71	73	201804	1	66000	1997	방화대로23길
1150010900	서울특별시 강서구 방화동	6**	단독	8m미만	45.29	93	201804	25	37500	1970	금낭화로5길
1150010900	서울특별시 강서구 방화동	6**	단독	8m미만	165.96	106	201804	5	50600	1991	개화동로23길
1150010900	서울특별시 강서구 방화동	6**	단독	12m미만	228.6	109	201804	19	75900	1991	초원로16길
1150010900	서울특별시 강서구 방화동	6**	단독	8m미만	91.49	116	201804	23	84000	2002	방화동로5길
1150010900	서울특별시 강서구 방화동	5**	단독	8m미만	52.4	119	201804	13	44500	1972	개화동로23길
1150010900	서울특별시 강서구 방화동	6**	단독	12m미만	59.5	142	201804	13	57990	1969	방화대로23길
1150010900	서울특별시 강서구 방화동	5**	단독	8m미만	77.53	149	201804	14	53570	1968	금낭화로5길
1150010900	서울특별시 강서구 방화동	6**	단독	12m미만	332.24	166	201804	9	83000	1990	개화동로27길
1150010900	서울특별시 강서구 방화동	6**	단독	8m미만	102.48	192	201804	25	74000	1977	방화동로10길
1150010300	서울특별시 강서구 화곡동	1***	다가구	12m미만	249.47	119.1	201804	14	89000	1988	화곡로13길
1150010300	서울특별시 강서구 화곡동	8**	단독	12m미만	173.49	109.4	201804	21	62000	1988	강서로8길
1150010300	서울특별시 강서구 화곡동	9**	단독	8m미만	101.82	111.7	201804	4	44000	1980	화곡로53길
1150010300	서울특별시 강서구 화곡동	3**	단독	8m미만	188.27	128.7	201804	2	47500	1986	강서로18길
1150010300	서울특별시 강서구 화곡동	2*	단독	8m미만	197.72	129	201804	28	72000	1994	화곡로42가길
1150010300	서울특별시 강서구 화곡동	5*	단독	8m미만	78.06	132	201804	9	42000	1971	초록마을로
1150010300	서울특별시 강서구 화곡동	3**	단독	8m미만	193.71	132.2	201804	17	84000	1988	곰달래로31나길
1150010300	서울특별시 강서구 화곡동	8*	단독	8m미만	93.65	136	201804	9	62000	1974	화곡로43가길
1150010300	서울특별시 강서구 화곡동	3**	단독	8m미만	203.94	137.9	201804	17	87570	1988	곰달래로27길
1150010300	서울특별시 강서구 화곡동	1**	단독	8m미만	220.8	153	201804	23	67100	1993	강서로18길
1150010300	서울특별시 강서구 화곡동	1**	단독	8m미만	229.65	153.4	201804	23	67280	1990	강서로18길
1150010300	서울특별시 강서구 화곡동	1**	단독	8m미만	346.09	172	201804	2	84000	1994	화곡로33길
1150010300	서울특별시 강서구 화곡동	1**	단독	8m미만	90.48	179	201804	4	67000	1973	까치산로4길
1150010300	서울특별시 강서구 화곡동	1**	단독	8m미만	361.24	179	201804	30	94000	1993	까치산로4길
1150010300	서울특별시 강서구 화곡동	4**	단독	8m미만	84.29	187	201804	23	59300	1977	초록마을로26길
1150010300	서울특별시 강서구 화곡동	9**	단독	12m미만	447.72	238.8	201804	27	140000	2002	화곡로53길
1150010300	서울특별시 강서구 화곡동	7**	단독	8m미만	458.26	280.4	201804	30	182000	2007	강서로5라길
1150010300	서울특별시 강서구 화곡동	9**	단독	12m미만	711.92	343.5	201804	9	237590	1989	화곡로55길
1162010300	서울특별시 관악구 남현동	1***	단독	8m미만	179.49	106.1	201804	2	76800	1992	남현길
1162010300	서울특별시 관악구 남현동	1***	단독	8m미만	194.04	131.7	201804	8	122000	1987	남현4길
1162010300	서울특별시 관악구 남현동	1***	단독	8m미만	97.85	132.5	201804	29	119000	1977	남부순환로262길
1162010300	서울특별시 관악구 남현동	1***	단독	8m미만	228.96	170.9	201804	9	126000	1990	남부순환로262길
1162010300	서울특별시 관악구 남현동	1***	단독	8m미만	99.77	174.1	201804	18	129000	1977	남부순환로262길
1162010100	서울특별시 관악구 봉천동	1***	다가구	8m미만	252.9	145.3	201804	23	94800	2007	인헌1가길
1162010100	서울특별시 관악구 봉천동	1***	다가구	8m미만	260.28	149	201804	30	90000	1995	청룡중앙길
1162010100	서울특별시 관악구 봉천동	1***	다가구	8m미만	335.1	194.1	201804	20	175000	1994	null
1162010100	서울특별시 관악구 봉천동	1***	다가구	8m미만	759.07	292	201804	7	280000	2004	행운1길
1162010100	서울특별시 관악구 봉천동	9**	단독	8m미만	56.7	72.05	201804	10	72700	1985	은천로
1162010100	서울특별시 관악구 봉천동	9**	단독	8m미만	128.78	85	201804	10	51000	1991	은천로
1162010100	서울특별시 관악구 봉천동	2*	단독	8m미만	48.03	86	201804	18	33000	1972	관악로24나길
1162010100	서울특별시 관악구 봉천동	6*	단독	8m미만	93.48	89	201804	4	36500	1973	행운1다길
1162010100	서울특별시 관악구 봉천동	6*	단독	8m미만	96.79	96	201804	11	48000	1972	행운1가길
1162010100	서울특별시 관악구 봉천동	9**	단독	8m미만	116.82	97.2	201804	25	62000	1975	양녕로1가길
1162010100	서울특별시 관악구 봉천동	*	단독	8m미만	79.94	101	201804	4	37900	1970	청림3나길
1162010100	서울특별시 관악구 봉천동	6**	단독	8m미만	74.05	102	201804	16	58600	1979	국회단지길
1162010100	서울특별시 관악구 봉천동	1***	단독	8m미만	130.38	116.8	201804	4	70500	1976	장군봉4길
1162010100	서울특별시 관악구 봉천동	1***	단독	8m미만	226.56	117.9	201804	21	89500	1993	남부순환로226길
1162010100	서울특별시 관악구 봉천동	1***	단독	8m미만	307.16	121.8	201804	8	157000	2018	장군봉11길
1162010100	서울특별시 관악구 봉천동	1***	단독	8m미만	307.96	124	201804	27	158000	2018	장군봉9길
1162010100	서울특별시 관악구 봉천동	1***	단독	8m미만	134.22	126.5	201804	17	62500	1982	장군봉7길
1162010100	서울특별시 관악구 봉천동	6**	단독	8m미만	223.02	132	201804	6	80000	1992	봉천로21가길
1162010100	서울특별시 관악구 봉천동	1***	단독	8m미만	146.45	134.9	201804	24	68200	1982	장군봉7길
1162010100	서울특별시 관악구 봉천동	6**	단독	8m미만	64.2	136	201804	21	65000	1969	봉천로13길
1162010100	서울특별시 관악구 봉천동	1***	단독	8m미만	299.99	137	201804	10	190000	2017	장군봉5길
1162010100	서울특별시 관악구 봉천동	1***	단독	8m미만	280.93	137.2	201804	30	185000	2016	남부순환로244가길
1162010100	서울특별시 관악구 봉천동	1***	단독	8m미만	233.8	137.8	201804	20	102750	1992	장군봉3길
1162010100	서울특별시 관악구 봉천동	6**	단독	8m미만	144.17	142	201804	6	93300	1973	은천로9길
1162010100	서울특별시 관악구 봉천동	4**	단독	25m미만	320.62	159	201804	27	165000	1977	은천로
1162010100	서울특별시 관악구 봉천동	1***	단독	8m미만	367.72	159.7	201804	6	130000	1996	낙성대로4길
1162010100	서울특별시 관악구 봉천동	4*	단독	25m미만	325.77	165	201804	27	179000	1984	은천로41길
1162010100	서울특별시 관악구 봉천동	1***	단독	8m미만	233.55	166.5	201804	2	132500	1983	인헌1길
1162010100	서울특별시 관악구 봉천동	4**	단독	25m미만	146.68	174	201804	27	90000	1974	은천로
1162010100	서울특별시 관악구 봉천동	1***	단독	8m미만	249	174.6	201804	4	104000	1990	남부순환로202길
1162010100	서울특별시 관악구 봉천동	7**	단독	8m미만	609.98	185	201804	13	153000	2001	보라매로6길
1162010100	서울특별시 관악구 봉천동	9**	단독	25m이상	94.85	201.3	201804	20	129000	1975	봉천로
1162010100	서울특별시 관악구 봉천동	9**	단독	8m미만	253.89	230.9	201804	10	167000	1980	null
1162010100	서울특별시 관악구 봉천동	6**	단독	8m미만	197.88	235	201804	2	119000	1983	봉천로13나길
1162010100	서울특별시 관악구 봉천동	4**	단독	25m미만	675.49	317	201804	27	290000	1984	은천로
1162010200	서울특별시 관악구 신림동	3**	다가구	8m미만	130.09	116	201804	19	48000	1970	양지1길
1162010200	서울특별시 관악구 신림동	4**	다가구	8m미만	218.03	143.1	201804	13	120000	1986	신사로12길
1162010200	서울특별시 관악구 신림동	6**	다가구	8m미만	314.92	159	201804	24	132500	2017	난곡로34길
1162010200	서울특별시 관악구 신림동	1***	다가구	8m미만	230.13	162.6	201804	3	98370	1984	문성로
1162010200	서울특별시 관악구 신림동	1*	다가구	8m미만	158.01	232	201804	6	184500	1979	남부순환로184길
1162010200	서울특별시 관악구 신림동	2**	단독	8m미만	32.07	50	201804	27	22500	1970	원신5길
1162010200	서울특별시 관악구 신림동	2**	단독	8m미만	33.06	56	201804	1	21200	1966	원신1길
1162010200	서울특별시 관악구 신림동	2**	단독	8m미만	33.06	56	201804	13	22950	1966	원신1길
1162010200	서울특별시 관악구 신림동	3**	단독	8m미만	106.35	69	201804	30	34600	1994	양지8길
1162010200	서울특별시 관악구 신림동	3**	단독	8m미만	40.56	73	201804	3	27000	1971	양지15길
1162010200	서울특별시 관악구 신림동	2**	단독	8m미만	42.64	73	201804	11	29700	1969	원신3길
1162010200	서울특별시 관악구 신림동	1***	단독	8m미만	110.19	83	201804	9	72800	1994	관천로16길
1162010200	서울특별시 관악구 신림동	3**	단독	8m미만	96.33	86	201804	27	28500	1996	양지15길
1162010200	서울특별시 관악구 신림동	1***	단독	8m미만	112.23	91.6	201804	9	83500	1993	봉천로4길
1162010200	서울특별시 관악구 신림동	1***	단독	8m미만	155.34	91.6	201804	13	83900	2016	남부순환로167길
1162010200	서울특별시 관악구 신림동	3**	단독	8m미만	65.29	96	201804	16	45000	1969	양지13길
1162010200	서울특별시 관악구 신림동	3**	단독	8m미만	141.19	99	201804	5	40500	1975	약수암길
1162010200	서울특별시 관악구 신림동	1***	단독	8m미만	199.89	105.4	201804	12	130000	2017	조원로4길
1162010200	서울특별시 관악구 신림동	3**	단독	-	194.91	109	201804	12	48300	1993	null
1162010200	서울특별시 관악구 신림동	1**	단독	8m미만	78.51	112	201804	6	60500	1974	신림로26길
1162010200	서울특별시 관악구 신림동	4**	단독	8m미만	189.48	122	201804	10	59000	1991	문성로36길
1162010200	서울특별시 관악구 신림동	4**	단독	8m미만	183.42	122.3	201804	10	84000	1990	신사로
1162010200	서울특별시 관악구 신림동	6**	단독	8m미만	192.42	129	201804	12	101900	1985	법원단지2길
1162010200	서울특별시 관악구 신림동	1***	단독	8m미만	278.55	131.8	201804	26	146000	2015	신원로1길
1162010200	서울특별시 관악구 신림동	6**	단독	8m미만	191.43	132	201804	9	40000	1984	난곡로26나길
1162010200	서울특별시 관악구 신림동	7**	단독	8m미만	197.06	132	201804	10	59500	1989	난곡로22길
1162010200	서울특별시 관악구 신림동	6**	단독	8m미만	237.24	132	201804	12	100000	1991	법원단지2길
1162010200	서울특별시 관악구 신림동	5**	단독	8m미만	264.84	132.9	201804	23	188000	2017	난곡로77길
1162010200	서울특별시 관악구 신림동	6**	단독	8m미만	200.25	136	201804	12	101000	1989	법원단지2길
1162010200	서울특별시 관악구 신림동	4**	단독	8m미만	203.04	136	201804	16	95300	1991	남부순환로164길
1162010200	서울특별시 관악구 신림동	7**	단독	8m미만	127.47	155	201804	6	51700	1977	난곡로25가길
1162010200	서울특별시 관악구 신림동	1*	단독	8m미만	242.85	155	201804	14	92600	1991	남부순환로194길
1162010200	서울특별시 관악구 신림동	7**	단독	8m미만	299.26	155	201804	30	93500	1993	난곡로24길
1162010200	서울특별시 관악구 신림동	4**	단독	8m미만	246.65	159.7	201804	3	71000	1988	남부순환로161나길
1162010200	서울특별시 관악구 신림동	4**	단독	8m미만	295.59	163	201804	28	123000	1996	남부순환로163가길
1162010200	서울특별시 관악구 신림동	6**	단독	25m이상	284	165	201804	3	125000	1986	난곡로
1162010200	서울특별시 관악구 신림동	5**	단독	8m미만	248.13	165.3	201804	18	120000	1991	남부순환로131길
1162010200	서울특별시 관악구 신림동	9*	단독	8m미만	112	175	201804	10	74500	1975	쑥고개로1나길
1162010200	서울특별시 관악구 신림동	5**	단독	8m미만	246.78	176.2	201804	10	140000	1988	남부순환로153길
1162010200	서울특별시 관악구 신림동	1**	단독	25m미만	634.57	182	201804	24	245000	2002	서림길
1162010200	서울특별시 관악구 신림동	7*	단독	8m미만	95.2	185	201804	26	131600	1971	남부순환로180길
1162010200	서울특별시 관악구 신림동	1***	단독	12m미만	234.72	191.36	201804	18	131000	1984	호암로26길
1162010200	서울특별시 관악구 신림동	1*	단독	8m미만	288.45	205	201804	16	158000	1989	남부순환로188길
1162010200	서울특별시 관악구 신림동	9*	단독	8m미만	329.07	208	201804	2	164000	2016	복은길
1121510400	서울특별시 광진구 광장동	3**	단독	8m미만	45.45	93	201804	23	53000	1970	광장로1길
1121510300	서울특별시 광진구 구의동	4*	단독	8m미만	169.86	97.5	201804	13	55500	1991	천호대로137길
1121510300	서울특별시 광진구 구의동	2**	단독	8m미만	178.74	100.5	201804	14	65500	1997	아차산로53길
1121510300	서울특별시 광진구 구의동	2**	단독	8m미만	141.77	125.3	201804	23	67000	1970	광나루로36길
1121510300	서울특별시 광진구 구의동	5*	단독	8m미만	146.32	125.3	201804	24	81000	1972	자양로43길
1121510300	서울특별시 광진구 구의동	2*	단독	8m미만	112.64	130.2	201804	3	63000	1978	자양로54길
1121510300	서울특별시 광진구 구의동	2**	단독	8m미만	480.9	185.8	201804	13	198000	1993	아차산로57길
1121510300	서울특별시 광진구 구의동	2**	단독	8m미만	411.8	189.4	201804	26	169000	1997	아차산로59길
1121510300	서울특별시 광진구 구의동	2**	단독	8m미만	165.98	195.7	201804	23	154200	1973	광나루로38길
1121510300	서울특별시 광진구 구의동	2**	단독	8m미만	210.68	256	201804	10	286300	1978	아차산로
1121510300	서울특별시 광진구 구의동	2*	단독	8m미만	898.7	452.2	201804	21	448000	2004	천호대로129길
1121510900	서울특별시 광진구 군자동	1**	단독	8m미만	99.72	86	201804	14	36700	1971	동일로52길
1121510900	서울특별시 광진구 군자동	3**	단독	8m미만	158.46	93	201804	22	53900	1991	군자로11길
1121510900	서울특별시 광진구 군자동	1**	단독	8m미만	231.41	146	201804	6	86700	1990	동일로52길
1121510900	서울특별시 광진구 군자동	3**	단독	8m미만	203.96	167	201804	6	111000	1978	광나루로13길
1121510200	서울특별시 광진구 능동	3**	단독	8m미만	140.09	110.4	201804	28	77500	1973	능동로30길
1121510200	서울특별시 광진구 능동	2**	단독	8m미만	80.6	121.3	201804	17	85800	1973	천호대로122길
1121510200	서울특별시 광진구 능동	3**	단독	8m미만	97.19	141.5	201804	28	100000	1973	능동로30길
1121510500	서울특별시 광진구 자양동	6**	다가구	8m미만	335.84	158.2	201804	2	128000	1996	뚝섬로43길
1121510500	서울특별시 광진구 자양동	2**	단독	8m미만	122.1	69	201804	11	48364	1993	동일로6길
1121510500	서울특별시 광진구 자양동	6*	단독	8m미만	160.47	96	201804	17	85000	1987	능동로3길
1121510500	서울특별시 광진구 자양동	2**	단독	8m미만	148.53	96.9	201804	28	80500	1990	자양번영로11길
1121510500	서울특별시 광진구 자양동	2**	단독	8m미만	152.82	96.9	201804	20	74715	1989	자양번영로11길
1121510500	서울특별시 광진구 자양동	2**	단독	8m미만	141.45	102	201804	11	77500	1989	뚝섬로
1121510500	서울특별시 광진구 자양동	2**	단독	8m미만	116.86	103.1	201804	13	65000	1974	자양번영로11길
1121510500	서울특별시 광진구 자양동	2**	단독	25m이상	149.02	114.4	201804	21	131500	1983	아차산로
1121510500	서울특별시 광진구 자양동	*	단독	8m미만	199.92	116.4	201804	5	230277	1993	아차산로34길
1121510500	서울특별시 광진구 자양동	7*	단독	8m미만	184.08	119	201804	15	79500	1988	능동로3가길
1121510500	서울특별시 광진구 자양동	6**	단독	8m미만	205.66	120.2	201804	24	80000	1995	뚝섬로50길
1121510500	서울특별시 광진구 자양동	2**	단독	8m미만	223.33	132	201804	19	75535	1993	동일로6길
1121510500	서울특별시 광진구 자양동	2**	단독	8m미만	199.47	136	201804	17	84668	1993	뚝섬로
1121510500	서울특별시 광진구 자양동	6**	단독	25m미만	215.28	141.7	201804	5	105000	1983	뚝섬로
1121510500	서울특별시 광진구 자양동	6**	단독	8m미만	248.25	152	201804	25	120000	1986	자양로11길
1121510500	서울특별시 광진구 자양동	6**	단독	-	194.04	153.1	201804	25	96000	1976	null
1121510500	서울특별시 광진구 자양동	8**	단독	8m미만	233.88	155	201804	9	103000	1988	뚝섬로27길
1121510500	서울특별시 광진구 자양동	2**	단독	8m미만	249.75	155	201804	4	122300	1990	동일로8길
1121510500	서울특별시 광진구 자양동	6**	단독	8m미만	341.83	157.1	201804	27	130000	1994	뚝섬로54길
1121510500	서울특별시 광진구 자양동	2**	단독	8m미만	290.52	159	201804	27	127097	1990	뚝섬로23길
1121510500	서울특별시 광진구 자양동	6**	단독	8m미만	242.94	160.1	201804	16	125500	1987	자양번영로8길
1121510500	서울특별시 광진구 자양동	6**	단독	8m미만	357.64	164.4	201804	3	150000	2002	뚝섬로52나길
1121510500	서울특별시 광진구 자양동	4**	단독	8m미만	247.47	165	201804	6	124780	1986	자양번영로3길
1121510500	서울특별시 광진구 자양동	6**	단독	12m미만	297.66	166.4	201804	6	135000	1997	자양로15길
1121510500	서울특별시 광진구 자양동	6**	단독	25m미만	458.01	169	201804	23	155000	1994	뚝섬로52길
1121510500	서울특별시 광진구 자양동	5**	단독	8m미만	249.58	177.6	201804	9	135000	1983	자양번영로3나길
1121510500	서울특별시 광진구 자양동	2**	단독	8m미만	425.89	198	201804	2	115285	1992	동일로6길
1121510500	서울특별시 광진구 자양동	6**	단독	8m미만	360.27	214.9	201804	13	195000	1985	자양로13가길
1121510500	서울특별시 광진구 자양동	5**	단독	12m미만	365.29	238	201804	2	185000	1980	능동로6길
1121510500	서울특별시 광진구 자양동	2**	단독	25m이상	895.01	356	201804	20	271683	1988	동일로
1121510100	서울특별시 광진구 중곡동	2**	다가구	8m미만	168.27	98.2	201804	9	75000	2012	긴고랑로12길
1121510100	서울특별시 광진구 중곡동	1**	다가구	25m이상	328.79	165.3	201804	4	283000	2015	능동로
1121510100	서울특별시 광진구 중곡동	1**	다가구	12m미만	398.87	201	201804	14	223500	2011	용마산로1길
1121510100	서울특별시 광진구 중곡동	1**	단독	8m미만	41.34	65.1	201804	12	31520	1971	null
1121510100	서울특별시 광진구 중곡동	1**	단독	8m미만	47.44	75	201804	12	36280	1971	null
1121510100	서울특별시 광진구 중곡동	1**	단독	8m미만	49.59	75	201804	12	36280	1971	null
1121510100	서울특별시 광진구 중곡동	1**	단독	8m미만	47.44	76.7	201804	12	37120	1971	null
1121510100	서울특별시 광진구 중곡동	1**	단독	8m미만	49.59	76.7	201804	11	41400	1971	null
1121510100	서울특별시 광진구 중곡동	1**	단독	8m미만	56.99	78	201804	12	37700	1971	null
1121510100	서울특별시 광진구 중곡동	1*	단독	8m미만	119.52	91.6	201804	26	45000	1983	용마산로26길
1121510100	서울특별시 광진구 중곡동	1**	단독	12m미만	149.95	105.8	201804	26	64000	1994	답십리로84길
1121510100	서울특별시 광진구 중곡동	2**	단독	8m미만	86.18	122	201804	28	40700	1974	긴고랑로9길
1121510100	서울특별시 광진구 중곡동	1**	단독	8m미만	179.28	125.6	201804	3	85000	1996	천호대로109길
1121510100	서울특별시 광진구 중곡동	2**	단독	8m미만	294.12	127.9	201804	25	100000	1996	null
1121510100	서울특별시 광진구 중곡동	2**	단독	8m미만	206.74	134.5	201804	9	65000	1988	동일로68길
1121510100	서울특별시 광진구 중곡동	1**	단독	8m미만	224.91	147.4	201804	28	105000	1988	천호대로115길
1121510100	서울특별시 광진구 중곡동	1**	단독	8m미만	277.26	147.4	201804	12	127000	2012	천호대로119길
1121510100	서울특별시 광진구 중곡동	9*	단독	8m미만	230.04	151.1	201804	18	114000	1989	null
1121510100	서울특별시 광진구 중곡동	9*	단독	8m미만	230.94	151.1	201804	18	114000	1989	null
1121510100	서울특별시 광진구 중곡동	6**	단독	8m미만	241.6	165.6	201804	21	92500	1985	null
1121510100	서울특별시 광진구 중곡동	1**	단독	8m미만	249.9	179	201804	19	84600	1987	능동로48길
1121510100	서울특별시 광진구 중곡동	1**	단독	8m미만	65.36	181	201804	12	50000	1900	용마산로28다길
1121510100	서울특별시 광진구 중곡동	2**	단독	8m미만	148.76	188.4	201804	25	85500	1978	null
1121510100	서울특별시 광진구 중곡동	1**	단독	8m미만	188.64	246.9	201804	23	145000	1974	천호대로125길
1121510100	서울특별시 광진구 중곡동	1**	단독	25m미만	567.29	286	201804	14	402000	2015	면목로
1121510700	서울특별시 광진구 화양동	4*	단독	8m미만	178.38	115.4	201804	3	105000	1987	아차산로21길
1121510700	서울특별시 광진구 화양동	1*	단독	8m미만	357.63	155.7	201804	2	174000	1995	군자로3길
1121510700	서울특별시 광진구 화양동	3*	단독	8m미만	299.31	156	201804	18	120000	1994	아차산로23길
1121510700	서울특별시 광진구 화양동	1**	단독	8m미만	382.38	185	201804	3	350000	1970	null
1153010300	서울특별시 구로구 가리봉동	1**	단독	8m미만	34.74	54.9	201804	22	19000	1985	디지털로23길
1153010300	서울특별시 구로구 가리봉동	1**	단독	8m미만	87.29	88.6	201804	14	31000	1973	우마2길
1153010700	서울특별시 구로구 개봉동	2**	단독	8m미만	143.43	96	201804	12	25000	1985	개봉로11나길
1153010700	서울특별시 구로구 개봉동	3*	단독	8m미만	123.34	112	201804	30	60360	1985	null
1153010700	서울특별시 구로구 개봉동	3*	단독	8m미만	123.34	113	201804	30	41700	1987	null
1153010700	서울특별시 구로구 개봉동	3*	단독	8m미만	177.36	119	201804	30	54000	1991	null
1153010700	서울특별시 구로구 개봉동	6*	단독	8m미만	179.22	132	201804	19	43300	1995	고척로18길
1153010700	서울특별시 구로구 개봉동	3**	단독	8m미만	120.09	133.9	201804	12	68850	1975	개봉로17길
1153010700	서울특별시 구로구 개봉동	3**	단독	8m미만	240.03	133.9	201804	29	75000	1991	개봉로17다길
1153010700	서울특별시 구로구 개봉동	1**	단독	8m미만	229.5	155	201804	28	65000	1990	고척로
1153010700	서울특별시 구로구 개봉동	3**	단독	8m미만	149.68	160.7	201804	12	70000	1975	개봉로17길
1153010700	서울특별시 구로구 개봉동	3**	단독	8m미만	219.24	164.3	201804	11	78500	1988	개봉로11길
1153010700	서울특별시 구로구 개봉동	3**	단독	8m미만	249.48	166.6	201804	2	92000	1991	개봉로5길
1153010700	서울특별시 구로구 개봉동	3**	단독	8m미만	247.32	177.5	201804	29	69000	1990	개봉로11길
1153010700	서울특별시 구로구 개봉동	3**	단독	8m미만	304.56	207.6	201804	13	89900	1988	개봉로3길
1153010600	서울특별시 구로구 고척동	5*	단독	8m미만	93.55	147	201804	6	43900	1977	중앙로8길
1153010600	서울특별시 구로구 고척동	2**	단독	8m미만	163.87	155	201804	25	47000	1984	경인로35길
1153010600	서울특별시 구로구 고척동	1**	단독	8m미만	246.78	165	201804	5	90000	1990	null
1153010600	서울특별시 구로구 고척동	2**	단독	8m미만	194.38	187	201804	10	59250	1979	고척로55길
1153010200	서울특별시 구로구 구로동	1**	다가구	8m미만	194.89	85	201804	17	44500	2006	구로중앙로12길
1153010200	서울특별시 구로구 구로동	5**	다가구	8m미만	149.66	99	201804	19	47000	1991	구로중앙로27가길
1153010200	서울특별시 구로구 구로동	5**	다가구	8m미만	152.55	101	201804	9	48000	1997	구로중앙로28길
1153010200	서울특별시 구로구 구로동	5**	단독	8m미만	111.52	50	201804	13	30800	2014	구로중앙로24가길
1153010200	서울특별시 구로구 구로동	7**	단독	8m미만	31.25	63	201804	20	20000	1976	구로동로
1153010200	서울특별시 구로구 구로동	7**	단독	8m미만	120.24	69	201804	7	40000	1994	구로동로25길
1153010200	서울특별시 구로구 구로동	5**	단독	8m미만	52.89	106	201804	19	40810	1968	구로중앙로27길
1153010200	서울특별시 구로구 구로동	7**	단독	25m미만	78.51	109	201804	14	132000	2002	구로동로
1153010200	서울특별시 구로구 구로동	3**	단독	8m미만	167.28	129	201804	3	42900	1990	구로동로21나길
1153010200	서울특별시 구로구 구로동	7**	단독	8m미만	228.26	134	201804	18	58000	1964	구로동로21나길
1153010200	서울특별시 구로구 구로동	5**	단독	8m미만	86.97	139	201804	18	54600	1975	구로중앙로28길
1153010200	서울특별시 구로구 구로동	5**	단독	8m미만	246.96	195	201804	14	100300	1990	구로중앙로27가길
1153010800	서울특별시 구로구 오류동	*	단독	8m미만	180.96	109	201804	25	31500	1995	경인로15길
1153010800	서울특별시 구로구 오류동	*	단독	8m미만	82.41	139	201804	17	75000	1974	고척로4길
1153010800	서울특별시 구로구 오류동	3*	단독	8m미만	216.91	226	201804	19	62000	1976	고척로16가길
1153010800	서울특별시 구로구 오류동	2*	단독	8m미만	286.74	266	201804	23	113000	1990	경인로25길
1153011100	서울특별시 구로구 천왕동	1*	단독	8m미만	23.85	136	201804	23	41000	1983	오리로3길
1154510100	서울특별시 금천구 가산동	2**	단독	8m미만	206.04	136.3	201804	10	72000	2001	벚꽃로26길
1154510100	서울특별시 금천구 가산동	2**	단독	8m미만	183.39	165.4	201804	17	97000	1976	null
1154510200	서울특별시 금천구 독산동	9**	다가구	8m미만	236.52	137.9	201804	11	59779	1990	독산로70길
1154510200	서울특별시 금천구 독산동	9**	단독	25m미만	201.69	134.9	201804	10	80000	1987	독산로
1154510200	서울특별시 금천구 독산동	3**	단독	8m미만	223.2	149	201804	20	74250	1988	null
1154510200	서울특별시 금천구 독산동	9**	단독	8m미만	202.77	156.6	201804	6	50000	1989	시흥대로142길
1154510200	서울특별시 금천구 독산동	9**	단독	8m미만	184.13	164.2	201804	18	83000	1990	독산로87길
1154510200	서울특별시 금천구 독산동	3**	단독	12m미만	227.44	212	201804	20	113280	1978	null
1154510200	서울특별시 금천구 독산동	9**	단독	8m미만	247.05	212.7	201804	9	114000	1986	null
1154510200	서울특별시 금천구 독산동	1**	단독	12m미만	297.48	224.7	201804	17	170000	1977	시흥대로141길
1154510300	서울특별시 금천구 시흥동	8**	다가구	8m미만	213.99	164.3	201804	21	79000	1990	금하로23길
1154510300	서울특별시 금천구 시흥동	2**	단독	8m미만	42.05	66	201804	20	17950	1971	탑골로13길
1154510300	서울특별시 금천구 시흥동	2**	단독	8m미만	70	89	201804	16	24000	1990	탑골로
1154510300	서울특별시 금천구 시흥동	2**	단독	8m미만	49.55	93	201804	7	36570	1999	탑골로
1154510300	서울특별시 금천구 시흥동	2**	단독	8m미만	52.56	93	201804	4	32500	1977	탑골로
1154510300	서울특별시 금천구 시흥동	2**	단독	8m미만	148.44	99	201804	18	29800	1999	탑골로3길
1154510300	서울특별시 금천구 시흥동	4**	단독	8m미만	176.46	100	201804	7	37800	1992	시흥대로40가길
1154510300	서울특별시 금천구 시흥동	9**	단독	8m미만	158.49	105.8	201804	10	32000	1987	금하로24라길
1154510300	서울특별시 금천구 시흥동	2**	단독	8m미만	149.86	106	201804	14	35200	1992	탑골로7길
1154510300	서울특별시 금천구 시흥동	2**	단독	8m미만	64.79	107	201804	4	36600	1999	탑골로
1154510300	서울특별시 금천구 시흥동	2**	단독	8m미만	90.58	108	201804	17	41000	1978	탑골로13길
1154510300	서울특별시 금천구 시흥동	2**	단독	8m미만	71.3	109	201804	23	55400	1976	탑골로3길
1154510300	서울특별시 금천구 시흥동	9**	단독	8m미만	174.54	117.5	201804	26	40300	1990	독산로10길
1154510300	서울특별시 금천구 시흥동	9**	단독	12m미만	182.4	122.8	201804	28	82500	1991	금하로24길
1154510300	서울특별시 금천구 시흥동	9**	단독	12m미만	153.13	124.1	201804	14	70000	1999	독산로6길
1154510300	서울특별시 금천구 시흥동	2**	단독	8m미만	75.04	138	201804	23	66720	1978	탑골로3길
1154510300	서울특별시 금천구 시흥동	2**	단독	8m미만	228.31	142	201804	20	60200	1996	탑골로8길
1154510300	서울특별시 금천구 시흥동	2**	단독	8m미만	160.04	149	201804	23	72000	1978	탑골로3길
1154510300	서울특별시 금천구 시흥동	*	단독	8m미만	215.6	166	201804	18	43400	1984	독산로50마길
1154510300	서울특별시 금천구 시흥동	8**	단독	8m미만	246	167.6	201804	1	82000	1990	독산로20길
1154510300	서울특별시 금천구 시흥동	8**	단독	8m미만	192.99	178.9	201804	3	79500	1977	금하로11길
1154510300	서울특별시 금천구 시흥동	2**	단독	8m미만	164.28	186	201804	20	95500	1988	탑골로8길
1154510300	서울특별시 금천구 시흥동	2**	단독	8m미만	218.54	216	201804	20	78400	1982	탑골로8길
1154510300	서울특별시 금천구 시흥동	2**	단독	8m미만	262.98	255	201804	20	100200	1989	탑골로8길
1135010300	서울특별시 노원구 공릉동	5**	다가구	25m미만	246.6	191.1	201804	9	139000	1983	동일로173가길
1135010300	서울특별시 노원구 공릉동	3**	단독	8m미만	76.56	109	201804	24	80000	1974	공릉로41길
1135010300	서울특별시 노원구 공릉동	3**	단독	8m미만	172.95	116	201804	16	63000	1981	공릉로27길
1135010300	서울특별시 노원구 공릉동	2**	단독	12m미만	147.83	122	201804	25	70000	1977	공릉로32길
1135010300	서울특별시 노원구 공릉동	3**	단독	12m미만	173.52	220	201804	24	91996	1983	동일로192가길
1135010500	서울특별시 노원구 상계동	1***	다가구	12m미만	57.06	91.5	201804	17	44300	1978	동일로239길
1135010500	서울특별시 노원구 상계동	5*	다가구	-	190.4	96	201804	27	36000	1989	덕릉로131길
1135010500	서울특별시 노원구 상계동	1**	다가구	8m미만	329.38	141	201804	27	68500	1992	한글비석로24바길
1135010500	서울특별시 노원구 상계동	1**	단독	-	26.45	38	201804	30	12300	1900	상계로37다길
1135010500	서울특별시 노원구 상계동	1**	단독	-	29.75	54	201804	16	14000	1900	null
1135010500	서울특별시 노원구 상계동	1**	단독	8m미만	38.91	83	201804	30	29000	1967	한글비석로24길
1135010500	서울특별시 노원구 상계동	3**	단독	8m미만	132.54	89	201804	4	37200	1987	한글비석로39길
1135010500	서울특별시 노원구 상계동	8*	단독	8m미만	159.46	93	201804	27	21000	1991	덕릉로95가길
1135010500	서울특별시 노원구 상계동	1**	단독	8m미만	156.07	99	201804	12	46500	1990	상계로
1135010500	서울특별시 노원구 상계동	3**	단독	12m미만	181.14	122	201804	20	85000	1983	상계로9가길
1135010500	서울특별시 노원구 상계동	*	단독	8m미만	52.89	139	201804	2	32500	1900	덕릉로141길
1135010200	서울특별시 노원구 월계동	2**	다가구	8m미만	198.56	122	201804	21	54000	1992	초안산로2길
1135010200	서울특별시 노원구 월계동	3**	단독	8m미만	88.06	116	201804	16	55000	1975	광운로19가길
1135010200	서울특별시 노원구 월계동	4**	단독	8m미만	147.97	165	201804	19	200000	1978	광운로
1135010600	서울특별시 노원구 중계동	1*	단독	8m미만	19.83	9	201804	14	10400	1900	중계로4길
1135010600	서울특별시 노원구 중계동	1*	단독	8m미만	15	42	201804	6	18000	1988	중계로6길
1135010600	서울특별시 노원구 중계동	2*	단독	8m미만	49.5	63	201804	4	21500	1988	중계로4나길
1135010600	서울특별시 노원구 중계동	2*	단독	8m미만	19.83	196	201804	30	42000	1900	중계로4가길
1132010800	서울특별시 도봉구 도봉동	2**	다가구	12m미만	288.02	193	201804	11	125200	2010	도봉산4가길
1132010800	서울특별시 도봉구 도봉동	6**	단독	8m미만	59.44	78.4	201804	2	28000	1973	마들로
1132010800	서울특별시 도봉구 도봉동	5**	단독	8m미만	81.06	114.9	201804	26	40020	1977	null
1132010800	서울특별시 도봉구 도봉동	6**	단독	8m미만	170.3	152.3	201804	5	69000	1977	null
1132010800	서울특별시 도봉구 도봉동	5**	단독	8m미만	96.07	163.8	201804	26	57040	1977	null
1132010800	서울특별시 도봉구 도봉동	2**	단독	8m미만	132.56	217	201804	5	85000	1982	null
1132010600	서울특별시 도봉구 방학동	6**	다가구	8m미만	178.8	114.8	201804	23	54500	1994	도봉로151길
1132010600	서울특별시 도봉구 방학동	6**	다가구	8m미만	311.81	156	201804	22	74000	1996	시루봉로
1132010600	서울특별시 도봉구 방학동	6**	단독	8m미만	45.52	91.3	201804	25	33000	1971	null
1132010600	서울특별시 도봉구 방학동	6**	단독	8m미만	45.52	120.7	201804	24	36500	1971	null
1132010600	서울특별시 도봉구 방학동	6**	단독	8m미만	321.52	145.2	201804	24	75000	1994	도당로13바길
1132010600	서울특별시 도봉구 방학동	3**	단독	8m미만	180.94	169	201804	12	50500	1983	시루봉로15길
1132010500	서울특별시 도봉구 쌍문동	1**	다가구	8m미만	179.77	123	201804	23	55000	1994	노해로48길
1132010500	서울특별시 도봉구 쌍문동	5**	다가구	8m미만	658.61	260.4	201804	30	150000	1994	도봉로133길
1132010500	서울특별시 도봉구 쌍문동	4**	단독	8m미만	48.6	70	201804	3	18000	1974	우이천로44길
1132010500	서울특별시 도봉구 쌍문동	2*	단독	8m미만	144.08	106	201804	2	27000	1998	도당로2길
1132010500	서울특별시 도봉구 쌍문동	8*	단독	8m미만	87.62	146.1	201804	11	79200	1969	null
1132010500	서울특별시 도봉구 쌍문동	1**	단독	12m미만	299.89	147.4	201804	5	150000	2017	우이천로24길
1132010500	서울특별시 도봉구 쌍문동	3*	단독	8m미만	79.34	162	201804	4	50000	1979	방학로3가길
1132010500	서울특별시 도봉구 쌍문동	5**	단독	8m미만	281.41	163	201804	19	48000	1984	삼양로162가길
1132010500	서울특별시 도봉구 쌍문동	1**	단독	8m미만	329.12	163.6	201804	2	138000	2008	도봉로109길
1132010500	서울특별시 도봉구 쌍문동	7*	단독	12m미만	492.19	179	201804	10	128000	1994	도봉로125길
1132010500	서울특별시 도봉구 쌍문동	3**	단독	25m이상	479.58	200	201804	14	138000	1995	노해로
1132010500	서울특별시 도봉구 쌍문동	4**	단독	25m미만	930	327	201804	6	173000	1990	삼양로146길
1132010700	서울특별시 도봉구 창동	5**	다가구	8m미만	237.99	129	201804	14	49000	1996	덕릉로60라길
1132010700	서울특별시 도봉구 창동	6**	다가구	8m미만	319.23	144.5	201804	14	76000	1993	도봉로110바길
1132010700	서울특별시 도봉구 창동	5**	단독	8m미만	62.01	96	201804	27	34000	1975	우이천로4길
1132010700	서울특별시 도봉구 창동	5**	단독	8m미만	199.52	139	201804	2	46000	1995	우이천로12길
1123010500	서울특별시 동대문구 답십리동	*	다가구	8m미만	107.69	66	201804	23	34500	1997	답십리로60길
1123010500	서울특별시 동대문구 답십리동	4**	다가구	12m미만	45.36	152.4	201804	30	77500	1980	답십리로30길
1123010500	서울특별시 동대문구 답십리동	4**	단독	12m미만	141.7	83.3	201804	30	66000	1988	천호대로73길
1123010500	서울특별시 동대문구 답십리동	2**	단독	25m미만	207.63	106	201804	27	103000	1996	전농로3길
1123010500	서울특별시 동대문구 답십리동	3*	단독	8m미만	167.76	116	201804	3	59500	1992	답십리로48라길
1123010500	서울특별시 동대문구 답십리동	9**	단독	8m미만	279.26	129	201804	18	91500	1991	황물로15가길
1123010500	서울특별시 동대문구 답십리동	4**	단독	8m미만	123.11	131.9	201804	17	86000	1974	사가정로2길
1123010500	서울특별시 동대문구 답십리동	4**	단독	8m미만	140.36	155	201804	30	100000	1975	답십리로40길
1123010500	서울특별시 동대문구 답십리동	4**	단독	8m미만	155.8	155	201804	30	120000	1976	답십리로40길
1123010100	서울특별시 동대문구 신설동	9*	단독	8m미만	50.78	26	201804	23	14300	1961	왕산로3가길
1123010100	서울특별시 동대문구 신설동	4*	단독	8m미만	30.88	119.21	201804	17	63000	1980	한빛로
1123010100	서울특별시 동대문구 신설동	9*	단독	8m미만	383.84	212	201804	23	19400	1968	왕산로3가길
1123010200	서울특별시 동대문구 용두동	2*	다가구	12m미만	437.54	224.6	201804	21	196500	1985	왕산로28길
1123010200	서울특별시 동대문구 용두동	2**	단독	8m미만	16.53	17.5	201804	28	33288	1980	null
1123010200	서울특별시 동대문구 용두동	1**	단독	25m이상	46.28	46	201804	20	50500	1980	무학로
1123010200	서울특별시 동대문구 용두동	1**	단독	8m미만	99	63	201804	10	42600	1996	무학로
1123010200	서울특별시 동대문구 용두동	3*	단독	8m미만	101.12	92.6	201804	20	70000	1975	천호대로41길
1123010200	서울특별시 동대문구 용두동	3*	단독	8m미만	115.07	92.6	201804	20	56000	1976	천호대로41길
1123010200	서울특별시 동대문구 용두동	3*	단독	8m미만	93.98	99.2	201804	25	72000	1976	null
1123010200	서울특별시 동대문구 용두동	3*	단독	8m미만	117.42	99.2	201804	25	69000	1976	null
1123010200	서울특별시 동대문구 용두동	3*	단독	8m미만	132.41	99.2	201804	25	69000	1976	null
1123010200	서울특별시 동대문구 용두동	1**	단독	12m미만	248.56	137.5	201804	5	147000	2017	무학로34길
1123011000	서울특별시 동대문구 이문동	8*	다가구	8m미만	134.75	90	201804	1	46500	1992	휘경로17길
1123011000	서울특별시 동대문구 이문동	1**	다가구	8m미만	149.85	116	201804	23	59500	1992	휘경로3길
1123011000	서울특별시 동대문구 이문동	3**	다가구	8m미만	198.99	139	201804	30	72700	1980	휘경로3길
1123011000	서울특별시 동대문구 이문동	4**	단독	8m미만	25.05	36	201804	23	25000	1985	천장산로13길
1123011000	서울특별시 동대문구 이문동	1**	단독	8m미만	27.67	46	201804	2	33000	1980	휘경로3나길
1123011000	서울특별시 동대문구 이문동	3**	단독	8m미만	29.29	50	201804	6	25000	1980	이문로35길
1123011000	서울특별시 동대문구 이문동	3**	단독	8m미만	28.96	53	201804	5	27000	1961	천장산로16길
1123011000	서울특별시 동대문구 이문동	7*	단독	8m미만	46.28	53	201804	10	19500	1967	null
1123011000	서울특별시 동대문구 이문동	2**	단독	8m미만	26.91	56	201804	12	27300	1968	신이문로22길
1123011000	서울특별시 동대문구 이문동	2**	단독	8m미만	43.54	56	201804	6	32500	1985	이문로43가길
1123011000	서울특별시 동대문구 이문동	1**	단독	8m미만	42.31	60	201804	11	34000	1968	외대역동로24길
1123011000	서울특별시 동대문구 이문동	2**	단독	8m미만	46.35	63	201804	10	30000	1980	이문로33가길
1123011000	서울특별시 동대문구 이문동	1**	단독	8m미만	57.29	69	201804	25	30800	1970	한천로59길
1123011000	서울특별시 동대문구 이문동	1**	단독	8m미만	37.02	73	201804	4	43200	1967	이문로38길
1123011000	서울특별시 동대문구 이문동	1**	단독	8m미만	44.86	73	201804	6	29700	1980	외대역동로
1123011000	서울특별시 동대문구 이문동	1**	단독	8m미만	64.99	86	201804	7	32500	1969	외대역동로32길
1123011000	서울특별시 동대문구 이문동	2**	단독	8m미만	121.47	93	201804	14	42000	1994	이문로33길
1123011000	서울특별시 동대문구 이문동	3**	단독	8m미만	155.99	93	201804	30	58400	1994	이문로25길
1123011000	서울특별시 동대문구 이문동	3**	단독	12m미만	189.53	97	201804	1	70000	1993	이문로17길
1123011000	서울특별시 동대문구 이문동	2**	단독	8m미만	150.52	102	201804	19	48200	1997	이문로35다길
1123011000	서울특별시 동대문구 이문동	2**	단독	8m미만	45.4	112	201804	6	37000	1980	이문로33가길
1123011000	서울특별시 동대문구 이문동	3**	단독	8m미만	148.13	112	201804	30	128700	1989	null
1123011000	서울특별시 동대문구 이문동	2**	단독	8m미만	58.51	139	201804	23	43000	1966	화랑로32마길
1123011000	서울특별시 동대문구 이문동	1**	단독	8m미만	54.55	238	201804	4	86000	1962	휘경로3라길
1123011000	서울특별시 동대문구 이문동	1**	단독	8m미만	57.29	6969	201804	27	35000	1970	외대역동로27가길
1123010600	서울특별시 동대문구 장안동	9*	단독	8m미만	147.16	116	201804	14	53900	1976	한천로42길
1123010600	서울특별시 동대문구 장안동	2**	단독	8m미만	196.8	132.3	201804	24	67400	1986	장한로27나길
1123010600	서울특별시 동대문구 장안동	3**	단독	8m미만	222.15	149.1	201804	3	78000	1985	천호대로77다길
1123010600	서울특별시 동대문구 장안동	3**	단독	12m미만	318.2	155.85	201804	9	92000	1980	장한로14길
1123010600	서울특별시 동대문구 장안동	4**	단독	8m미만	238.92	183.99	201804	26	102000	1982	천호대로87길
1123010600	서울특별시 동대문구 장안동	9*	단독	12m미만	209.28	220	201804	27	115000	1979	사가정로23가길
1123010400	서울특별시 동대문구 전농동	5**	다가구	8m미만	167.84	89	201804	2	35500	1999	답십리로23길
1123010400	서울특별시 동대문구 전농동	1**	다가구	8m미만	191.04	138.3	201804	16	65600	1980	전농로31나길
1123010400	서울특별시 동대문구 전농동	6**	단독	8m미만	23.34	20	201804	13	13000	1979	전농로31나길
1123010400	서울특별시 동대문구 전농동	1**	단독	12m미만	38.14	43	201804	12	25000	1983	전농로37길
1123010400	서울특별시 동대문구 전농동	6**	단독	8m미만	58.45	44	201804	21	26500	1979	전농로31나길
1123010400	서울특별시 동대문구 전농동	1**	단독	12m미만	38.55	46	201804	24	28000	1980	null
1123010400	서울특별시 동대문구 전농동	3**	단독	8m미만	76.64	60	201804	17	28800	2001	전농로15길
1123010400	서울특별시 동대문구 전농동	6**	단독	8m미만	36.07	62.5	201804	16	21500	1972	서울시립대로4길
1123010400	서울특별시 동대문구 전농동	1**	단독	12m미만	47.31	63	201804	24	34500	1980	전농로38가길
1123010400	서울특별시 동대문구 전농동	6*	단독	8m미만	47.7	79	201804	9	33600	1980	사가정로13길
1123010400	서울특별시 동대문구 전농동	6**	단독	8m미만	37.26	81	201804	5	35000	1985	전농로31가길
1123010400	서울특별시 동대문구 전농동	1**	단독	25m이상	50.48	86	201804	17	46800	1985	전농로
1123010400	서울특별시 동대문구 전농동	5**	단독	8m미만	167.84	89	201804	12	36000	1999	답십리로23길
1123010400	서울특별시 동대문구 전농동	5**	단독	12m미만	192.73	119	201804	2	97000	1988	답십리로23길
1123010400	서울특별시 동대문구 전농동	5**	단독	25m이상	79.34	126	201804	4	125000	1980	서울시립대로
1123010400	서울특별시 동대문구 전농동	*	단독	8m미만	165.95	136	201804	27	57000	1980	사가정로21길
1123010400	서울특별시 동대문구 전농동	1**	단독	8m미만	157.75	222	201804	13	147700	1979	서울시립대로25길
1123010300	서울특별시 동대문구 제기동	1**	단독	8m미만	26.01	53	201804	16	19500	1965	안암로22길
1123010300	서울특별시 동대문구 제기동	2**	단독	8m미만	140.2	86	201804	8	46800	1991	약령시로17길
1123010300	서울특별시 동대문구 제기동	1**	단독	8m미만	38.58	96	201804	30	28500	1976	제기로2가길
1123010300	서울특별시 동대문구 제기동	6*	단독	8m미만	86.91	99	201804	28	64000	1973	안암로
1123010300	서울특별시 동대문구 제기동	8**	단독	8m미만	40.5	101.89	201804	28	49450	1959	null
1123010300	서울특별시 동대문구 제기동	1**	단독	8m미만	165.51	106	201804	23	79300	2015	무학로44길
1123010300	서울특별시 동대문구 제기동	8**	단독	12m미만	101.38	120.9	201804	23	63000	1968	약령중앙로12길
1123010300	서울특별시 동대문구 제기동	1**	단독	8m미만	175.23	122	201804	25	61700	1986	고산자로52길
1123010300	서울특별시 동대문구 제기동	8**	단독	25m이상	183.74	127	201804	10	84000	1991	경동시장로9가길
1123010300	서울특별시 동대문구 제기동	6*	단독	8m미만	45.09	155	201804	28	42000	1956	안암로
1123010300	서울특별시 동대문구 제기동	1**	단독	8m미만	78.84	169	201804	2	79000	1966	무학로44길
1123010300	서울특별시 동대문구 제기동	6*	단독	8m미만	346.06	191	201804	3	140000	1988	제기로2길
1123010700	서울특별시 동대문구 청량리동	2**	다가구	8m미만	114.54	93	201804	23	45800	1980	제기로17길
1123010700	서울특별시 동대문구 청량리동	4**	다가구	8m미만	175.26	107.1	201804	4	65000	1986	홍릉로10길
1123010700	서울특별시 동대문구 청량리동	5*	단독	8m미만	12.18	13.1	201804	5	10000	1980	제기로38길
1123010700	서울특별시 동대문구 청량리동	1**	단독	8m미만	43.26	54	201804	14	32600	1985	제기로25길
1123010700	서울특별시 동대문구 청량리동	2**	단독	8m미만	108.06	86	201804	7	44200	1980	제기로21길
1123010700	서울특별시 동대문구 청량리동	4**	단독	8m미만	146.26	101.1	201804	2	56500	1995	제기로26길
1123010800	서울특별시 동대문구 회기동	*	단독	8m미만	36.17	79	201804	7	24000	1980	회기로23나길
1123010800	서울특별시 동대문구 회기동	1**	단독	8m미만	163.54	112	201804	19	64600	1992	회기로14길
1123010900	서울특별시 동대문구 휘경동	1**	단독	8m미만	137.75	86	201804	17	55000	1993	외대역동로5가길
1123010900	서울특별시 동대문구 휘경동	2**	단독	8m미만	69.69	112	201804	25	50700	1973	null
1123010900	서울특별시 동대문구 휘경동	1**	단독	8m미만	137.88	122	201804	28	55500	1996	이문로6길
1123010900	서울특별시 동대문구 휘경동	1**	단독	8m미만	450.48	195	201804	12	200000	1994	회기로31길
1159010100	서울특별시 동작구 노량진동	2**	다가구	8m미만	170.79	102	201804	6	103000	2001	노량진로8다길
1159010100	서울특별시 동작구 노량진동	3**	다가구	8m미만	275.55	130	201804	5	130000	1997	장승배기로21길
1159010100	서울특별시 동작구 노량진동	5*	단독	8m미만	23.47	53	201804	25	60000	1961	장승배기로28길
1159010100	서울특별시 동작구 노량진동	3**	단독	8m미만	46.29	73	201804	6	65500	1985	장승배기로19나길
1159010100	서울특별시 동작구 노량진동	2**	단독	8m미만	54.54	73	201804	11	66000	1968	등용로4길
1159010100	서울특별시 동작구 노량진동	2**	단독	8m미만	160.09	91	201804	4	82500	1994	장승배기로22길
1159010100	서울특별시 동작구 노량진동	2**	단독	8m미만	45.6	95.86	201804	4	67000	1985	노량진로6다길
1159010100	서울특별시 동작구 노량진동	2**	단독	8m미만	154.98	99	201804	7	85000	1992	노량진로6마길
1159010100	서울특별시 동작구 노량진동	2**	단독	8m미만	134.6	100	201804	1	50000	1992	장승배기로19라길
1159010100	서울특별시 동작구 노량진동	3*	단독	8m미만	101.79	126	201804	3	159000	1967	노량진로12길
1159010100	서울특별시 동작구 노량진동	2**	단독	8m미만	162.78	132	201804	6	82000	1988	등용로4길
1159010100	서울특별시 동작구 노량진동	5*	단독	8m미만	213	153	201804	25	170000	1989	장승배기로28길
1159010800	서울특별시 동작구 대방동	3**	다가구	8m미만	179.34	123	201804	10	83000	1997	대방동17길
1159010800	서울특별시 동작구 대방동	4*	다가구	8m미만	394.39	410	201804	2	200000	1971	등용로4길
1159010800	서울특별시 동작구 대방동	4**	단독	12m미만	118.95	102.5	201804	12	79100	1972	여의대방로24라길
1159010800	서울특별시 동작구 대방동	3**	단독	8m미만	176.59	105.8	201804	25	80000	1996	대방동17길
1159010800	서울특별시 동작구 대방동	3**	단독	8m미만	178.18	116	201804	6	87500	1997	대방동17길
1159010800	서울특별시 동작구 대방동	3**	단독	8m미만	175.2	119	201804	5	90000	1990	대방동17길
1159010800	서울특별시 동작구 대방동	1*	단독	8m미만	173.79	129	201804	9	50700	1990	등용로
1159010800	서울특별시 동작구 대방동	4*	단독	8m미만	271.86	166	201804	27	98000	1990	등용로10가길
1159010800	서울특별시 동작구 대방동	4*	단독	12m미만	510.3	188	201804	23	257600	1991	등용로14길
1159010400	서울특별시 동작구 본동	4*	단독	8m미만	172.53	132.3	201804	27	100000	1988	노량진로28길
1159010700	서울특별시 동작구 사당동	1***	다가구	8m미만	215.07	118.5	201804	12	107400	1992	사당로26길
1159010700	서울특별시 동작구 사당동	1***	단독	8m미만	182.83	91.7	201804	20	107500	2016	동작대로9가길
1159010700	서울특별시 동작구 사당동	1***	단독	8m미만	103.01	103.3	201804	30	85000	1971	동작대로1길
1159010700	서울특별시 동작구 사당동	2**	단독	8m미만	210.87	106	201804	9	72000	1989	사당로16마길
1159010700	서울특별시 동작구 사당동	1***	단독	8m미만	166.86	108.6	201804	15	85000	1989	동작대로9길
1159010700	서울특별시 동작구 사당동	1**	단독	8m미만	146.36	109	201804	21	56000	1983	사당로23바길
1159010700	서울특별시 동작구 사당동	2**	단독	8m미만	166.32	112	201804	11	70000	1990	사당로2차길
1159010700	서울특별시 동작구 사당동	4**	단독	8m미만	190.9	112	201804	15	75000	1990	남부순환로269길
1159010700	서울특별시 동작구 사당동	1***	단독	8m미만	279.02	118.1	201804	4	182000	2016	동작대로9다길
1159010700	서울특별시 동작구 사당동	2**	단독	8m미만	124.01	129	201804	30	104500	1973	사당로16가길
1159010700	서울특별시 동작구 사당동	1***	단독	8m미만	317.28	135	201804	3	230000	2018	동작대로17길
1159010700	서울특별시 동작구 사당동	1**	단독	8m미만	135.34	139	201804	30	92000	1975	사당로29다길
1159010700	서울특별시 동작구 사당동	4*	단독	8m미만	163.56	150	201804	20	73000	1986	동작대로35길
1159010700	서울특별시 동작구 사당동	2**	단독	8m미만	223.22	156	201804	19	141570	1987	사당로16나길
1159010700	서울특별시 동작구 사당동	4**	단독	8m미만	235.17	168	201804	20	147000	1991	사당로22길
1159010700	서울특별시 동작구 사당동	2**	단독	8m미만	178.95	172	201804	20	135200	1977	사당로9라길
1159010700	서울특별시 동작구 사당동	2**	단독	8m미만	168.74	197	201804	4	120000	1985	사당로14나길
1159010300	서울특별시 동작구 상도1동	4**	단독	8m미만	35.47	67.1	201804	25	25000	1970	상도로47라길
1159010300	서울특별시 동작구 상도1동	4**	단독	12m미만	249.21	141.8	201804	25	128000	1992	상도로41길
1159010300	서울특별시 동작구 상도1동	4**	단독	8m미만	271.25	492.9	201804	20	298000	1986	상도로41다길
1159010200	서울특별시 동작구 상도동	2**	다가구	8m미만	237.33	142	201804	15	88000	1991	양녕로27나길
1159010200	서울특별시 동작구 상도동	2**	단독	8m미만	96.64	112	201804	16	30000	1983	양녕로25길
1159010200	서울특별시 동작구 상도동	3**	단독	8m미만	279.8	132	201804	18	171000	2018	상도로15차길
1159010200	서울특별시 동작구 상도동	4**	단독	25m이상	53.06	133.2	201804	23	98000	1959	상도로
1159010200	서울특별시 동작구 상도동	2**	단독	8m미만	246.51	174	201804	20	102000	1987	국사봉1길
1159010200	서울특별시 동작구 상도동	2**	단독	8m미만	327.52	186	201804	25	184000	2007	성대로3길
1159010200	서울특별시 동작구 상도동	2**	단독	8m미만	246.96	198	201804	25	149000	1991	성대로6나길
1159010200	서울특별시 동작구 상도동	2*	단독	8m미만	390.96	215	201804	18	325188	1995	상도로33길
1159010200	서울특별시 동작구 상도동	4**	단독	25m이상	260.77	225.5	201804	13	360000	1976	상도로
1159010200	서울특별시 동작구 상도동	3**	단독	8m미만	323.32	240	201804	26	479500	1989	등용로2길
1159010900	서울특별시 동작구 신대방동	3**	다가구	8m미만	224.58	139	201804	19	67200	1992	보라매로9라길
1159010900	서울특별시 동작구 신대방동	5**	단독	8m미만	119.55	93	201804	16	42000	1976	신대방18길
1159010900	서울특별시 동작구 신대방동	4**	단독	12m미만	194.96	96	201804	13	72500	1993	여의대방로16길
1159010900	서울특별시 동작구 신대방동	3**	단독	8m미만	74.12	116	201804	18	59653	1970	보라매로9라길
1159010900	서울특별시 동작구 신대방동	6**	단독	8m미만	163.77	124.2	201804	16	67000	1987	신대방3길
1159010500	서울특별시 동작구 흑석동	6*	단독	8m미만	54.21	89	201804	3	75000	1967	서달로10마길
1159010500	서울특별시 동작구 흑석동	5*	단독	8m미만	42.98	96	201804	7	80000	1998	서달로12다길
1159010500	서울특별시 동작구 흑석동	2**	단독	8m미만	206.73	121.7	201804	5	91500	1989	현충로10길
1159010500	서울특별시 동작구 흑석동	1**	단독	8m미만	184.77	136	201804	3	130000	1984	흑석로13가길
1159010500	서울특별시 동작구 흑석동	1**	단독	8m미만	137.42	175	201804	4	98000	1970	흑석로5길
1144010200	서울특별시 마포구 공덕동	1**	단독	8m미만	23	33	201804	3	17000	1970	만리재로
1144010200	서울특별시 마포구 공덕동	1*	단독	8m미만	88.86	50	201804	17	38000	1995	만리재로12나길
1144010200	서울특별시 마포구 공덕동	2**	단독	8m미만	136.63	162	201804	23	137000	1970	마포대로11길
1144011000	서울특별시 마포구 노고산동	1*	다가구	8m미만	77.52	88.3	201804	14	57000	1971	고산2길
1144011000	서울특별시 마포구 노고산동	1**	단독	8m미만	231.84	108.4	201804	30	116000	1988	서강로20길
1144011000	서울특별시 마포구 노고산동	5*	단독	8m미만	198.17	145.5	201804	24	125000	1993	신촌로12나길
1144010800	서울특별시 마포구 대흥동	2**	단독	8m미만	23.14	56	201804	30	33000	1989	백범로18길
1144010800	서울특별시 마포구 대흥동	5**	단독	8m미만	47.07	60	201804	3	34000	1964	null
1144010800	서울특별시 마포구 대흥동	3**	단독	8m미만	117.27	83	201804	26	62250	1994	독막로38길
1144010400	서울특별시 마포구 도화동	2**	단독	8m미만	20.66	30.8	201804	3	28000	1960	도화2안길
1144010400	서울특별시 마포구 도화동	2**	단독	8m미만	24.73	46.3	201804	30	20500	1969	삼개로5안길
1144010400	서울특별시 마포구 도화동	2**	단독	8m미만	119.5	81.4	201804	3	65000	1998	삼개로1길
1144012300	서울특별시 마포구 망원동	4**	다가구	25m미만	368.19	148.8	201804	18	198000	1991	망원로
1144012300	서울특별시 마포구 망원동	3**	다가구	12m미만	366.29	217.9	201804	30	199000	1992	망원로6길
1144012300	서울특별시 마포구 망원동	4**	단독	8m미만	78.31	115	201804	27	88500	1973	희우정로16길
1144012300	서울특별시 마포구 망원동	4**	단독	8m미만	164.86	189.8	201804	14	176000	1977	null
1144012300	서울특별시 마포구 망원동	3**	단독	12m미만	314.94	235	201804	12	198000	1990	망원로6길
1144011500	서울특별시 마포구 상수동	1**	다가구	8m미만	274.32	136	201804	6	145000	1994	와우산로10길
1144012000	서울특별시 마포구 서교동	2**	단독	8m미만	114.57	86	201804	6	69000	1991	월드컵북로7길
1144012500	서울특별시 마포구 성산동	2**	다가구	12m미만	230.4	166.6	201804	27	95000	1990	동교로19길
1144012500	서울특별시 마포구 성산동	2**	단독	8m미만	161.72	241	201804	16	125000	1977	null
1144010300	서울특별시 마포구 신공덕동	*	단독	8m미만	34.2	66	201804	10	41500	1983	임정로21길
1144010300	서울특별시 마포구 신공덕동	2*	단독	8m미만	218.57	121	201804	20	360000	1971	만리재로
1144011100	서울특별시 마포구 신수동	3**	단독	8m미만	38.38	76	201804	21	25000	1965	토정로15안길
1144010100	서울특별시 마포구 아현동	7**	단독	8m미만	23.14	55.8	201804	26	34600	1993	환일길
1144012400	서울특별시 마포구 연남동	3**	다가구	8m미만	195.24	122	201804	19	189000	1992	동교로
1144012400	서울특별시 마포구 연남동	2**	단독	12m미만	71.73	104.1	201804	22	148000	1987	성미산로29안길
1144012400	서울특별시 마포구 연남동	3**	단독	8m미만	256.57	136	201804	26	250000	1996	동교로38길
1144010900	서울특별시 마포구 염리동	1**	단독	8m미만	12.4	33.06	201804	16	26500	1956	백범로17길
1144010900	서울특별시 마포구 염리동	8*	단독	8m미만	33.64	46	201804	20	35000	1997	숭문5길
1144010900	서울특별시 마포구 염리동	1**	단독	8m미만	16.33	56	201804	20	40000	1983	숭문2길
1144010900	서울특별시 마포구 염리동	*	단독	8m미만	35.69	76	201804	23	48500	1985	대흥로30길
1144010900	서울특별시 마포구 염리동	8*	단독	12m미만	177.29	202	201804	2	134000	1978	숭문길
1144012600	서울특별시 마포구 중동	1**	다가구	8m미만	242.04	188	201804	4	133000	1990	성암로5길
1144012200	서울특별시 마포구 합정동	3**	단독	8m미만	133.38	94.2	201804	7	133000	1991	토정로
1144012200	서울특별시 마포구 합정동	3**	단독	8m미만	493.71	164	201804	6	285000	1997	월드컵로3길
1141012000	서울특별시 서대문구 남가좌동	3**	다가구	8m미만	288.58	146.4	201804	19	125500	2010	가재울로6길
1141012000	서울특별시 서대문구 남가좌동	*	단독	8m미만	114.26	76	201804	12	25500	1993	명지대5길
1141012000	서울특별시 서대문구 남가좌동	3**	단독	8m미만	153.95	136.9	201804	13	74000	1976	모래내로
1141011200	서울특별시 서대문구 대현동	9*	단독	12m미만	402.9	131.9	201804	24	228000	1988	이화여대1안길
1141011200	서울특별시 서대문구 대현동	1**	단독	12m미만	99.18	166.6	201804	17	250000	1970	연세로2마길
1141011900	서울특별시 서대문구 북가좌동	1**	단독	8m미만	63.5	78	201804	30	36400	1976	응암로
1141011900	서울특별시 서대문구 북가좌동	3**	단독	8m미만	171.99	78.5	201804	17	43500	2002	수색로8길
1141011900	서울특별시 서대문구 북가좌동	3**	단독	8m미만	88.27	121	201804	30	53000	1975	null
1141011900	서울특별시 서대문구 북가좌동	3**	단독	8m미만	82.05	125.1	201804	18	56700	1974	수색로10길
1141011900	서울특별시 서대문구 북가좌동	3**	단독	8m미만	97.89	152.7	201804	25	74400	1973	null
1141011900	서울특별시 서대문구 북가좌동	*	단독	8m미만	207.78	162	201804	12	70500	1988	null
1141011900	서울특별시 서대문구 북가좌동	3**	단독	8m미만	350.75	176.5	201804	16	176000	2017	증가로31길
1141011900	서울특별시 서대문구 북가좌동	2**	단독	8m미만	159.38	189.3	201804	6	85800	1977	증가로28안길
1141011000	서울특별시 서대문구 북아현동	6**	다가구	8m미만	96.72	69	201804	27	70650	1997	북아현로4가길
1141011000	서울특별시 서대문구 북아현동	6**	다가구	8m미만	127.19	76	201804	20	72000	1992	북아현로4가길
1141011000	서울특별시 서대문구 북아현동	7*	다가구	8m미만	177.83	83	201804	17	86000	2002	북아현로4다길
1141011000	서울특별시 서대문구 북아현동	1**	단독	8m미만	91.1	39.7	201804	5	60000	1970	북아현로4길
1141011000	서울특별시 서대문구 북아현동	1**	단독	8m미만	46.28	60	201804	12	61000	1959	북아현로4다길
1141011000	서울특별시 서대문구 북아현동	4**	단독	8m미만	108.24	60	201804	10	63000	1992	북아현로4마길
1141011000	서울특별시 서대문구 북아현동	4**	단독	8m미만	170.82	80	201804	5	76000	2004	북아현로4마길
1141011000	서울특별시 서대문구 북아현동	8*	단독	8m미만	85.95	94.48	201804	14	81250	1963	신촌로37길
1141011000	서울특별시 서대문구 북아현동	5**	단독	8m미만	174.3	99	201804	2	85000	1992	북아현로4마길
1141011000	서울특별시 서대문구 북아현동	7**	단독	8m미만	60.03	109	201804	11	75680	1958	북아현로4가길
1141011000	서울특별시 서대문구 북아현동	*	단독	8m미만	198.79	117	201804	25	88000	1995	북아현로
1141011000	서울특별시 서대문구 북아현동	1**	단독	8m미만	373.6	162	201804	21	132000	1995	북아현로6길
1141011700	서울특별시 서대문구 연희동	1**	단독	8m미만	94.88	62.8	201804	21	37750	1986	연희로11마길
1141011700	서울특별시 서대문구 연희동	5**	단독	8m미만	40.5	83	201804	18	21500	1967	홍제천로
1141011700	서울특별시 서대문구 연희동	5**	단독	8m미만	149.04	86	201804	13	36000	1992	홍제천로
1141011700	서울특별시 서대문구 연희동	1**	단독	8m미만	157.93	89	201804	14	76000	2013	연희로33길
1141011700	서울특별시 서대문구 연희동	1**	단독	8m미만	163.98	387	201804	9	170000	1974	연희로
1141011700	서울특별시 서대문구 연희동	2**	단독	8m미만	267.5	413	201804	2	170000	1973	null
1141011700	서울특별시 서대문구 연희동	6*	단독	8m미만	268.94	416	201804	6	210000	1988	연희로22길
1141010700	서울특별시 서대문구 옥천동	1**	단독	8m미만	52.89	86	201804	28	43700	1942	독립문로4길
1141010700	서울특별시 서대문구 옥천동	1**	단독	8m미만	164.19	99.2	201804	27	67000	1991	독립문로4길
1141010700	서울특별시 서대문구 옥천동	1**	단독	8m미만	49.59	105.8	201804	27	62400	1943	독립문로4길
1141010700	서울특별시 서대문구 옥천동	4*	단독	8m미만	270.56	140.9	201804	9	106500	1996	독립문로
1141011600	서울특별시 서대문구 창천동	3**	단독	8m미만	65.12	48	201804	2	19000	1979	신촌로1길
1141011600	서울특별시 서대문구 창천동	5*	단독	12m미만	170.44	113.4	201804	5	97000	1991	연세로9길
1141010200	서울특별시 서대문구 충정로3가	3*	단독	8m미만	72.18	46	201804	7	54400	1991	경기대로
1141010200	서울특별시 서대문구 충정로3가	2**	단독	8m미만	26.45	52.9	201804	12	30000	1934	충정로2길
1141011800	서울특별시 서대문구 홍은동	1**	다가구	8m미만	283.86	162	201804	15	80500	1993	연희로41다길
1141011800	서울특별시 서대문구 홍은동	1*	단독	8m미만	139.56	89	201804	4	23500	1990	홍은중앙로11길
1141011800	서울특별시 서대문구 홍은동	1*	단독	8m미만	148.86	149	201804	2	53500	1990	홍은중앙로7길
1141011800	서울특별시 서대문구 홍은동	9*	단독	8m미만	161.98	192	201804	13	69700	1981	통일로
1141011100	서울특별시 서대문구 홍제동	2**	단독	8m미만	121.2	60	201804	14	27000	1986	세검정로3길
1141011100	서울특별시 서대문구 홍제동	3**	단독	8m미만	169.56	106	201804	12	60000	1990	통일로39나길
1141011100	서울특별시 서대문구 홍제동	*	단독	8m미만	130.91	168	201804	23	40000	1980	세검정로4다길
1165010100	서울특별시 서초구 방배동	4**	다가구	8m미만	323.95	163.6	201804	9	295000	2018	방배천로4안길
1165010100	서울특별시 서초구 방배동	7**	다가구	8m미만	419.42	197.6	201804	11	239000	1997	동광로7길
1165010100	서울특별시 서초구 방배동	4**	단독	12m미만	227.16	112.1	201804	26	130000	1987	청두곶길
1165010100	서울특별시 서초구 방배동	9**	단독	25m미만	144.99	143.7	201804	23	210500	1977	도구로
1165010100	서울특별시 서초구 방배동	9**	단독	8m미만	128.96	156.2	201804	25	192000	1977	서초대로6길
1165010100	서울특별시 서초구 방배동	8**	단독	8m미만	326.31	156.5	201804	30	235000	1993	동광로14길
1165010100	서울특별시 서초구 방배동	4**	단독	8m미만	215.01	165.4	201804	6	162000	1981	효령로2길
1165010100	서울특별시 서초구 방배동	9**	단독	8m미만	208.26	170.3	201804	16	207000	1979	방배중앙로7길
1165010100	서울특별시 서초구 방배동	9**	단독	8m미만	120.66	177.3	201804	12	216000	1977	서초대로6길
1165010100	서울특별시 서초구 방배동	8**	단독	8m미만	157.35	187.6	201804	20	207000	1977	서초대로15길
1165010100	서울특별시 서초구 방배동	2***	단독	8m미만	199.44	288	201804	12	178000	1989	전원말안5길
1165010100	서울특별시 서초구 방배동	2***	단독	8m미만	196.29	303	201804	6	190000	1987	전원말2길
1165010800	서울특별시 서초구 서초동	1***	단독	8m미만	233.64	165.3	201804	19	175000	1983	반포대로8길
1165010800	서울특별시 서초구 서초동	1***	단독	8m미만	241.46	172	201804	18	190500	1982	효령로72길
1165010800	서울특별시 서초구 서초동	1***	단독	8m미만	235.57	175.9	201804	18	195000	1982	효령로72길
1165010800	서울특별시 서초구 서초동	1***	단독	8m미만	229.25	198.7	201804	5	240000	1980	null
1165011100	서울특별시 서초구 신원동	4**	단독	8m미만	581.18	356	201804	6	327000	2016	본마을2길
1165010200	서울특별시 서초구 양재동	3**	다가구	8m미만	637.57	277.5	201804	22	312000	1996	언남16길
1120011100	서울특별시 성동구 금호동3가	5**	단독	8m미만	109.2	68.1	201804	28	52000	2014	금호산2가길
1120011100	서울특별시 성동구 금호동3가	9*	단독	8m미만	45.72	77.7	201804	16	52500	1965	무수막3길
1120011200	서울특별시 성동구 금호동4가	1***	다가구	8m미만	85.07	53.9	201804	26	40300	1988	동호로2나길
1120011200	서울특별시 성동구 금호동4가	1***	단독	8m미만	132.94	85	201804	30	58000	1988	독서당로
1120011200	서울특별시 성동구 금호동4가	1***	단독	8m미만	188.87	126.9	201804	20	80000	1998	독서당로47가길
1120010600	서울특별시 성동구 사근동	2**	다가구	8m미만	100.31	106	201804	16	55000	1968	null
1120010600	서울특별시 성동구 사근동	2**	단독	8m미만	174.58	112	201804	24	54400	1996	사근동11길
1120011400	서울특별시 성동구 성수동1가	6**	다가구	8m미만	119.42	93	201804	19	138600	1992	왕십리로10길
1120011400	서울특별시 성동구 성수동1가	1**	다가구	8m미만	492.96	441	201804	3	169000	1994	둘레1길
1120011400	서울특별시 성동구 성수동1가	1**	단독	8m미만	99.71	83	201804	5	110000	1992	둘레3나길
1120011400	서울특별시 성동구 성수동1가	6**	단독	8m미만	205.68	96	201804	25	119000	1994	왕십리로11길
1120011400	서울특별시 성동구 성수동1가	2**	단독	8m미만	134.28	102	201804	16	123200	1989	둘레5길
1120011400	서울특별시 성동구 성수동1가	6**	단독	8m미만	140.21	106	201804	25	99500	1973	왕십리로13다길
1120011400	서울특별시 성동구 성수동1가	7*	단독	8m미만	190.35	132	201804	30	145000	1986	성덕정3가길
1120011400	서울특별시 성동구 성수동1가	6**	단독	8m미만	293.64	159	201804	9	170000	1993	왕십리로11길
1120011400	서울특별시 성동구 성수동1가	1**	단독	8m미만	484.16	261	201804	2	276325	1988	둘레3길
1120011400	서울특별시 성동구 성수동1가	3**	단독	8m미만	248.34	265	201804	21	240000	1990	둘레9가길
1120011500	서울특별시 성동구 성수동2가	3**	다가구	8m미만	146.1	93	201804	4	111000	1994	성덕정19가길
1120011500	서울특별시 성동구 성수동2가	2**	단독	8m미만	266.19	192	201804	10	173000	1994	둘레23길
1120011800	서울특별시 성동구 송정동	6*	다가구	8m미만	168.92	102	201804	5	58900	1993	송정2길
1120011800	서울특별시 성동구 송정동	7*	단독	8m미만	54.42	76	201804	16	37200	2008	송정18가길
1120011800	서울특별시 성동구 송정동	6*	단독	8m미만	147.21	119	201804	20	59800	1973	광나루로9가길
1120011800	서울특별시 성동구 송정동	7*	단독	12m미만	124.02	136	201804	25	89850	1971	광나루로11길
1120011300	서울특별시 성동구 옥수동	3**	단독	8m미만	77.92	109.11	201804	30	100000	1976	한림말1길
1120012200	서울특별시 성동구 용답동	7*	단독	8m미만	147.37	93.9	201804	4	60000	1991	용답중앙11길
1120012200	서울특별시 성동구 용답동	8*	단독	25m미만	131.09	100.2	201804	14	82000	1987	용답중앙길
1120012200	서울특별시 성동구 용답동	1**	단독	8m미만	171.81	106.1	201804	27	70400	1990	용답15길
1120010800	서울특별시 성동구 응봉동	1**	단독	8m미만	171.82	215	201804	9	133000	1974	독서당로62가길
1120010200	서울특별시 성동구 하왕십리동	9**	다가구	8m미만	149.58	112	201804	11	77000	1992	무학봉13길
1120010700	서울특별시 성동구 행당동	1**	다가구	8m미만	174.57	148	201804	9	130000	2007	고산자로8나길
1120010300	서울특별시 성동구 홍익동	7*	단독	8m미만	157.1	108.5	201804	10	65500	1993	마장로
1129013400	서울특별시 성북구 길음동	5**	단독	8m미만	38.76	92	201804	23	56570	1985	null
1129013400	서울특별시 성북구 길음동	1***	단독	8m미만	257.16	99	201804	23	25800	1975	삼양로
1129013400	서울특별시 성북구 길음동	9**	단독	8m미만	59.67	104	201804	10	52962	1966	null
1129011000	서울특별시 성북구 동소문동7가	1*	단독	8m미만	147.93	122	201804	14	66600	1980	동소문로13나길
1129013000	서울특별시 성북구 보문동1가	1**	다가구	25m이상	139.08	41.3	201804	26	50000	1970	인촌로
1129013000	서울특별시 성북구 보문동1가	2**	단독	8m미만	19.83	23.1	201804	24	13700	1980	인촌로6길
1129013000	서울특별시 성북구 보문동1가	1**	단독	8m미만	19.04	55.9	201804	7	24000	1980	보문로
1129013000	서울특별시 성북구 보문동1가	6*	단독	8m미만	19.83	62.5	201804	2	31640	1980	인촌로1길
1129013100	서울특별시 성북구 보문동2가	5*	다가구	8m미만	326.16	210.6	201804	5	145000	1992	지봉로23길
1129012800	서울특별시 성북구 보문동6가	2**	단독	8m미만	160.86	152	201804	28	81700	1980	보문로13마길
1129011100	서울특별시 성북구 삼선동1가	2**	다가구	8m미만	120.99	109	201804	22	35500	1992	삼선교로10바길
1129011100	서울특별시 성북구 삼선동1가	2**	단독	8m미만	147.58	97.2	201804	23	52500	1994	삼선교로10다길
1129011100	서울특별시 성북구 삼선동1가	2**	단독	8m미만	66.55	106	201804	16	35500	1960	null
1129011100	서울특별시 성북구 삼선동1가	2**	단독	12m미만	159.64	191.7	201804	6	80000	1970	삼선교로10바길
1129011200	서울특별시 성북구 삼선동2가	3**	단독	12m미만	46.28	80.7	201804	13	49500	1980	삼선교로14길
1129011300	서울특별시 성북구 삼선동3가	9*	단독	8m미만	39.27	70.75	201804	17	27000	1980	보문로29다길
1129011500	서울특별시 성북구 삼선동5가	1**	단독	8m미만	175.2	125.6	201804	3	92300	2002	보문로31길
1129013700	서울특별시 성북구 상월곡동	5*	단독	8m미만	203.68	132	201804	3	116000	2017	화랑로17길
1129013900	서울특별시 성북구 석관동	6*	다가구	8m미만	128.52	76	201804	28	33500	1991	한천로69길
1129013900	서울특별시 성북구 석관동	3**	단독	8m미만	37.48	60	201804	28	18100	1980	돌곶이로
1129013900	서울특별시 성북구 석관동	1**	단독	8m미만	62.61	79	201804	25	35000	1971	돌곶이로22길
1129013900	서울특별시 성북구 석관동	1**	단독	8m미만	62.78	83	201804	25	36000	1971	돌곶이로22길
1129013900	서울특별시 성북구 석관동	3**	단독	8m미만	71.71	83	201804	7	37500	1970	화랑로22나길
1129013900	서울특별시 성북구 석관동	3**	단독	8m미만	71.04	86	201804	17	28500	1970	돌곶이로8다길
1129013900	서울특별시 성북구 석관동	3**	단독	8m미만	118.99	86	201804	25	20800	1968	돌곶이로9길
1129013900	서울특별시 성북구 석관동	1**	단독	8m미만	59.7	89	201804	25	37800	1973	돌곶이로22길
1129013900	서울특별시 성북구 석관동	1**	단독	8m미만	62.11	92	201804	25	47800	1973	돌곶이로22길
1129013900	서울특별시 성북구 석관동	2**	단독	8m미만	83.21	92	201804	18	29900	1996	돌곶이로8다길
1129013900	서울특별시 성북구 석관동	1**	단독	8m미만	69.59	99	201804	23	27000	1976	한천로72길
1129013900	서울특별시 성북구 석관동	1**	단독	8m미만	75.87	99	201804	2	44900	1975	null
1129013900	서울특별시 성북구 석관동	3**	단독	8m미만	56.73	106	201804	6	34500	1970	화랑로22가길
1129013900	서울특별시 성북구 석관동	1**	단독	8m미만	90.68	122	201804	2	61600	1971	한천로72길
1129013900	서울특별시 성북구 석관동	1**	단독	8m미만	90.68	122	201804	2	63800	1974	null
1129013900	서울특별시 성북구 석관동	1**	단독	8m미만	94.51	132	201804	26	60000	1974	한천로80길
1129013900	서울특별시 성북구 석관동	1**	단독	8m미만	99.71	139	201804	23	71400	1980	한천로76길
1129010100	서울특별시 성북구 성북동	1**	단독	8m미만	25.14	39.67	201804	20	13000	1980	성북로23길
1129010100	서울특별시 성북구 성북동	4*	단독	8m미만	23.14	56	201804	11	19000	1980	선잠로2가길
1129010100	서울특별시 성북구 성북동	*	단독	8m미만	40.51	63	201804	2	20000	1965	성북로16가길
1129010100	서울특별시 성북구 성북동	1**	단독	8m미만	72.95	109	201804	7	63000	1970	성북로
1129010100	서울특별시 성북구 성북동	*	단독	8m미만	36.96	182	201804	9	50000	1966	선잠로2가길
1129010100	서울특별시 성북구 성북동	1**	단독	8m미만	60.64	208	201804	23	70000	1980	성북로8길
1129010100	서울특별시 성북구 성북동	1*	단독	8m미만	286.55	407	201804	16	225000	1973	선잠로8길
1129010200	서울특별시 성북구 성북동1가	1**	단독	8m미만	62.81	132.4	201804	16	118000	1980	성북로5길
1129012200	서울특별시 성북구 안암동2가	1**	다가구	8m미만	163.93	92.6	201804	20	61000	1990	인촌로12길
1129012200	서울특별시 성북구 안암동2가	1**	단독	25m이상	306.8	105.1	201804	23	124300	1990	인촌로
1129012300	서울특별시 성북구 안암동3가	1**	다가구	12m미만	211.19	142.1	201804	12	107000	1992	안암로7길
1129012300	서울특별시 성북구 안암동3가	1**	단독	8m미만	40.34	58.5	201804	2	22000	1985	인촌로16길
1129012300	서울특별시 성북구 안암동3가	1**	단독	8m미만	659.24	326.4	201804	27	148000	1995	null
1129012400	서울특별시 성북구 안암동4가	4*	단독	25m이상	1025.03	438.7	201804	19	410000	1980	안암로
1129013800	서울특별시 성북구 장위동	6*	다가구	8m미만	197.33	96	201804	13	40300	1980	장위로40라길
1129013800	서울특별시 성북구 장위동	7*	다가구	8m미만	215.44	132	201804	4	60000	1980	돌곶이로
1129013800	서울특별시 성북구 장위동	2**	단독	8m미만	36.36	36	201804	5	27000	1980	화랑로43길
1129013800	서울특별시 성북구 장위동	6*	단독	8m미만	85.84	56	201804	20	22500	1958	화랑로19가길
1129013800	서울특별시 성북구 장위동	2**	단독	8m미만	36.36	58	201804	28	30000	1980	한천로90길
1129013800	서울특별시 성북구 장위동	*	단독	8m미만	46.28	63	201804	21	37000	1980	한천로84길
1129013800	서울특별시 성북구 장위동	2**	단독	8m미만	53.06	66	201804	15	18000	1970	장위로31길
1129013800	서울특별시 성북구 장위동	7*	단독	8m미만	48.46	69	201804	26	35000	1973	장위로42길
1129013800	서울특별시 성북구 장위동	6*	단독	8m미만	75.42	69	201804	6	31500	1958	장월로8길
1129013800	서울특별시 성북구 장위동	2**	단독	8m미만	95.03	73	201804	26	43000	1994	null
1129013800	서울특별시 성북구 장위동	7*	단독	8m미만	68.57	89	201804	12	32000	1970	돌곶이로
1129013800	서울특별시 성북구 장위동	6*	단독	8m미만	70.22	90	201804	13	28500	1970	화랑로33길
1129013800	서울특별시 성북구 장위동	1**	단독	8m미만	64.33	92	201804	4	44000	1980	장위로50길
1129013800	서울특별시 성북구 장위동	7*	단독	8m미만	134.01	92	201804	8	36600	1992	돌곶이로
1129013800	서울특별시 성북구 장위동	2**	단독	8m미만	139.32	96	201804	30	34400	1990	돌곶이로41가길
1129013800	서울특별시 성북구 장위동	7*	단독	8m미만	162.81	106	201804	2	57600	1991	돌곶이로32길
1129013800	서울특별시 성북구 장위동	6*	단독	8m미만	178.44	112	201804	21	53420	1995	돌곶이로
1129013800	서울특별시 성북구 장위동	7*	단독	8m미만	62.12	119	201804	21	40000	1973	장위로42길
1129013800	서울특별시 성북구 장위동	6*	단독	8m미만	149.22	126	201804	27	55050	1974	화랑로35길
1129013800	서울특별시 성북구 장위동	6*	단독	8m미만	232.18	126	201804	6	70480	1996	돌곶이로
1129013800	서울특별시 성북구 장위동	2**	단독	8m미만	186.4	129	201804	29	60000	1990	돌곶이로
1129013800	서울특별시 성북구 장위동	7*	단독	8m미만	171.14	132	201804	12	51000	1991	돌곶이로34길
1129013800	서울특별시 성북구 장위동	6*	단독	8m미만	70.38	135	201804	23	50950	1964	돌곶이로27나길
1129013800	서울특별시 성북구 장위동	2**	단독	12m미만	155	152	201804	19	60000	1979	장위로15길
1129013800	서울특별시 성북구 장위동	2**	단독	25m미만	338.95	159	201804	21	109000	1968	장월로
1129013800	서울특별시 성북구 장위동	2**	단독	8m미만	97.85	162	201804	30	73500	1980	null
1129013800	서울특별시 성북구 장위동	2**	단독	8m미만	232.77	162	201804	30	90000	1984	null
1129013800	서울특별시 성북구 장위동	2**	단독	12m미만	242.91	162	201804	12	72000	1991	장위로15길
1129013800	서울특별시 성북구 장위동	7*	단독	8m미만	110.95	168	201804	19	64500	1974	돌곶이로27가길
1129013800	서울특별시 성북구 장위동	2**	단독	12m미만	255.51	172	201804	5	60500	1988	장위로15길
1129013800	서울특별시 성북구 장위동	2**	단독	8m미만	233.34	220	201804	18	79800	1986	장월로5길
1129013800	서울특별시 성북구 장위동	2**	단독	8m미만	306.86	311	201804	2	136300	1983	장위로11길
1129013800	서울특별시 성북구 장위동	6*	단독	8m미만	162.51	336	201804	9	160000	1966	null
1129013300	서울특별시 성북구 정릉동	2**	다가구	12m미만	299.28	159	201804	23	85000	1993	보국문로16길
1129013300	서울특별시 성북구 정릉동	2**	다가구	8m미만	261.82	185	201804	21	68300	1989	null
1129013300	서울특별시 성북구 정릉동	7**	단독	8m미만	27.08	4	201804	10	10500	1985	솔샘로17길
1129013300	서울특별시 성북구 정릉동	6**	단독	8m미만	29.75	69	201804	16	13000	1959	정릉로10가길
1129013300	서울특별시 성북구 정릉동	3**	단독	8m미만	112.81	83	201804	5	27500	1992	정릉로17길
1129013300	서울특별시 성북구 정릉동	1**	단독	8m미만	45.64	86	201804	12	23118	1985	정릉로31나길
1129013300	서울특별시 성북구 정릉동	2**	단독	8m미만	73.26	102	201804	11	45000	1974	null
1129013300	서울특별시 성북구 정릉동	7**	단독	8m미만	62.16	104	201804	6	29000	1985	보국문로25가길
1129013300	서울특별시 성북구 정릉동	2**	단독	8m미만	71.67	106	201804	11	46500	1980	보국문로8나길
1129013300	서울특별시 성북구 정릉동	1*	단독	8m미만	162.99	106	201804	12	45700	1989	정릉로38바길
1129013300	서울특별시 성북구 정릉동	2**	단독	8m미만	78.77	112	201804	11	50700	1980	null
1129013300	서울특별시 성북구 정릉동	2**	단독	8m미만	76.69	116	201804	17	46000	1972	보국문로8가길
1129013300	서울특별시 성북구 정릉동	2**	단독	8m미만	76.03	119	201804	17	46800	1972	보국문로8가길
1129013300	서울특별시 성북구 정릉동	2**	단독	8m미만	216.51	123	201804	17	67500	1991	보국문로8가길
1129013300	서울특별시 성북구 정릉동	2**	단독	8m미만	132.07	129	201804	14	52650	1972	보국문로8가길
1129013300	서울특별시 성북구 정릉동	1*	단독	8m미만	353.99	136	201804	22	100000	1990	null
1129013300	서울특별시 성북구 정릉동	1**	단독	8m미만	148.08	139	201804	10	50400	1980	아리랑로
1129013300	서울특별시 성북구 정릉동	6**	단독	8m미만	199.02	149	201804	16	114000	2017	솔샘로16길
1129013300	서울특별시 성북구 정릉동	8**	단독	8m미만	66.12	152	201804	14	40000	1959	정릉로9길
1129013300	서울특별시 성북구 정릉동	3**	단독	8m미만	298.76	152	201804	20	135000	2018	솔샘로6길
1129013300	서울특별시 성북구 정릉동	1**	단독	8m미만	154.74	168	201804	5	61000	1968	서경로9가길
1129013300	서울특별시 성북구 정릉동	1**	단독	8m미만	134.07	172	201804	18	66000	1971	서경로9가길
1129013300	서울특별시 성북구 정릉동	1*	단독	8m미만	248.66	172	201804	22	72800	1989	null
1129013300	서울특별시 성북구 정릉동	8**	단독	8m미만	52.98	200	201804	10	41500	1985	보국문로29길
1129013300	서울특별시 성북구 정릉동	7**	단독	8m미만	419.63	210	201804	18	190000	2018	솔샘로14길
1129013300	서울특별시 성북구 정릉동	7**	단독	8m미만	566.92	210	201804	18	215000	2018	솔샘로16길
1129013300	서울특별시 성북구 정릉동	7**	단독	8m미만	566.92	210	201804	28	215000	2018	솔샘로16길
1129013500	서울특별시 성북구 종암동	9*	다가구	8m미만	253.92	182	201804	12	88000	1996	종암로22길
1129013500	서울특별시 성북구 종암동	*	단독	8m미만	33.06	40	201804	12	18000	1980	월곡로5길
1129013500	서울특별시 성북구 종암동	*	단독	25m미만	42.98	57	201804	22	29500	1980	월곡로
1129013500	서울특별시 성북구 종암동	*	단독	8m미만	33.05	63	201804	25	29000	1980	null
1129013500	서울특별시 성북구 종암동	*	단독	8m미만	149.74	99	201804	12	60000	1994	월곡로7길
1129013500	서울특별시 성북구 종암동	1*	단독	8m미만	193.9	117	201804	24	82955	1993	종암로16길
1129013500	서울특별시 성북구 종암동	4*	단독	12m미만	384.64	228	201804	3	196000	2003	종암로9길
1129013600	서울특별시 성북구 하월곡동	8*	다가구	8m미만	121.56	72	201804	22	33300	1980	오패산로17길
1129013600	서울특별시 성북구 하월곡동	6*	다가구	8m미만	149.96	99	201804	4	43000	1994	오패산로
1129013600	서울특별시 성북구 하월곡동	9*	다가구	8m미만	119.36	106	201804	18	41500	1980	종암로36나길
1129013600	서울특별시 성북구 하월곡동	1*	단독	8m미만	69.42	99	201804	9	34800	1981	화랑로
1129013600	서울특별시 성북구 하월곡동	9*	단독	8m미만	71.68	99	201804	28	75000	1985	null
1129013600	서울특별시 성북구 하월곡동	3*	단독	8m미만	164.3	99	201804	13	54000	1994	월곡로18길
1129013600	서울특별시 성북구 하월곡동	9*	단독	8m미만	138.83	116	201804	16	52000	1974	종암로34길
1171011300	서울특별시 송파구 거여동	6**	단독	-	19.83	19.7	201804	23	38200	1980	null
1171011300	서울특별시 송파구 거여동	2*	단독	12m미만	493.17	210.3	201804	25	210000	1990	오금로59길
1171011400	서울특별시 송파구 마천동	3**	다가구	8m미만	228.96	145	201804	5	102000	1993	마천로61가길
1171011400	서울특별시 송파구 마천동	3**	단독	8m미만	21.81	23.5	201804	30	25000	1985	성내천로29가길
1171011400	서울특별시 송파구 마천동	2**	단독	8m미만	44.96	53	201804	28	39000	1970	성내천로49길
1171011400	서울특별시 송파구 마천동	1**	단독	8m미만	134.82	80	201804	14	49000	1988	성내천로38길
1171011400	서울특별시 송파구 마천동	3**	단독	8m미만	222.72	95	201804	14	61000	1983	성내천로41길
1171011400	서울특별시 송파구 마천동	1**	단독	8m미만	199.98	126	201804	3	77000	1993	마천로51길
1171011400	서울특별시 송파구 마천동	3**	단독	8m미만	245.37	168.4	201804	27	81000	1984	성내천로43라길
1171011400	서울특별시 송파구 마천동	3**	단독	8m미만	298.52	175	201804	22	109000	1996	마천로59길
1171010800	서울특별시 송파구 문정동	1**	단독	12m미만	375.36	170.4	201804	16	145000	1989	새말로15길
1171010800	서울특별시 송파구 문정동	9*	단독	12m미만	377.78	193.4	201804	4	168000	1988	새말로15길
1171010800	서울특별시 송파구 문정동	6*	단독	8m미만	248.88	198	201804	19	193000	1987	송파대로18길
1171010600	서울특별시 송파구 삼전동	1**	단독	8m미만	487.52	229.9	201804	10	255000	2000	백제고분로31길
1171010500	서울특별시 송파구 석촌동	2**	단독	8m미만	335.92	175.2	201804	19	233000	1985	가락로16길
1171010500	서울특별시 송파구 석촌동	2**	단독	8m미만	248.71	177.5	201804	17	157000	1987	가락로5길
1171010500	서울특별시 송파구 석촌동	1*	단독	8m미만	655.86	283.1	201804	16	291000	1994	백제고분로33길
1171011200	서울특별시 송파구 오금동	1**	다가구	8m미만	419.93	211.3	201804	16	155000	1996	문정로19길
1171011200	서울특별시 송파구 오금동	1**	단독	8m미만	327.56	140.8	201804	25	111000	1995	동남로
1171011200	서울특별시 송파구 오금동	1**	단독	8m미만	248.9	180	201804	2	130600	1988	동남로28길
1171011200	서울특별시 송파구 오금동	1**	단독	8m미만	294.39	202.4	201804	2	146900	1988	동남로28길
1171010100	서울특별시 송파구 잠실동	2**	다가구	12m미만	598.02	274.8	201804	19	530000	1993	삼전로7길
1171010100	서울특별시 송파구 잠실동	2**	단독	8m미만	249.95	203.7	201804	4	210000	1987	도곡로64길
1171010300	서울특별시 송파구 풍납동	2**	단독	8m미만	163.92	99	201804	23	68900	1989	토성로5길
1147010200	서울특별시 양천구 목동	7**	다가구	8m미만	204.14	126.9	201804	5	64000	2003	목동중앙서로11길
1147010200	서울특별시 양천구 목동	5**	다가구	8m미만	294.65	131	201804	20	105000	1994	목동중앙북로16길
1147010200	서울특별시 양천구 목동	7**	다가구	8m미만	284.42	149.7	201804	6	81000	1997	목동중앙서로7길
1147010200	서울특별시 양천구 목동	3**	다가구	8m미만	268.22	192	201804	12	150000	2018	목동중앙본로19길
1147010200	서울특별시 양천구 목동	6**	다가구	8m미만	357.24	194.4	201804	24	140000	2011	목동중앙남로16나길
1147010200	서울특별시 양천구 목동	4**	단독	8m미만	45.26	69	201804	18	55000	1971	오목로54길
1147010200	서울특별시 양천구 목동	8**	단독	8m미만	180.54	117.7	201804	24	74760	1989	목동중앙서로8길
1147010200	서울특별시 양천구 목동	4**	단독	12m미만	474.76	196	201804	28	295000	1991	오목로54길
1147010300	서울특별시 양천구 신월동	5**	다가구	8m미만	197.01	115.2	201804	23	54800	1991	중앙로49길
1147010300	서울특별시 양천구 신월동	4**	다가구	8m미만	276.81	122.3	201804	18	65000	1993	월정로6길
1147010300	서울특별시 양천구 신월동	1**	다가구	8m미만	184.11	126.4	201804	6	54200	1988	null
1147010300	서울특별시 양천구 신월동	1**	다가구	8m미만	197.82	132.6	201804	6	60650	1988	null
1147010300	서울특별시 양천구 신월동	9*	다가구	8m미만	297.18	147.6	201804	3	72000	1993	가로공원로66길
1147010300	서울특별시 양천구 신월동	1**	단독	12m미만	98.7	89.9	201804	25	41300	1985	남부순환로40길
1147010300	서울특별시 양천구 신월동	1**	단독	12m미만	127.75	90.9	201804	13	49000	1977	남부순환로40길
1147010300	서울특별시 양천구 신월동	1**	단독	8m미만	290.98	101	201804	23	59000	1994	월정로33길
1147010300	서울특별시 양천구 신월동	5**	단독	8m미만	198.39	115.3	201804	25	59000	1994	중앙로49길
1147010300	서울특별시 양천구 신월동	*	단독	8m미만	94.54	121.7	201804	14	39000	1981	월정로
1147010300	서울특별시 양천구 신월동	4**	단독	8m미만	112.2	127.1	201804	25	60100	1981	null
1147010300	서울특별시 양천구 신월동	4**	단독	8m미만	133.92	150.5	201804	25	57500	1982	null
1147010300	서울특별시 양천구 신월동	9*	단독	25m미만	442.15	169	201804	6	100000	1991	곰달래로13길
1147010300	서울특별시 양천구 신월동	4**	단독	12m미만	259.14	188.7	201804	7	72500	1984	중앙로51길
1147010300	서울특별시 양천구 신월동	4**	단독	12m미만	183.2	194.8	201804	7	92000	1984	중앙로51길
1147010300	서울특별시 양천구 신월동	1**	단독	8m미만	329.48	195.5	201804	20	94300	2011	남부순환로53길
1147010300	서울특별시 양천구 신월동	4**	단독	12m미만	452.39	230.4	201804	23	163500	2007	오목로1길
1147010100	서울특별시 양천구 신정동	8*	다가구	8m미만	174.4	93	201804	16	65000	1996	신목로
1147010100	서울특별시 양천구 신정동	1***	다가구	8m미만	149.31	96.2	201804	21	52000	1993	중앙로29길
1147010100	서울특별시 양천구 신정동	1***	다가구	8m미만	179.52	106	201804	30	63500	1991	중앙로25길
1147010100	서울특별시 양천구 신정동	9**	다가구	8m미만	174.26	111	201804	21	59000	1990	은행정로7길
1147010100	서울특별시 양천구 신정동	2**	다가구	25m미만	358.84	132	201804	4	166000	1990	목동동로8길
1147010100	서울특별시 양천구 신정동	1***	다가구	8m미만	300.37	141.6	201804	17	80000	1998	중앙로45길
1147010100	서울특별시 양천구 신정동	1***	다가구	8m미만	375.6	156.7	201804	21	119000	1997	중앙로29길
1147010100	서울특별시 양천구 신정동	1**	단독	8m미만	149.64	93	201804	7	57300	1992	신목로6길
1147010100	서울특별시 양천구 신정동	1**	단독	8m미만	69.09	102	201804	10	57000	1970	null
1147010100	서울특별시 양천구 신정동	1***	단독	25m미만	68.3	103.44	201804	6	55700	1975	중앙로36길
1147010100	서울특별시 양천구 신정동	1***	단독	8m미만	164.7	111.1	201804	27	48000	1989	중앙로29길
1147010100	서울특별시 양천구 신정동	1***	단독	8m미만	152.39	142.6	201804	6	62500	1977	중앙로39길
1147010100	서울특별시 양천구 신정동	1***	단독	8m미만	82.31	148.9	201804	14	63000	1977	중앙로39길
1147010100	서울특별시 양천구 신정동	9**	단독	12m미만	319.15	150.5	201804	25	120000	1990	중앙로46길
1147010100	서울특별시 양천구 신정동	1***	단독	8m미만	174.55	168	201804	26	78700	1978	중앙로29길
1147010100	서울특별시 양천구 신정동	1***	단독	12m미만	494.66	207.4	201804	20	173500	1993	중앙로29길
1156011100	서울특별시 영등포구 당산동1가	2**	단독	12m미만	185.8	76	201804	24	69497	1990	영등포로25길
1156011100	서울특별시 영등포구 당산동1가	9*	단독	12m미만	258.6	140.5	201804	14	127500	1969	영등포로29길
1156011600	서울특별시 영등포구 당산동6가	1**	다가구	8m미만	177.83	156	201804	16	104000	1996	당산로50길
1156013300	서울특별시 영등포구 대림동	8**	단독	8m미만	79.38	57	201804	27	33000	1987	도림로48길
1156013300	서울특별시 영등포구 대림동	1***	단독	8m미만	51.5	66	201804	6	32000	1971	null
1156013300	서울특별시 영등포구 대림동	1***	단독	8m미만	143.61	96	201804	18	55000	1988	도림로36길
1156013300	서울특별시 영등포구 대림동	7**	단독	8m미만	152.34	99	201804	19	60000	1991	도림로57길
1156013300	서울특별시 영등포구 대림동	9**	단독	8m미만	130.79	116	201804	13	55400	1977	시흥대로181길
1156013300	서울특별시 영등포구 대림동	9**	단독	8m미만	125.09	119	201804	30	64800	1975	대림로8길
1156013300	서울특별시 영등포구 대림동	1***	단독	8m미만	134.98	132	201804	25	79700	1974	디지털로51길
1156013300	서울특별시 영등포구 대림동	8**	단독	8m미만	179.79	132	201804	16	108000	1995	대림로29길
1156013300	서울특별시 영등포구 대림동	1***	단독	8m미만	202.14	136	201804	30	81500	1986	디지털로38길
1156013300	서울특별시 영등포구 대림동	9**	단독	8m미만	203.58	136	201804	17	80000	1987	신길로15나길
1156013300	서울특별시 영등포구 대림동	8**	단독	8m미만	132.24	142	201804	19	50000	1977	디지털로75길
1156013300	서울특별시 영등포구 대림동	1***	단독	8m미만	148.41	152	201804	30	91000	1974	null
1156013300	서울특별시 영등포구 대림동	8**	단독	8m미만	169.04	152	201804	18	52000	2015	대림로22가길
1156013300	서울특별시 영등포구 대림동	7**	단독	8m미만	314.34	152.2	201804	2	82000	1986	대림로43길
1156013300	서울특별시 영등포구 대림동	1***	단독	8m미만	178.45	175	201804	10	115500	1973	디지털로37길
1156013300	서울특별시 영등포구 대림동	6**	단독	12m미만	400	232.5	201804	11	134000	1992	가마산로41길
1156013300	서울특별시 영등포구 대림동	7**	단독	25m미만	1214.68	603.7	201804	16	390000	1986	대림로35길
1156011800	서울특별시 영등포구 도림동	7*	단독	8m미만	42.98	69	201804	2	23000	1971	도신로35길
1156011800	서울특별시 영등포구 도림동	1*	단독	8m미만	75.62	69	201804	25	26000	1994	영신로1길
1156011800	서울특별시 영등포구 도림동	2**	단독	8m미만	149.58	112	201804	4	77900	1992	도신로19길
1156011800	서울특별시 영등포구 도림동	*	단독	8m미만	49.59	175	201804	5	63000	1900	영신로1가길
1156013200	서울특별시 영등포구 신길동	4**	다가구	8m미만	166.22	99	201804	3	72500	2006	null
1156013200	서울특별시 영등포구 신길동	4**	다가구	8m미만	154.38	102	201804	3	83295	1988	null
1156013200	서울특별시 영등포구 신길동	4**	다가구	8m미만	119.79	116	201804	4	85750	1997	도림로63가길
1156013200	서울특별시 영등포구 신길동	4**	다가구	8m미만	172.44	116	201804	2	87700	1990	가마산로48길
1156013200	서울특별시 영등포구 신길동	4**	다가구	8m미만	72.86	126	201804	4	93382	1974	대방천로6나길
1156013200	서울특별시 영등포구 신길동	4**	다가구	8m미만	244.24	177	201804	18	136000	1993	null
1156013200	서울특별시 영등포구 신길동	4**	다가구	25m미만	369.73	195	201804	23	230000	2016	도림로63길
1156013200	서울특별시 영등포구 신길동	1***	다가구	12m미만	525.12	248.2	201804	4	184500	1993	여의대방로43가길
1156013200	서울특별시 영등포구 신길동	1**	단독	8m미만	14.25	17	201804	2	12500	1985	영등포로64길
1156013200	서울특별시 영등포구 신길동	1**	단독	25m이상	32.67	36	201804	10	15600	1985	신길로
1156013200	서울특별시 영등포구 신길동	2**	단독	8m미만	32.23	69	201804	21	30800	1967	가마산로67길
1156013200	서울특별시 영등포구 신길동	2**	단독	8m미만	41.69	76	201804	20	31700	1967	신길로43길
1156013200	서울특별시 영등포구 신길동	4**	단독	8m미만	119.51	76	201804	19	60500	1991	null
1156013200	서울특별시 영등포구 신길동	2**	단독	8m미만	112.86	99	201804	9	49500	1990	가마산로71길
1156013200	서울특별시 영등포구 신길동	2**	단독	8m미만	138.69	106	201804	12	58500	1990	가마산로67길
1156013200	서울특별시 영등포구 신길동	4**	단독	8m미만	157.38	106	201804	23	84000	1993	도림로65길
1156013200	서울특별시 영등포구 신길동	4***	단독	8m미만	173.94	106	201804	24	76800	1991	null
1156013200	서울특별시 영등포구 신길동	2**	단독	12m미만	131.23	109	201804	13	175000	1969	신길로39길
1156013200	서울특별시 영등포구 신길동	3***	단독	8m미만	139.57	109	201804	25	80850	1975	신풍로12가길
1156013200	서울특별시 영등포구 신길동	4**	단독	8m미만	132.46	112	201804	13	89700	1974	null
1156013200	서울특별시 영등포구 신길동	4***	단독	8m미만	123.96	116	201804	30	70300	1971	신길로16길
1156013200	서울특별시 영등포구 신길동	4**	단독	8m미만	203.78	116	201804	12	91500	1993	null
1156013200	서울특별시 영등포구 신길동	4*	단독	8m미만	263.52	119	201804	16	93600	1993	영등포로60길
1156013200	서울특별시 영등포구 신길동	4***	단독	8m미만	85.42	126	201804	24	87400	1974	null
1156013200	서울특별시 영등포구 신길동	4**	단독	25m미만	215.31	132	201804	11	161000	2016	도림로63길
1156013200	서울특별시 영등포구 신길동	1**	단독	12m미만	178.89	170	201804	25	88000	1988	도신로56길
1156013200	서울특별시 영등포구 신길동	4**	단독	8m미만	243.06	172	201804	25	134000	1988	대방천로6다길
1156013200	서울특별시 영등포구 신길동	4***	단독	8m미만	295.02	202	201804	24	143350	1994	여의대방로9가길
1156013200	서울특별시 영등포구 신길동	3**	단독	25m미만	477.94	228	201804	25	153000	1989	가마산로65길
1156012500	서울특별시 영등포구 양평동1가	2**	단독	8m미만	18.76	27.4	201804	28	25000	1955	영등포로9길
1156012500	서울특별시 영등포구 양평동1가	2**	단독	8m미만	18.76	29.8	201804	24	25400	1900	영등포로9길
1156012500	서울특별시 영등포구 양평동1가	2**	단독	8m미만	18.76	40.7	201804	26	35000	1975	영등포로9길
1156012500	서울특별시 영등포구 양평동1가	2**	단독	25m미만	349.82	117	201804	9	127000	1993	양산로
1156012500	서울특별시 영등포구 양평동1가	1**	단독	8m미만	223.58	126	201804	30	81700	1990	영등포로13길
1156012500	서울특별시 영등포구 양평동1가	*	단독	8m미만	23.14	131.2	201804	13	73500	1900	영등포로18길
1156012500	서울특별시 영등포구 양평동1가	1**	단독	8m미만	199.22	164	201804	30	110000	1983	영등포로13길
1156012600	서울특별시 영등포구 양평동2가	3*	단독	8m미만	20.64	39.7	201804	15	18000	1985	영등포로5길
1156012600	서울특별시 영등포구 양평동2가	3*	단독	8m미만	35.75	42.6	201804	19	19900	1985	영등포로5길
1156012800	서울특별시 영등포구 양평동4가	1**	다가구	8m미만	299.04	129.6	201804	5	137000	1991	선유로51길
1156012800	서울특별시 영등포구 양평동4가	2**	단독	12m미만	146.7	68.4	201804	10	70000	1993	null
1156012800	서울특별시 영등포구 양평동4가	2**	단독	8m미만	144.99	98.2	201804	10	85600	1992	null
1156012800	서울특별시 영등포구 양평동4가	2**	단독	8m미만	149.94	124.6	201804	16	102000	1993	null
1156012800	서울특별시 영등포구 양평동4가	2**	단독	12m미만	380.36	182.4	201804	10	192500	1988	null
1156012900	서울특별시 영등포구 양평동5가	8*	단독	8m미만	45	79.7	201804	11	81500	1985	양평로22나길
1156012900	서울특별시 영등포구 양평동5가	8*	단독	8m미만	130.38	336.6	201804	17	365000	1976	null
1156010300	서울특별시 영등포구 영등포동2가	3*	단독	8m미만	76.63	79	201804	11	46000	null	영등포로45길
1156010300	서울특별시 영등포구 영등포동2가	2**	단독	25m미만	55.54	92.6	201804	16	94000	1963	영등포로53길
1156010400	서울특별시 영등포구 영등포동3가	2*	단독	8m미만	119.93	175	201804	9	215000	1964	null
1156010600	서울특별시 영등포구 영등포동5가	8*	단독	8m미만	299.6	154.7	201804	13	147400	1995	null
1156010900	서울특별시 영등포구 영등포동8가	3*	단독	12m미만	52.88	142.5	201804	18	129300	1955	영신로54길
1117010400	서울특별시 용산구 갈월동	*	단독	8m미만	33.88	81.3	201804	19	64500	1957	한강대로98길
1117013600	서울특별시 용산구 보광동	2**	단독	8m미만	30.41	53	201804	14	90000	1966	우사단로4길
1117013600	서울특별시 용산구 보광동	2**	단독	8m미만	191.02	139	201804	25	145000	1992	장문로45바길
1117013600	서울특별시 용산구 보광동	2**	단독	8m미만	486.76	254	201804	12	215000	1990	보광로7길
1117010800	서울특별시 용산구 서계동	2**	단독	8m미만	23.58	52.9	201804	15	35000	1932	만리재로28길
1117013300	서울특별시 용산구 서빙고동	2**	단독	8m미만	23.14	23	201804	17	16000	1990	서빙고로62길
1117011400	서울특별시 용산구 신창동	7*	단독	8m미만	65.82	62.8	201804	28	29500	1930	효창원로23나길
1117010200	서울특별시 용산구 용산동2가	2*	단독	8m미만	171.85	116.5	201804	9	109000	1986	신흥로15길
1117011200	서울특별시 용산구 원효로1가	2*	단독	12m미만	112.46	51.2	201804	11	61300	1987	백범로77길
1117011300	서울특별시 용산구 원효로2가	7*	다가구	8m미만	435.77	195	201804	12	186000	1983	원효로53길
1117011300	서울특별시 용산구 원효로2가	*	다가구	12m미만	601.23	286.9	201804	17	286000	1993	원효로63길
1117011300	서울특별시 용산구 원효로2가	7*	단독	8m미만	41.32	77	201804	6	61500	1962	새창로33길
1117011300	서울특별시 용산구 원효로2가	5*	단독	8m미만	113.46	96.2	201804	27	113300	1958	원효로58길
1117011700	서울특별시 용산구 원효로3가	2**	다가구	12m미만	411.02	190.1	201804	18	190000	1995	원효로19길
1117011800	서울특별시 용산구 원효로4가	4*	단독	8m미만	73.55	52.9	201804	6	34300	1996	효창원로12가길
1117011800	서울특별시 용산구 원효로4가	4*	단독	8m미만	28.5	63.8	201804	28	40500	1960	효창원로12길
1117013000	서울특별시 용산구 이태원동	4*	다가구	8m미만	109.68	60	201804	21	53000	1967	녹사평대로32길
1117013000	서울특별시 용산구 이태원동	2**	다가구	8m미만	63	63	201804	5	45000	1995	회나무로6길
1117013000	서울특별시 용산구 이태원동	2**	다가구	12m미만	116.28	65	201804	6	99000	1990	회나무로26길
1117013000	서울특별시 용산구 이태원동	4**	단독	8m미만	39.67	86	201804	9	52000	1959	녹사평대로40나길
1117011000	서울특별시 용산구 청파동2가	7*	다가구	8m미만	61.21	107.4	201804	2	48732	1934	청파로49길
1117011100	서울특별시 용산구 청파동3가	1**	다가구	8m미만	146.19	92.2	201804	12	73000	1993	효창원로76길
1117011100	서울특별시 용산구 청파동3가	1**	다가구	-	222.58	115.6	201804	30	41500	2011	null
1117012400	서울특별시 용산구 한강로1가	1**	단독	12m미만	194.71	100.5	201804	9	179000	1977	한강대로62다길
1117012500	서울특별시 용산구 한강로2가	*	단독	8m미만	25.2	29.1	201804	29	88000	1985	한강대로53길
1117012500	서울특별시 용산구 한강로2가	*	단독	12m미만	53.93	66.1	201804	25	110000	1983	한강대로53길
1117012800	서울특별시 용산구 한강로3가	6*	단독	8m미만	30.78	73.7	201804	2	90000	1961	한강대로14나길
1117012800	서울특별시 용산구 한강로3가	4*	단독	12m미만	50.38	85.3	201804	4	137000	1972	이촌로29길
1117013100	서울특별시 용산구 한남동	7**	단독	8m미만	109.86	73	201804	27	98000	1985	대사관로6가길
1117013100	서울특별시 용산구 한남동	7**	단독	8m미만	171.36	83	201804	4	124000	2007	우사단로10라길
1117013100	서울특별시 용산구 한남동	7**	단독	8m미만	126.71	94.5	201804	7	140000	1973	한남대로46길
1117011900	서울특별시 용산구 효창동	*	단독	8m미만	56.63	41.97	201804	11	41500	1977	임정로29길
1117011900	서울특별시 용산구 효창동	*	단독	8m미만	169.34	98.2	201804	17	68300	1983	효창원로93길
1117011900	서울특별시 용산구 효창동	1**	단독	8m미만	51.67	124.3	201804	10	54500	1955	백범로47길
1117010100	서울특별시 용산구 후암동	4**	다가구	8m미만	107.7	45	201804	21	60000	1985	두텁바위로40길
1117010100	서울특별시 용산구 후암동	4**	단독	8m미만	39.68	82.2	201804	28	26004	1966	소월로2나길
1117010100	서울특별시 용산구 후암동	3**	단독	8m미만	368.32	167.9	201804	12	160000	1993	후암로28길
1117010100	서울특별시 용산구 후암동	6*	단독	8m미만	389	238.7	201804	25	220000	2003	후암로30길
1138010400	서울특별시 은평구 갈현동	2**	다가구	8m미만	143.48	86	201804	19	39000	2002	갈현로41나길
1138010400	서울특별시 은평구 갈현동	4**	다가구	8m미만	308.97	147.4	201804	19	87000	1993	갈현로
1138010400	서울특별시 은평구 갈현동	4**	다가구	8m미만	238.53	151.7	201804	17	81000	1995	연서로23길
1138010400	서울특별시 은평구 갈현동	4**	다가구	8m미만	516.04	183.1	201804	5	140000	1998	통일로87길
1138010400	서울특별시 은평구 갈현동	5**	단독	12m미만	211.41	148.8	201804	23	75000	1989	갈현로23길
1138010400	서울특별시 은평구 갈현동	2**	단독	8m미만	247.88	235	201804	19	75000	1989	갈현로41나길
1138010500	서울특별시 은평구 구산동	3**	단독	12m미만	66.78	122	201804	26	52580	1975	서오릉로17길
1138010500	서울특별시 은평구 구산동	1*	단독	25m미만	442.95	142.1	201804	24	122000	1992	갈현로
1138010500	서울특별시 은평구 구산동	3**	단독	12m미만	472.71	155	201804	16	132000	1993	서오릉로17길
1138010500	서울특별시 은평구 구산동	3**	단독	12m미만	205.8	179	201804	30	78000	1983	서오릉로17길
1138010500	서울특별시 은평구 구산동	1**	단독	12m미만	282.2	262.2	201804	25	174000	1993	서오릉로13길
1138010200	서울특별시 은평구 녹번동	*	다가구	12m미만	246.58	102	201804	3	74500	2009	진흥로16길
1138010200	서울특별시 은평구 녹번동	1**	다가구	12m미만	223.83	150	201804	5	90000	1992	진흥로12길
1138010200	서울특별시 은평구 녹번동	1**	단독	8m미만	52.43	67	201804	9	45000	1959	진흥로12가길
1138010200	서울특별시 은평구 녹번동	1**	단독	8m미만	37.56	86	201804	9	31200	1970	진흥로12가길
1138010300	서울특별시 은평구 불광동	2**	다가구	8m미만	211.08	119	201804	4	108000	1991	불광로
1138010300	서울특별시 은평구 불광동	3**	다가구	8m미만	210.51	132	201804	27	78000	1992	연서로34길
1138010300	서울특별시 은평구 불광동	3**	단독	8m미만	59.77	89	201804	16	65000	1970	연서로35길
1138010300	서울특별시 은평구 불광동	2**	단독	8m미만	270.44	112	201804	24	119000	1993	진흥로15길
1138010300	서울특별시 은평구 불광동	5**	단독	8m미만	47.6	126	201804	2	56500	1965	통일로
1138010300	서울특별시 은평구 불광동	2**	단독	8m미만	57.02	129	201804	4	117000	1968	불광로
1138010300	서울특별시 은평구 불광동	*	단독	8m미만	146.78	139	201804	3	64200	1978	불광로8길
1138010300	서울특별시 은평구 불광동	4**	단독	8m미만	249.48	145	201804	12	58500	1991	연서로41가길
1138010300	서울특별시 은평구 불광동	2**	단독	12m미만	494.85	251	201804	12	232000	1987	통일로66길
1138010100	서울특별시 은평구 수색동	2*	다가구	8m미만	149.97	89	201804	28	68500	1993	수색로12길
1138010100	서울특별시 은평구 수색동	2**	단독	8m미만	42.97	84	201804	20	16500	1970	수색로
1138010900	서울특별시 은평구 신사동	2**	다가구	8m미만	154.1	96	201804	2	29500	1991	가좌로11가길
1138010900	서울특별시 은평구 신사동	3**	다가구	8m미만	199.29	116	201804	1	47000	1991	은평터널로5길
1138010900	서울특별시 은평구 신사동	2*	다가구	8m미만	419.8	192.2	201804	11	126000	1995	은평로2길
1138010900	서울특별시 은평구 신사동	2**	단독	12m미만	80.34	149	201804	19	60841	1978	갈현로3길
1138010900	서울특별시 은평구 신사동	2*	단독	12m미만	145.09	234	201804	10	140000	1975	증산로23길
1138010800	서울특별시 은평구 역촌동	1*	단독	8m미만	125.13	86.6	201804	6	82000	1975	진흥로9길
1138010800	서울특별시 은평구 역촌동	2*	단독	8m미만	172.48	93.6	201804	10	94000	2017	진흥로7길
1138010800	서울특별시 은평구 역촌동	6*	단독	12m미만	374.47	129.6	201804	13	130000	1996	연서로3길
1138010800	서울특별시 은평구 역촌동	4*	단독	25m이상	299.85	133.6	201804	5	190000	1994	연서로
1138010800	서울특별시 은평구 역촌동	4*	단독	25m이상	299.85	138.2	201804	4	160000	1999	연서로
1138010800	서울특별시 은평구 역촌동	*	단독	8m미만	222.24	139.2	201804	2	60000	1991	연서로16길
1138010800	서울특별시 은평구 역촌동	8*	단독	12m미만	158.18	149.1	201804	25	80000	1974	은평로3길
1138010800	서울특별시 은평구 역촌동	8*	단독	8m미만	72.07	150.4	201804	25	113000	1969	은평로3길
1138010800	서울특별시 은평구 역촌동	5*	단독	8m미만	281.82	163	201804	30	89500	1991	역말로4길
1138010800	서울특별시 은평구 역촌동	*	단독	8m미만	142.38	180.5	201804	22	103000	1970	연서로16길
1138010800	서울특별시 은평구 역촌동	1*	단독	8m미만	367.81	326.9	201804	10	220000	1976	서오릉로9길
1138010700	서울특별시 은평구 응암동	3**	다가구	8m미만	92.79	61	201804	12	31000	2006	가좌로6길
1138010700	서울특별시 은평구 응암동	7**	다가구	12m미만	298.5	124.5	201804	1	103000	1995	가좌로7나길
1138010700	서울특별시 은평구 응암동	6*	다가구	25m이상	366.75	145	201804	18	212000	1980	은평로
1138010700	서울특별시 은평구 응암동	6*	다가구	25m이상	366.75	145	201804	18	212000	1980	은평로
1138010700	서울특별시 은평구 응암동	5**	단독	25m이상	158.79	89.9	201804	21	95000	1986	응암로
1138010700	서울특별시 은평구 응암동	5**	단독	8m미만	253.42	120	201804	18	120000	2017	불광천길
1138010700	서울특별시 은평구 응암동	2**	단독	8m미만	206.22	122	201804	30	40684	1996	백련산로8길
1138010700	서울특별시 은평구 응암동	2**	단독	8m미만	182.25	126	201804	20	39245	1989	백련산로
1138010700	서울특별시 은평구 응암동	2**	단독	25m미만	472.52	145	201804	9	127000	1995	백련산로
1138010700	서울특별시 은평구 응암동	4**	단독	25m미만	352.12	146	201804	26	99000	1989	응암로22길
1138010700	서울특별시 은평구 응암동	2**	단독	8m미만	94.67	159	201804	30	35000	1976	백련산로
1138010700	서울특별시 은평구 응암동	3**	단독	12m미만	461.71	174	201804	9	148500	1993	응암로14길
1138010700	서울특별시 은평구 응암동	2**	단독	8m미만	99.24	182	201804	5	76000	1975	가좌로6길
1138010700	서울특별시 은평구 응암동	5**	단독	25m이상	816.99	317.7	201804	10	358000	1992	가좌로
1138011000	서울특별시 은평구 증산동	1**	다가구	8m미만	35.37	16.56	201804	27	11500	1991	증산로13가길
1138011000	서울특별시 은평구 증산동	2**	단독	8m미만	124.13	107.1	201804	14	51000	1977	증산로11길
1138011000	서울특별시 은평구 증산동	2**	단독	8m미만	190.89	128.8	201804	2	65800	1990	증산로11길
1138011400	서울특별시 은평구 진관동	3**	단독	-	41.98	698	201804	27	57000	1967	의상봉길
1111014800	서울특별시 종로구 계동	*	단독	8m미만	33.06	79.3	201804	2	46500	1980	계동6길
1111014800	서울특별시 종로구 계동	1**	단독	8m미만	75.44	201.3	201804	24	165000	1960	계동길
1111018200	서울특별시 종로구 구기동	2**	단독	8m미만	56.86	76	201804	9	41700	1981	비봉5길
1111018200	서울특별시 종로구 구기동	1**	단독	8m미만	60.13	179	201804	23	49000	1971	진흥로22나길
1111010900	서울특별시 종로구 누상동	1*	단독	8m미만	51.41	88.9	201804	30	62500	1966	옥인길
1111011000	서울특별시 종로구 누하동	1**	다가구	8m미만	155.78	201.7	201804	7	81000	1965	필운대로5길
1111011000	서울특별시 종로구 누하동	2**	단독	8m미만	34.71	56.2	201804	27	33000	1980	필운대로3길
1111018700	서울특별시 종로구 무악동	4*	단독	8m미만	74.38	142.1	201804	25	77400	1900	통일로12길
1111018400	서울특별시 종로구 부암동	3**	단독	8m미만	295.88	344	201804	4	195000	2008	창의문로11길
1111014000	서울특별시 종로구 삼청동	1**	단독	8m미만	176.61	122.3	201804	17	101000	1971	삼청로9길
1111014000	서울특별시 종로구 삼청동	1**	단독	8m미만	187.17	150.8	201804	2	100000	1983	북촌로15길
1111014900	서울특별시 종로구 원서동	2*	단독	8m미만	26.18	53.9	201804	19	33351	1980	창덕궁5길
1111014900	서울특별시 종로구 원서동	3*	단독	8m미만	52.89	168.6	201804	13	153000	1900	창덕궁5길
1111013300	서울특별시 종로구 익선동	1**	단독	8m미만	44.43	86	201804	21	83000	1948	돈화문로11나길
1111016300	서울특별시 종로구 종로5가	2**	단독	12m미만	49.26	108.4	201804	6	126000	1958	null
1111017400	서울특별시 종로구 창신동	1**	다가구	8m미만	314.37	102.1	201804	12	79500	2015	창신5라길
1111017400	서울특별시 종로구 창신동	5**	단독	8m미만	29.55	66.1	201804	2	39000	1933	종로51길
1111017400	서울특별시 종로구 창신동	2*	단독	8m미만	88.01	153.1	201804	3	81000	1976	창신12길
1111017400	서울특별시 종로구 창신동	2*	단독	8m미만	215.88	165.3	201804	3	89000	1983	낙산5길
1111017400	서울특별시 종로구 창신동	2*	단독	8m미만	130.94	192.7	201804	6	48000	1974	창신11길
1111017400	서울특별시 종로구 창신동	1**	단독	8m미만	165.95	251.8	201804	13	188000	1980	창신5라길
1111011200	서울특별시 종로구 체부동	1**	단독	8m미만	31.27	43	201804	3	26590	1980	자하문로5가길
1111016700	서울특별시 종로구 충신동	*	단독	8m미만	22.48	38.7	201804	29	17550	1978	낙산성곽서길
1111010600	서울특별시 종로구 통의동	2*	단독	8m미만	56.76	89.3	201804	11	95000	1980	자하문로6길
1111018300	서울특별시 종로구 평창동	2**	단독	8m미만	129.62	192	201804	20	86000	1967	평창2길
1111018300	서울특별시 종로구 평창동	3**	단독	12m미만	168.8	327	201804	11	140000	1984	평창길
1111018300	서울특별시 종로구 평창동	4**	단독	8m미만	315.47	340	201804	9	174000	2003	평창7길
1111011300	서울특별시 종로구 필운동	5*	단독	8m미만	42.98	78.2	201804	2	60000	1900	필운대로1길
1111011300	서울특별시 종로구 필운동	1**	단독	25m미만	297.16	88.2	201804	24	220000	1997	사직로9가길
1111011300	서울특별시 종로구 필운동	5*	단독	8m미만	40.4	96.8	201804	19	75400	1900	필운대로1길
1111011300	서울특별시 종로구 필운동	1**	단독	8m미만	101.42	201.7	201804	6	155500	1900	자하문로1길
1111018100	서울특별시 종로구 행촌동	2**	단독	12m미만	236.35	89.3	201804	19	71500	1994	통일로12길
1114012900	서울특별시 중구 남산동2가	1*	단독	8m미만	177.1	223.1	201804	3	242000	1960	퇴계로20길
1114016200	서울특별시 중구 신당동	3**	다가구	8m미만	145.62	79	201804	15	71500	1993	다산로28나길
1114016200	서울특별시 중구 신당동	5*	다가구	8m미만	573.66	225	201804	4	260000	1989	퇴계로86가길
1114016200	서울특별시 중구 신당동	3**	다가구	8m미만	496.93	258	201804	12	192000	1990	다산로24가길
1114016200	서울특별시 중구 신당동	3**	단독	8m미만	68.11	23	201804	17	28000	2014	동호로20길
1114016200	서울특별시 중구 신당동	3**	단독	12m미만	61.02	37	201804	13	53700	1966	다산로28길
1114016200	서울특별시 중구 신당동	3**	단독	8m미만	23.9	43	201804	30	47500	1998	청구로3나길
1114016200	서울특별시 중구 신당동	6*	단독	12m미만	79.85	45	201804	12	20000	1936	퇴계로88나길
1114016200	서울특별시 중구 신당동	3**	단독	8m미만	33.59	56	201804	14	50000	1970	청구로3가길
1114016200	서울특별시 중구 신당동	3**	단독	25m미만	49.59	57	201804	7	26500	2018	청구로
1114016200	서울특별시 중구 신당동	1**	단독	8m미만	42.97	62.8	201804	20	25000	1998	퇴계로84길
1114016200	서울특별시 중구 신당동	3**	단독	8m미만	42.97	69	201804	6	63000	1998	청구로3나길
1114016200	서울특별시 중구 신당동	1**	단독	8m미만	42.91	77.9	201804	23	58500	1964	퇴계로88길
1114016200	서울특별시 중구 신당동	3**	단독	-	340.2	112	201804	13	125000	1995	null
1114016200	서울특별시 중구 신당동	3**	단독	8m미만	1135.84	430	201804	6	380000	1990	동호로8길
1114014200	서울특별시 중구 예장동	*	단독	8m미만	242.14	113.4	201804	20	65000	1970	필동로8길
1114015400	서울특별시 중구 오장동	2**	단독	12m미만	163.27	79.3	201804	2	105100	1962	퇴계로51길
1114016000	서울특별시 중구 인현동1가	8*	단독	8m미만	32.61	35.7	201804	18	25000	1974	을지로18길
1114016000	서울특별시 중구 인현동1가	1**	단독	8m미만	86.68	62.9	201804	5	30000	1998	마른내로4길
1114013400	서울특별시 중구 인현동2가	1**	단독	-	28.66	29.9	201804	2	49500	1998	을지로20길
1114015600	서울특별시 중구 입정동	2**	단독	8m미만	42.98	82.6	201804	16	53000	1942	을지로11길
1114014400	서울특별시 중구 장충동2가	1**	단독	8m미만	72.73	84.6	201804	2	27000	1998	동호로28길
1114014400	서울특별시 중구 장충동2가	1**	단독	8m미만	135.78	85.31	201804	9	49500	1978	서애로3길
1114017100	서울특별시 중구 중림동	3**	단독	12m미만	102.98	58	201804	18	53000	1971	중림로4길
1114013200	서울특별시 중구 충무로4가	1*	단독	12m미만	62.81	22	201804	18	50900	1998	충무로2길
1114013200	서울특별시 중구 충무로4가	*	단독	12m미만	24.29	32.2	201804	6	60000	1998	충무로2길
1114013200	서울특별시 중구 충무로4가	1**	단독	8m미만	47.93	76	201804	30	65000	1998	퇴계로37길
1114016500	서울특별시 중구 황학동	4**	단독	8m미만	87.47	62.5	201804	21	59900	1998	퇴계로87길
1126010500	서울특별시 중랑구 망우동	4**	다가구	12m미만	145.59	86.9	201804	29	38800	1993	봉우재로70길
1126010500	서울특별시 중랑구 망우동	4**	다가구	8m미만	162.31	92	201804	16	36418	1993	null
1126010500	서울특별시 중랑구 망우동	4**	다가구	8m미만	169.55	102.2	201804	16	52556	1993	null
1126010500	서울특별시 중랑구 망우동	4**	다가구	8m미만	160.59	109.1	201804	2	68400	2012	용마산로100길
1126010500	서울특별시 중랑구 망우동	4**	다가구	8m미만	165.75	113.1	201804	2	47700	1990	용마산로102길
1126010500	서울특별시 중랑구 망우동	4**	다가구	8m미만	283.32	143.5	201804	28	125000	2016	용마산로100길
1126010500	서울특별시 중랑구 망우동	4**	다가구	25m이상	358.07	154.7	201804	25	158500	1971	망우로
1126010500	서울특별시 중랑구 망우동	4**	다가구	8m미만	134.28	157.4	201804	11	43500	1977	용마공원로5가길
1126010500	서울특별시 중랑구 망우동	4**	다가구	8m미만	291.96	172.2	201804	7	72800	1996	용마산로96길
1126010500	서울특별시 중랑구 망우동	4**	다가구	8m미만	474.03	242.3	201804	27	185000	2017	망우로68길
1126010500	서울특별시 중랑구 망우동	5**	단독	8m미만	138.82	104.8	201804	23	52500	1973	봉우재로71길
1126010500	서울특별시 중랑구 망우동	5**	단독	8m미만	171.9	113.7	201804	3	65000	1989	겸재로61길
1126010500	서울특별시 중랑구 망우동	4**	단독	8m미만	178.32	113.7	201804	25	47000	1995	용마공원로
1126010500	서울특별시 중랑구 망우동	4**	단독	12m미만	186.52	118.4	201804	10	55450	1989	망우로70길
1126010500	서울특별시 중랑구 망우동	5**	단독	12m미만	131.53	123	201804	23	71000	1973	봉우재로71길
1126010500	서울특별시 중랑구 망우동	4**	단독	12m미만	262.93	133.6	201804	30	82500	2012	용마공원로
1126010500	서울특별시 중랑구 망우동	4**	단독	12m미만	136.72	139.5	201804	19	54600	1977	망우로68길
1126010500	서울특별시 중랑구 망우동	4**	단독	8m미만	148.46	161.3	201804	5	65500	1976	null
1126010500	서울특별시 중랑구 망우동	4**	단독	12m미만	231.84	216.2	201804	25	149750	1975	망우로66길
1126010500	서울특별시 중랑구 망우동	4**	단독	12m미만	161.39	250.9	201804	28	124000	1978	null
1126010100	서울특별시 중랑구 면목동	6*	다가구	8m미만	148.87	79.6	201804	6	53200	1994	용마산로81길
1126010100	서울특별시 중랑구 면목동	6*	다가구	8m미만	191.52	81.1	201804	6	53200	1993	null
1126010100	서울특별시 중랑구 면목동	6**	다가구	8m미만	149.31	102.4	201804	16	83000	1993	면목로43길
1126010100	서울특별시 중랑구 면목동	1**	다가구	8m미만	165.23	102.5	201804	23	50000	1990	봉우재로
1126010100	서울특별시 중랑구 면목동	1**	다가구	8m미만	175.26	106.1	201804	7	45000	1991	봉우재로
1126010100	서울특별시 중랑구 면목동	1**	다가구	8m미만	189	108.8	201804	13	56000	1992	겸재로26길
1126010100	서울특별시 중랑구 면목동	3**	다가구	12m미만	175.17	119	201804	11	71400	1989	답십리로77길
1126010100	서울특별시 중랑구 면목동	4**	다가구	8m미만	288.1	165.3	201804	17	157500	2017	면목로54길
1126010100	서울특별시 중랑구 면목동	1***	다가구	8m미만	282.83	171.2	201804	14	81500	1991	용마산로36길
1126010100	서울특별시 중랑구 면목동	1***	다가구	8m미만	291.1	171.2	201804	2	83500	1997	용마산로36길
1126010100	서울특별시 중랑구 면목동	7*	다가구	8m미만	347.76	209.6	201804	16	106000	1994	상봉로5길
1126010100	서울특별시 중랑구 면목동	3*	다가구	8m미만	422.84	212	201804	29	163000	2017	용마산로94길
1126010100	서울특별시 중랑구 면목동	3**	단독	25m미만	103.13	66.8	201804	24	36000	1972	null
1126010100	서울특별시 중랑구 면목동	5**	단독	8m미만	101.16	72	201804	4	34500	1991	면목로47길
1126010100	서울특별시 중랑구 면목동	1**	단독	8m미만	55.37	73.7	201804	30	26730	1971	겸재로35길
1126010100	서울특별시 중랑구 면목동	5**	단독	8m미만	110.4	77	201804	14	36800	1989	면목로69길
1126010100	서울특별시 중랑구 면목동	6**	단독	12m미만	52.36	82	201804	8	38200	1970	면목로39길
1126010100	서울특별시 중랑구 면목동	1**	단독	8m미만	64.83	97.8	201804	5	32700	1974	망우로30길
1126010100	서울특별시 중랑구 면목동	5**	단독	8m미만	80.96	99	201804	21	33000	1977	용마산로45길
1126010100	서울특별시 중랑구 면목동	1**	단독	8m미만	50.7	101.8	201804	23	33100	1971	동일로102길
1126010100	서울특별시 중랑구 면목동	6**	단독	8m미만	183.75	103.4	201804	18	48400	1993	사가정로45길
1126010100	서울특별시 중랑구 면목동	8*	단독	-	124.27	104.8	201804	16	64500	1972	null
1126010100	서울특별시 중랑구 면목동	1**	단독	8m미만	163.6	106.4	201804	25	48000	1990	동일로109길
1126010100	서울특별시 중랑구 면목동	1**	단독	8m미만	174.23	109.1	201804	1	58200	1981	봉우재로2길
1126010100	서울특별시 중랑구 면목동	1**	단독	8m미만	164.1	109.8	201804	24	46500	1985	봉우재로2길
1126010100	서울특별시 중랑구 면목동	1**	단독	8m미만	79.67	111.4	201804	16	45000	1974	null
1126010100	서울특별시 중랑구 면목동	3*	단독	8m미만	80.82	123	201804	11	36900	1977	용마산로94길
1126010100	서울특별시 중랑구 면목동	4**	단독	8m미만	193.96	126	201804	16	76000	1987	면목로44가길
1126010100	서울특별시 중랑구 면목동	1**	단독	8m미만	96.83	136.5	201804	15	49500	1975	null
1126010100	서울특별시 중랑구 면목동	1**	단독	8m미만	204.72	137.2	201804	14	67000	1983	null
1126010100	서울특별시 중랑구 면목동	1**	단독	8m미만	221.22	140.5	201804	13	73500	1989	중랑천로2길
1126010100	서울특별시 중랑구 면목동	5**	단독	8m미만	94.54	178	201804	27	67000	1977	면목로30나길
1126010100	서울특별시 중랑구 면목동	7*	단독	8m미만	249.45	181.2	201804	12	93000	1990	상봉로5길
1126010100	서울특별시 중랑구 면목동	9*	단독	8m미만	196.91	187.1	201804	27	108300	1982	null
1126010100	서울특별시 중랑구 면목동	9*	단독	25m이상	285.59	204	201804	27	182000	1981	null
1126010100	서울특별시 중랑구 면목동	1**	단독	12m미만	524.85	228.1	201804	6	160000	1989	면목로73길
1126010100	서울특별시 중랑구 면목동	1**	단독	25m미만	164.14	387.4	201804	13	215000	1970	봉우재로32길
1126010400	서울특별시 중랑구 묵동	2**	다가구	8m미만	199.38	118	201804	25	51500	1990	중랑역로
1126010400	서울특별시 중랑구 묵동	2**	다가구	8m미만	199.53	135.2	201804	2	69500	1991	null
1126010400	서울특별시 중랑구 묵동	2**	다가구	8m미만	281.7	190.1	201804	26	60000	1995	동일로151길
1126010400	서울특별시 중랑구 묵동	2**	단독	8m미만	170.24	103.5	201804	13	62300	2003	중랑천로50길
1126010400	서울특별시 중랑구 묵동	2**	단독	25m미만	218.28	110.4	201804	11	70000	1989	중랑역로
1126010400	서울특별시 중랑구 묵동	2**	단독	8m미만	183.66	130.2	201804	23	67500	1973	null
1126010400	서울특별시 중랑구 묵동	1**	단독	8m미만	248.19	132	201804	7	71800	1991	동일로148길
1126010400	서울특별시 중랑구 묵동	2**	단독	8m미만	249.74	135.9	201804	2	73800	1990	null
1126010400	서울특별시 중랑구 묵동	2**	단독	8m미만	160.52	136.2	201804	30	68000	1975	동일로157가길
1126010400	서울특별시 중랑구 묵동	2**	단독	8m미만	161.41	137.2	201804	16	65000	1977	동일로143길
1126010200	서울특별시 중랑구 상봉동	2**	다가구	8m미만	84.57	66	201804	27	29000	1994	상봉중앙로8다길
1126010200	서울특별시 중랑구 상봉동	1**	다가구	8m미만	169.6	93.9	201804	5	71000	1994	면목로92라길
1126010200	서울특별시 중랑구 상봉동	1**	다가구	8m미만	141	102.5	201804	13	77500	1990	null
1126010200	서울특별시 중랑구 상봉동	1**	다가구	8m미만	167.64	115.4	201804	5	100000	1987	면목로92라길
1126010200	서울특별시 중랑구 상봉동	1**	다가구	8m미만	191.9	124.3	201804	5	94000	1996	면목로92라길
1126010200	서울특별시 중랑구 상봉동	1**	단독	12m미만	233.25	89.2	201804	18	64800	1992	동일로110길
1126010200	서울특별시 중랑구 상봉동	1**	단독	8m미만	169.71	166.9	201804	5	111070	1971	면목로92라길
1126010600	서울특별시 중랑구 신내동	4**	단독	8m미만	59.43	89.2	201804	27	30000	1971	신내로3길
1126010600	서울특별시 중랑구 신내동	4**	단독	8m미만	192.8	116.9	201804	4	51000	1989	망우로63길
1126010300	서울특별시 중랑구 중화동	1*	다가구	8m미만	263.44	151	201804	28	107500	2012	봉화산로31길
1126010300	서울특별시 중랑구 중화동	3**	다가구	8m미만	264.41	162.3	201804	10	81000	1991	중랑역로
1126010300	서울특별시 중랑구 중화동	3**	단독	12m미만	98.95	91.6	201804	26	49700	1973	동일로139길
1126010300	서울특별시 중랑구 중화동	3**	단독	25m미만	117.2	94.2	201804	21	45000	1973	중랑천로
1126010300	서울특별시 중랑구 중화동	3**	단독	8m미만	39.67	95.2	201804	16	51800	1970	null
1126010300	서울특별시 중랑구 중화동	3**	단독	8m미만	69.85	98.2	201804	21	51000	1973	중랑천로20길
1126010300	서울특별시 중랑구 중화동	1**	단독	8m미만	199.8	99	201804	26	59500	1993	상봉중앙로5가길
1126010300	서울특별시 중랑구 중화동	3**	단독	8m미만	66.74	103.1	201804	16	46000	1971	null
1126010300	서울특별시 중랑구 중화동	3**	단독	8m미만	173.56	105.1	201804	17	48000	1990	중랑역로15길
1126010300	서울특별시 중랑구 중화동	3**	단독	8m미만	198.18	114	201804	16	40700	1990	중랑천로25길
1126010300	서울특별시 중랑구 중화동	3**	단독	8m미만	212.54	136.2	201804	19	56000	1989	봉화산로1길
1126010300	서울특별시 중랑구 중화동	3**	단독	8m미만	83.41	150.1	201804	12	89800	1973	동일로
1126010300	서울특별시 중랑구 중화동	2**	단독	8m미만	231.93	151.7	201804	25	78500	1990	봉화산로
1126010300	서울특별시 중랑구 중화동	3*	단독	8m미만	147.41	159	201804	14	60000	1975	동일로136가길
1126010300	서울특별시 중랑구 중화동	2**	단독	8m미만	238.08	173.2	201804	2	91000	1985	동일로121가길
1126010300	서울특별시 중랑구 중화동	2*	단독	8m미만	222.99	248	201804	21	105000	1976	동일로136나길
3611034031	세종특별자치시 금남면 영대리	7**	단독	8m미만	85.2	486	201804	13	32220	1950	영대1길
3611033021	세종특별자치시 부강면 부강리	1**	다가구	8m미만	657.46	625	201804	11	175000	2018	부강5길
3611036033	세종특별자치시 연서면 봉암리	6**	단독	8m미만	67.5	142	201804	9	12000	1980	봉암새동네길
3611036033	세종특별자치시 연서면 봉암리	6**	단독	8m미만	74.1	155	201804	25	13000	1979	봉암새동네길
3611036033	세종특별자치시 연서면 봉암리	2**	단독	8m미만	483.94	372	201804	14	71400	2014	봉암길
3611036033	세종특별자치시 연서면 봉암리	4**	단독	8m미만	75.81	399	201804	7	29400	1984	봉암길
3611036032	세종특별자치시 연서면 부동리	1**	단독	8m미만	89.63	1025	201804	27	32300	1993	홍축골길
3611036023	세종특별자치시 연서면 성제리	3**	단독	12m미만	196.65	319	201804	26	25520	2004	대첩로
3611035025	세종특별자치시 장군면 금암리	3**	단독	8m미만	198.84	736	201804	13	76400	2006	전원마을1길
3611035024	세종특별자치시 장군면 봉안리	2**	다가구	8m미만	425.23	426	201804	6	103000	2014	월현윗길
3611035024	세종특별자치시 장군면 봉안리	3**	단독	8m미만	439.29	441	201804	28	103600	2015	봉안산소골길
3611038021	세종특별자치시 전동면 노장리	4**	단독	12m미만	204.24	583	201804	9	15972	1988	전동로
3611038023	세종특별자치시 전동면 청송리	3**	단독	8m미만	73.05	579	201804	13	3600	1954	섭장골길
3611037022	세종특별자치시 전의면 동교리	5*	단독	8m미만	199.58	836	201804	20	37000	2003	상교동1길
3611025024	세종특별자치시 조치원읍 교리	1*	다가구	8m미만	553.44	353	201804	27	118000	2017	으뜸길
3611025034	세종특별자치시 조치원읍 서창리	6*	단독	8m미만	90.48	262	201804	2	20500	1996	원마루길
3611025032	세종특별자치시 조치원읍 신안리	3**	단독	12m미만	570.51	340	201804	2	59500	1997	신안새동네길
3611025029	세종특별자치시 조치원읍 신흥리	3**	단독	8m미만	41.64	212	201804	10	19000	1947	장등고개길
3611025021	세종특별자치시 조치원읍 원리	9*	단독	25m미만	164.24	132	201804	10	60000	1978	새내10길
3114010500	울산광역시 남구 달동	6**	다가구	12m미만	322.15	146.2	201804	20	58000	2012	삼산로101번길
3114010500	울산광역시 남구 달동	5**	단독	8m미만	122.46	112.3	201804	28	28000	1987	번영로153번길
3114010500	울산광역시 남구 달동	5**	단독	8m미만	128.47	137.4	201804	28	27500	1987	번영로153번길
3114010500	울산광역시 남구 달동	5**	단독	12m미만	147.96	157.4	201804	17	20000	1982	신정로78번길
3114010500	울산광역시 남구 달동	8**	단독	12m미만	433.55	198.4	201804	23	103800	2010	돋질로92번길
3114010500	울산광역시 남구 달동	1***	단독	-	429.49	221.1	201804	6	130000	2017	도산로107번길
3114010500	울산광역시 남구 달동	1***	단독	12m미만	494.54	265.9	201804	24	90000	1996	왕생로100번길
3114010100	울산광역시 남구 무거동	8**	다가구	12m미만	483.57	314.8	201804	10	147500	2012	신복로35번길
3114010100	울산광역시 남구 무거동	5**	단독	12m미만	190.57	167.9	201804	21	67000	1989	대학로43번길
3114010100	울산광역시 남구 무거동	1***	단독	8m미만	183.14	191.1	201804	19	32000	1990	삼호로107번길
3114010100	울산광역시 남구 무거동	1***	단독	25m미만	351.19	193.6	201804	4	85000	1993	삼호로
3114010100	울산광역시 남구 무거동	1***	단독	8m미만	199.14	217.3	201804	18	34500	1997	삼호로165번길
3114010600	울산광역시 남구 삼산동	1***	다가구	12m미만	428.76	198.5	201804	24	96537	2010	화합로224번길
3114010900	울산광역시 남구 선암동	1**	단독	8m미만	76.18	169	201804	20	14000	1984	선암로23번길
3114010400	울산광역시 남구 신정동	6**	다가구	8m미만	346.16	162.6	201804	24	86947	2017	돋질로44번길
3114010400	울산광역시 남구 신정동	1***	단독	8m미만	62.15	99.2	201804	2	29000	1980	봉월로28번길
3114010400	울산광역시 남구 신정동	5**	단독	8m미만	130.17	133.9	201804	10	23500	1993	중앙로208번길
3114010400	울산광역시 남구 신정동	1***	단독	8m미만	72.33	139	201804	3	84000	1975	동산로82번길
3114010400	울산광역시 남구 신정동	1***	단독	8m미만	356.5	163.4	201804	24	84979	2015	봉월로70번길
3114010400	울산광역시 남구 신정동	1***	단독	8m미만	172.21	165	201804	25	46000	1987	봉월로59번길
3114010400	울산광역시 남구 신정동	8**	단독	12m미만	83.2	168	201804	4	72500	1980	수암로90번길
3114010400	울산광역시 남구 신정동	1***	단독	12m미만	161.3	171.73	201804	18	28000	1987	남산로338번길
3114010400	울산광역시 남구 신정동	1***	단독	25m미만	152.06	177	201804	12	56170	1983	대공원로
3114010400	울산광역시 남구 신정동	1**	단독	12m미만	140.72	222.5	201804	30	79500	1980	돋질로69번길
3114010400	울산광역시 남구 신정동	1***	단독	8m미만	185.22	295	201804	14	69000	1988	봉월로97번길
3114010800	울산광역시 남구 야음동	6**	단독	8m미만	51	117	201804	30	27500	2004	수암로
3114010800	울산광역시 남구 야음동	6**	단독	12m미만	178.24	158	201804	24	97426	1983	수암로189번길
3114010800	울산광역시 남구 야음동	6**	단독	8m미만	120.33	159	201804	30	35560	1974	수암로
3114010800	울산광역시 남구 야음동	6**	단독	8m미만	264.68	193	201804	30	96500	1981	수암로
3114010800	울산광역시 남구 야음동	3**	단독	12m미만	76.69	235.7	201804	5	24000	1974	수암로288번길
3114010200	울산광역시 남구 옥동	2**	단독	12m미만	288.24	189.6	201804	18	79000	2003	법대로8번길
3114010200	울산광역시 남구 옥동	1***	단독	8m미만	198.5	217	201804	10	69700	1990	문수로351번길
3117010100	울산광역시 동구 방어동	9**	단독	12m미만	153.55	99.3	201804	19	18200	2008	월봉5길
3117010100	울산광역시 동구 방어동	9**	단독	8m미만	137.98	128.4	201804	14	10200	1989	화진2가길
3117010100	울산광역시 동구 방어동	6**	단독	12m미만	106.72	202	201804	2	15000	1982	화암9길
3117010100	울산광역시 동구 방어동	4**	단독	8m미만	189.65	226	201804	26	41000	1986	화진4길
3117010100	울산광역시 동구 방어동	4**	단독	12m미만	278.72	230	201804	30	43000	1989	월봉6가길
3117010400	울산광역시 동구 전하동	7**	단독	8m미만	200.59	141.2	201804	17	35000	1995	산록4길
3117010200	울산광역시 동구 화정동	1**	단독	12m미만	175.76	151	201804	12	19950	1992	대송5길
3117010200	울산광역시 동구 화정동	1**	단독	8m미만	183.38	173.6	201804	4	20700	1990	대송7길
3120012700	울산광역시 북구 염포동	2**	단독	8m미만	149.72	132	201804	13	14500	1987	새장터8길
3120010800	울산광역시 북구 천곡동	9**	단독	8m미만	87.35	480	201804	5	11700	2017	관문길
3171036021	울산광역시 울주군 두동면 만화리	6**	단독	8m미만	96.62	764	201804	14	41800	2015	만화로
3171036026	울산광역시 울주군 두동면 봉계리	5**	단독	12m미만	44.5	72	201804	14	8450	1945	계명1길
3171036023	울산광역시 울주군 두동면 월평리	1***	단독	8m미만	96.4	690	201804	6	19840	2006	월평중리길
3171025927	울산광역시 울주군 범서읍 구영리	8**	단독	8m미만	177.68	336.8	201804	6	80500	2011	점촌3길
3171025926	울산광역시 울주군 범서읍 두산리	1**	단독	8m미만	130.3	143	201804	22	10000	1997	새터길
3171025926	울산광역시 울주군 범서읍 두산리	6**	단독	8m미만	112.54	607	201804	25	30000	2009	관문로
3171025922	울산광역시 울주군 범서읍 천상리	*	단독	-	99.74	443	201804	20	58500	1980	null
3171039021	울산광역시 울주군 삼남면 교동리	1***	단독	12m미만	427.38	245.5	201804	13	83000	2018	동향교2길
3171039024	울산광역시 울주군 삼남면 방기리	5**	단독	8m미만	154.98	138	201804	3	12000	1991	방기2길
3171039024	울산광역시 울주군 삼남면 방기리	1**	단독	8m미만	109.1	387	201804	10	19700	1988	하방로
3171038027	울산광역시 울주군 상북면 명촌리	1**	단독	8m미만	98.04	227	201804	11	8300	2013	null
3171038027	울산광역시 울주군 상북면 명촌리	9*	단독	12m미만	144	402	201804	6	25000	1996	명촌길천로
3171031023	울산광역시 울주군 서생면 나사리	2**	단독	8m미만	145.69	166	201804	30	40000	1994	나사해안길
3171031021	울산광역시 울주군 서생면 신암리	2**	단독	8m미만	80.1	119	201804	13	7000	1980	송리4길
3171031021	울산광역시 울주군 서생면 신암리	4**	단독	12m미만	66.92	145	201804	5	13000	1977	송리3길
3171031021	울산광역시 울주군 서생면 신암리	4**	단독	12m미만	66.92	145	201804	8	22000	1977	송리3길
3171031030	울산광역시 울주군 서생면 위양리	1***	단독	12m미만	36	274	201804	15	15800	2012	위양로
3171031030	울산광역시 울주군 서생면 위양리	6**	단독	8m미만	75.71	740	201804	24	29400	1980	null
3171031028	울산광역시 울주군 서생면 진하리	2**	단독	8m미만	42.98	811	201804	15	31000	1936	나루터2길
3171031024	울산광역시 울주군 서생면 화산리	1**	단독	8m미만	94.5	696	201804	3	34000	2014	구운달길
3171025322	울산광역시 울주군 언양읍 반천리	7**	단독	8m미만	98.24	748	201804	9	41000	2013	곰재1길
3171025032	울산광역시 울주군 온산읍 덕신리	2**	다가구	8m미만	393.42	234	201804	7	59800	2010	신온5길
3171025032	울산광역시 울주군 온산읍 덕신리	4**	다가구	8m미만	399.89	236.5	201804	28	85000	2017	신온7길
3171025032	울산광역시 울주군 온산읍 덕신리	3**	단독	8m미만	386.12	218.7	201804	19	59300	2014	신경2길
3171025032	울산광역시 울주군 온산읍 덕신리	1***	단독	12m미만	398.56	221.3	201804	26	90500	2017	온덕3길
3171025032	울산광역시 울주군 온산읍 덕신리	4**	단독	8m미만	403.87	223.6	201804	20	58000	2011	용방소9길
3171025032	울산광역시 울주군 온산읍 덕신리	4*	단독	8m미만	121.55	229	201804	5	24000	1983	명봉2길
3171025032	울산광역시 울주군 온산읍 덕신리	3*	단독	8m미만	457.29	286	201804	13	54000	2008	명봉2길
3171025022	울산광역시 울주군 온산읍 삼평리	9**	단독	8m미만	155.37	704	201804	11	34700	2016	null
3171025624	울산광역시 울주군 온양읍 남창리	1**	단독	12m미만	185.62	309	201804	27	53000	1987	남창장터길
3171025629	울산광역시 울주군 온양읍 운화리	*	단독	12m미만	104.13	195.1	201804	10	20000	1990	태화7길
3111011500	울산광역시 중구 남외동	1***	단독	12m미만	198.53	185.2	201804	4	49300	1989	해오름3길
3111011500	울산광역시 중구 남외동	3**	단독	8m미만	56.2	245	201804	24	17400	1974	곽남3길
3111011200	울산광역시 중구 다운동	7**	단독	12m미만	224.92	208.8	201804	16	34000	1995	null
3111011300	울산광역시 중구 동동	6*	단독	8m미만	132.32	115	201804	27	19700	1994	병영16길
3111011300	울산광역시 중구 동동	1**	단독	8m미만	153.24	137	201804	30	12000	1991	산전5길
3111011300	울산광역시 중구 동동	3**	단독	25m미만	90.73	161	201804	16	27000	1986	산전길
3111011800	울산광역시 중구 반구동	7**	다가구	12m미만	346.08	164.4	201804	27	78191	2016	내황2길
3111011800	울산광역시 중구 반구동	7**	다가구	12m미만	389.34	180.2	201804	26	84834	2015	내황12길
3111011800	울산광역시 중구 반구동	7**	다가구	12m미만	394.72	183.9	201804	27	90147	2017	내황10길
3111011800	울산광역시 중구 반구동	7**	다가구	8m미만	421.32	198.8	201804	26	84832	2011	내황5길
3111011800	울산광역시 중구 반구동	7**	다가구	12m미만	381.3	205.4	201804	26	88641	2015	내황3길
3111011800	울산광역시 중구 반구동	6**	단독	12m미만	165.5	154	201804	25	65000	1982	반구정4길
3111011800	울산광역시 중구 반구동	4*	단독	12m미만	98.57	166.5	201804	7	31400	1980	구교12길
3111011800	울산광역시 중구 반구동	4**	단독	8m미만	83.1	176.9	201804	17	32000	1984	반구정14길
3111011800	울산광역시 중구 반구동	7**	단독	12m미만	403.88	185.1	201804	14	84000	2017	내황4길
3111011800	울산광역시 중구 반구동	2**	단독	8m미만	113.49	200	201804	12	15000	1976	구교1길
3111010300	울산광역시 중구 복산동	4**	단독	8m미만	91.91	99	201804	5	18000	1972	다은길
3111010300	울산광역시 중구 복산동	5**	단독	8m미만	80.64	102	201804	27	13500	1993	푸름1길
3111010300	울산광역시 중구 복산동	6**	단독	8m미만	185.56	157	201804	3	32000	1988	샘물길
3111010300	울산광역시 중구 복산동	3**	단독	8m미만	60.23	159	201804	19	23694	1974	손골길
3111010400	울산광역시 중구 북정동	1*	단독	8m미만	121.93	126	201804	5	21200	1988	글든길
3111010800	울산광역시 중구 우정동	2**	단독	8m미만	46.47	75.7	201804	17	17000	1971	당산4길
3111011000	울산광역시 중구 유곡동	1**	단독	8m미만	241.02	168	201804	28	39200	1986	평동2길
3111011000	울산광역시 중구 유곡동	7**	단독	8m미만	132.98	257	201804	13	53400	2014	길촌길
3111011100	울산광역시 중구 태화동	7**	다가구	12m미만	267.59	189.1	201804	5	61500	1993	오산8길
3111011100	울산광역시 중구 태화동	8**	단독	12m미만	214.22	190.2	201804	16	41500	1994	명정10길
3111011100	울산광역시 중구 태화동	9**	단독	8m미만	218.54	237.7	201804	28	40000	1996	난곡7길
3111010200	울산광역시 중구 학산동	*	단독	8m미만	127.66	143.5	201804	2	20300	1977	옥교3길
3111010200	울산광역시 중구 학산동	*	단독	8m미만	142.22	265.9	201804	30	51500	1977	옥교3길
3111010100	울산광역시 중구 학성동	4**	단독	8m미만	83.5	154	201804	7	48000	1978	옥교15길
3111010100	울산광역시 중구 학성동	4**	단독	8m미만	162.22	159.2	201804	30	43200	1987	옥교로
3111010100	울산광역시 중구 학성동	4**	단독	8m미만	133.5	181.2	201804	7	63000	1978	옥교15길
2871025025	인천광역시 강화군 강화읍 갑곳리	3*	단독	8m미만	129.83	477	201804	27	27000	2011	갑룡길
2871025022	인천광역시 강화군 강화읍 관청리	4**	단독	8m미만	69.12	129	201804	9	3130	1985	관청길27번길
2871025022	인천광역시 강화군 강화읍 관청리	9**	단독	8m미만	36.18	185	201804	10	11700	2006	향교길
2871025022	인천광역시 강화군 강화읍 관청리	3**	단독	8m미만	59.78	668	201804	12	28000	1977	관청길28번길
2871025023	인천광역시 강화군 강화읍 국화리	1**	단독	8m미만	29.75	142	201804	20	8280	1960	강화대로511번길
2871025023	인천광역시 강화군 강화읍 국화리	7**	단독	8m미만	172.57	659	201804	23	28500	2008	고비고개로
2871025024	인천광역시 강화군 강화읍 남산리	5**	단독	8m미만	363.37	822	201804	20	44500	2000	화성길
2871025029	인천광역시 강화군 강화읍 대산리	1***	단독	8m미만	99.38	283	201804	28	22000	2017	대월로248번길
2871025029	인천광역시 강화군 강화읍 대산리	9**	단독	8m미만	153	660	201804	20	25000	2008	대산길
2871025021	인천광역시 강화군 강화읍 신문리	6**	단독	8m미만	75.45	129	201804	17	10800	1987	향나무길33번길
2871025021	인천광역시 강화군 강화읍 신문리	6**	단독	8m미만	70.5	214	201804	13	14500	1987	향나무길33번길
2871025021	인천광역시 강화군 강화읍 신문리	5**	단독	8m미만	78.26	215	201804	25	17000	1978	신문길
2871025027	인천광역시 강화군 강화읍 옥림리	3**	단독	8m미만	88.98	532.18	201804	12	13847	2016	동문로215번길
2871025026	인천광역시 강화군 강화읍 용정리	5**	단독	8m미만	116.48	86	201804	16	17140	2018	갑룡길
2871025026	인천광역시 강화군 강화읍 용정리	5**	단독	8m미만	95.69	165	201804	25	19500	2017	강화대로216번길
2871025026	인천광역시 강화군 강화읍 용정리	5**	단독	8m미만	97.6	165	201804	27	18530	2018	강화대로216번길
2871025026	인천광역시 강화군 강화읍 용정리	5**	단독	8m미만	97.6	175	201804	25	19500	2018	강화대로216번길
2871040021	인천광역시 강화군 교동면 대룡리	산1**	단독	8m미만	56.42	99	201804	21	2700	1970	대룡안길
2871040021	인천광역시 강화군 교동면 대룡리	6**	단독	8m미만	85.86	470	201804	11	9110	2013	교동남로
2871040024	인천광역시 강화군 교동면 봉소리	7**	단독	8m미만	60.4	255	201804	11	800	1998	null
2871040027	인천광역시 강화군 교동면 인사리	8**	단독	8m미만	82.94	516	201804	1	8000	1972	교동북로
2871033022	인천광역시 강화군 길상면 선두리	9**	단독	8m미만	145.17	496	201804	18	42000	2012	해안남로620번길
2871033022	인천광역시 강화군 길상면 선두리	1*	단독	8m미만	83.04	509	201804	14	27000	2018	null
2871033022	인천광역시 강화군 길상면 선두리	8**	단독	8m미만	137.2	722	201804	20	33276	2009	해안남로
2871033021	인천광역시 강화군 길상면 온수리	5**	단독	12m미만	114.02	255	201804	25	19900	1950	온수길
2871033021	인천광역시 강화군 길상면 온수리	4**	단독	12m미만	115.86	426	201804	5	25000	1977	온수길
2871033025	인천광역시 강화군 길상면 장흥리	2**	단독	8m미만	467.2	442	201804	16	58000	2010	해안남로
2871036021	인천광역시 강화군 내가면 고천리	1***	단독	8m미만	20.44	315	201804	21	5200	2011	고비고개로
2871036024	인천광역시 강화군 내가면 황청리	1**	단독	8m미만	163.08	482	201804	16	25350	2001	황청포구로
2871036024	인천광역시 강화군 내가면 황청리	3**	단독	8m미만	90.2	496	201804	17	7400	1935	황청포구로385번길
2871032022	인천광역시 강화군 불은면 고능리	7*	단독	8m미만	118	320	201804	16	24000	2018	고능로104번길
2871032022	인천광역시 강화군 불은면 고능리	6**	단독	8m미만	169.13	459	201804	4	19000	2004	고능로145번길
2871032024	인천광역시 강화군 불은면 넙성리	4**	단독	8m미만	95.12	356	201804	23	16700	2011	불은남로139번길
2871032028	인천광역시 강화군 불은면 덕성리	2**	단독	8m미만	151.89	887	201804	6	59000	2008	해안동로
2871032023	인천광역시 강화군 불은면 오두리	3**	단독	12m미만	84.16	396	201804	5	22500	2016	불은남로
2871031027	인천광역시 강화군 선원면 냉정리	8**	단독	8m미만	137.67	550	201804	12	31000	2009	중앙로421번길
2871031024	인천광역시 강화군 선원면 신정리	4**	단독	8m미만	68.48	212	201804	15	9734	1991	더리미길
2871031025	인천광역시 강화군 선원면 창리	4**	단독	8m미만	93	304	201804	20	10993	1935	중앙로134번길
2871039025	인천광역시 강화군 송해면 상도리	6**	단독	8m미만	141.13	695	201804	28	37000	2014	홍의길70번길
2871039021	인천광역시 강화군 송해면 솔정리	4**	단독	-	136.15	463	201804	4	28765	2018	전망대로
2871035022	인천광역시 강화군 양도면 능내리	4**	단독	8m미만	62	274	201804	19	5000	1955	null
2871035027	인천광역시 강화군 양도면 도장리	9*	단독	8m미만	132.21	416	201804	16	32000	2015	고려왕릉로
2871035025	인천광역시 강화군 양도면 삼흥리	5**	단독	8m미만	112.9	307	201804	3	12500	1995	강화남로1002번길
2871035028	인천광역시 강화군 양도면 조산리	1**	단독	8m미만	122.19	282	201804	5	23600	2016	강화남로468번길
2871038025	인천광역시 강화군 양사면 인화리	5**	단독	8m미만	83.52	476	201804	5	9500	2018	인화로
2871038025	인천광역시 강화군 양사면 인화리	5**	단독	8m미만	121.86	798	201804	16	27000	2018	인화로
2871038025	인천광역시 강화군 양사면 인화리	5**	단독	8m미만	115.47	881	201804	30	25700	2003	인화로
2871037024	인천광역시 강화군 하점면 삼거리	4*	단독	8m미만	100.06	969	201804	4	26200	2000	고려산로181번길
2871037021	인천광역시 강화군 하점면 신봉리	3*	단독	8m미만	84.77	367	201804	8	20300	1998	전망대로
2871037025	인천광역시 강화군 하점면 신삼리	3**	단독	8m미만	46.1	661	201804	3	12350	2015	고려산로463번길
2871034024	인천광역시 강화군 화도면 덕포리	1***	단독	8m미만	29.92	675	201804	2	8160	1992	null
2871034025	인천광역시 강화군 화도면 사기리	4**	단독	8m미만	185.64	388	201804	6	35650	2013	해안남로
2871034025	인천광역시 강화군 화도면 사기리	4**	단독	8m미만	185.64	393	201804	6	35650	2013	해안남로
2871034025	인천광역시 강화군 화도면 사기리	4**	단독	8m미만	199.17	453	201804	26	50500	2004	해안남로
2871034029	인천광역시 강화군 화도면 장화리	7**	단독	8m미만	81.6	142	201804	3	9000	2005	동녘말길
2871034029	인천광역시 강화군 화도면 장화리	1***	단독	8m미만	99.13	249	201804	3	5500	2005	해안남로
2824510200	인천광역시 계양구 계산동	9**	단독	8m미만	71.24	123.2	201804	3	24000	1978	주부토로587번길
2824510200	인천광역시 계양구 계산동	9**	단독	12m미만	109.14	124.4	201804	16	32000	1985	하느재로20번길
2824510200	인천광역시 계양구 계산동	8**	단독	8m미만	159.85	139.2	201804	7	35000	1978	경명대로1029번길
2824510200	인천광역시 계양구 계산동	9**	단독	8m미만	250.92	211.1	201804	24	42000	1978	계산천동로7번길
2824510200	인천광역시 계양구 계산동	8**	단독	12m미만	79.8	211.9	201804	21	56000	1978	null
2824510900	인천광역시 계양구 박촌동	6*	단독	8m미만	98.85	287	201804	18	59900	1984	null
2824510800	인천광역시 계양구 방축동	8*	단독	8m미만	335.66	887	201804	9	80000	1961	방축로91번길
2824511600	인천광역시 계양구 선주지동	1**	단독	8m미만	210.5	1066	201804	9	80000	1946	null
2824511700	인천광역시 계양구 이화동	1**	단독	8m미만	57.56	179	201804	17	18000	1950	황어로
2824510500	인천광역시 계양구 임학동	4*	단독	12m미만	215.82	123.6	201804	2	49500	1989	임학서로
2824510500	인천광역시 계양구 임학동	6*	단독	8m미만	160.23	124.9	201804	10	26000	1985	임학동로9번길
2824510500	인천광역시 계양구 임학동	*	단독	25m미만	613.62	206.6	201804	21	75000	1990	계양산로
2824510300	인천광역시 계양구 작전동	8**	단독	12m미만	178.94	161.3	201804	12	35300	1987	봉오대로698번길
2820010200	인천광역시 남동구 간석동	1**	단독	8m미만	143.74	102.8	201804	19	21000	1981	남동대로898번길
2820010200	인천광역시 남동구 간석동	5**	단독	8m미만	132.58	110.9	201804	5	21500	1984	석정로574번길
2820010200	인천광역시 남동구 간석동	2**	단독	12m미만	223.66	116.6	201804	30	46000	1989	경인로599번길
2820010200	인천광역시 남동구 간석동	2**	단독	8m미만	74.55	122.6	201804	27	21000	1977	예술로360번길
2820010200	인천광역시 남동구 간석동	5**	단독	8m미만	150.09	125.4	201804	25	30500	1985	벽돌말로14번길
2820010200	인천광역시 남동구 간석동	5**	단독	12m미만	142.2	126.4	201804	25	30500	1984	벽돌말로14번길
2820010200	인천광역시 남동구 간석동	5**	단독	12m미만	158.64	139.6	201804	30	27000	1984	석정로579번길
2820010200	인천광역시 남동구 간석동	5**	단독	8m미만	143.77	146	201804	17	33880	1978	구월로50번길
2820010200	인천광역시 남동구 간석동	5**	단독	12m미만	267.68	153.5	201804	10	42700	1989	벽돌말로3번길
2820010200	인천광역시 남동구 간석동	2**	단독	12m미만	240.63	153.8	201804	30	49000	1988	백범로422번길
2820010200	인천광역시 남동구 간석동	5**	단독	8m미만	107.75	166	201804	24	36460	1978	문화로169번길
2820010200	인천광역시 남동구 간석동	1**	단독	8m미만	95.17	176.4	201804	16	27500	1979	석산로183번길
2820010200	인천광역시 남동구 간석동	2**	단독	12m미만	232.71	177.7	201804	30	37800	1988	백범로422번길
2820010200	인천광역시 남동구 간석동	8*	단독	12m미만	143.2	198.1	201804	12	37500	1983	용천로205번길
2820010100	인천광역시 남동구 구월동	1***	단독	12m미만	149.23	98.9	201804	19	22000	1990	구월남로90번길
2820010100	인천광역시 남동구 구월동	*	단독	12m미만	72.64	119.3	201804	6	28800	1982	석산로228번길
2820010100	인천광역시 남동구 구월동	*	단독	12m미만	171.48	129.9	201804	13	33000	1992	석산로228번길
2820010100	인천광역시 남동구 구월동	*	단독	12m미만	187.92	139	201804	13	32000	1992	석산로228번길
2820010100	인천광역시 남동구 구월동	1***	단독	12m미만	244.75	151.1	201804	27	38000	1989	백범로247번길
2820010100	인천광역시 남동구 구월동	1***	단독	25m미만	400.5	168.6	201804	13	79000	1991	문화서로
2820010100	인천광역시 남동구 구월동	1***	단독	12m미만	385.92	179.8	201804	7	39250	1990	구월말로27번길
2820010100	인천광역시 남동구 구월동	1***	단독	12m미만	280.15	183.8	201804	20	49000	1989	문화로89번길
2820010100	인천광역시 남동구 구월동	1***	단독	12m미만	284.31	189.9	201804	25	55000	1989	문화로89번길
2820010100	인천광역시 남동구 구월동	1***	단독	12m미만	241.83	204.75	201804	26	49800	1988	남동대로726번길
2820010100	인천광역시 남동구 구월동	1***	단독	12m미만	464.16	210.1	201804	24	63000	1990	인하로411번길
2820010100	인천광역시 남동구 구월동	1***	단독	8m미만	201.13	224.8	201804	7	60000	1985	구월남로90번길
2820010100	인천광역시 남동구 구월동	1***	단독	8m미만	275.56	251.5	201804	5	55000	1989	문화로133번길
2820010100	인천광역시 남동구 구월동	1***	단독	12m미만	201.54	272.2	201804	20	51000	1985	문화로133번길
2820011000	인천광역시 남동구 논현동	6**	단독	12m미만	322.7	271.3	201804	17	91400	2012	소래역동로
2820011000	인천광역시 남동구 논현동	5**	단독	12m미만	203.66	290.4	201804	10	82000	2009	은봉로255번길
2820010900	인천광역시 남동구 도림동	2*	단독	8m미만	229.95	307	201804	30	50000	2004	도림북로
2820010300	인천광역시 남동구 만수동	1**	단독	8m미만	165.52	81	201804	16	15900	2018	서판로64번길
2820010300	인천광역시 남동구 만수동	1***	단독	12m미만	168.12	107.1	201804	9	28800	1993	장승로5번길
2820010300	인천광역시 남동구 만수동	8**	단독	8m미만	73.06	128.7	201804	11	30000	1979	만경로
2820010300	인천광역시 남동구 만수동	*	단독	8m미만	163.9	142	201804	9	29000	1981	만수로75번길
2820010300	인천광역시 남동구 만수동	9**	단독	25m미만	152.82	151.3	201804	4	29700	1985	하촌서로
2820010300	인천광역시 남동구 만수동	8**	단독	8m미만	69.42	163.9	201804	11	40000	1979	만경로
2820010300	인천광역시 남동구 만수동	9**	단독	12m미만	214.56	193.2	201804	3	51300	1987	구월말로85번길
2820010600	인천광역시 남동구 운연동	2**	단독	12m미만	99	536	201804	10	64800	1998	음실서로
2814010600	인천광역시 동구 금곡동	2*	단독	25m미만	33.46	43	201804	18	21777	1970	금곡로
2814010600	인천광역시 동구 금곡동	3*	단독	8m미만	46.61	79.3	201804	4	10000	1985	금곡로30번길
2814010700	인천광역시 동구 송림동	3*	다가구	8m미만	142.61	181.2	201804	10	32500	1977	샛골로184번길
2814010700	인천광역시 동구 송림동	9*	단독	8m미만	33	38.5	201804	21	5000	1978	우각로189번길
2814010700	인천광역시 동구 송림동	5*	단독	8m미만	23.1	38.9	201804	23	5000	1978	송림로82번길
2814010700	인천광역시 동구 송림동	9*	단독	8m미만	49.49	81.3	201804	10	9000	1972	샛골로114번길
2814010700	인천광역시 동구 송림동	2**	단독	8m미만	94.44	93	201804	4	18170	1998	서해대로553번길
2814010700	인천광역시 동구 송림동	1**	단독	8m미만	193.35	99	201804	6	19500	1994	송림로70번길
2814010700	인천광역시 동구 송림동	2**	단독	12m미만	120.4	110	201804	24	24994	1990	화도진로16번길
2814010700	인천광역시 동구 송림동	6*	단독	12m미만	300.05	157.7	201804	17	38800	1993	샛골로114번길
2814010700	인천광역시 동구 송림동	6*	단독	12m미만	50.37	165.6	201804	4	14500	2000	금곡로112번길
2814010700	인천광역시 동구 송림동	5*	단독	8m미만	204.81	172.2	201804	18	36000	1969	안송로6번길
2814010300	인천광역시 동구 송현동	1*	단독	12m미만	61.26	46	201804	12	7500	1993	송현공원로
2814010300	인천광역시 동구 송현동	1*	단독	8m미만	74.46	136	201804	19	13000	1985	안송로103번길
2814010500	인천광역시 동구 창영동	1**	단독	8m미만	37.64	63.5	201804	16	10350	1986	우각로119번길
2817710600	인천광역시 미추홀구 관교동	4**	다가구	25m미만	374.23	199.5	201804	9	57300	1992	경원대로670번길
2817710600	인천광역시 미추홀구 관교동	4**	단독	8m미만	443.34	230.7	201804	13	48000	1991	경원대로658번길
2817710400	인천광역시 미추홀구 도화동	6**	단독	8m미만	63.14	93	201804	14	12500	1976	경인로184번길
2817710400	인천광역시 미추홀구 도화동	8**	단독	8m미만	72.86	137.1	201804	25	21192	1978	연송로85번길
2817710400	인천광역시 미추홀구 도화동	5**	단독	8m미만	241.98	141.6	201804	10	28300	1990	주안로7번길
2817710400	인천광역시 미추홀구 도화동	2**	단독	8m미만	75.7	156.5	201804	3	33000	1978	석정로282번길
2817710400	인천광역시 미추홀구 도화동	9**	단독	8m미만	138.44	156.7	201804	25	25500	1990	연송로
2817710400	인천광역시 미추홀구 도화동	5*	단독	12m미만	311.54	247.1	201804	11	90000	1979	염전로239번길
2817710700	인천광역시 미추홀구 문학동	4**	단독	8m미만	570.98	240.8	201804	14	87500	2001	문학길146번길
2817710100	인천광역시 미추홀구 숭의동	2**	단독	8m미만	77.68	16	201804	9	6500	1990	독정이로
2817710100	인천광역시 미추홀구 숭의동	2**	단독	8m미만	24.42	46	201804	17	4800	1985	독정이로88번길
2817710100	인천광역시 미추홀구 숭의동	2**	단독	8m미만	43.4	53	201804	18	7300	1985	독정이로82번길
2817710100	인천광역시 미추홀구 숭의동	1**	단독	8m미만	81.46	76	201804	6	12500	1985	석정로107번길
2817710100	인천광역시 미추홀구 숭의동	8*	단독	25m이상	323.06	91.7	201804	16	33000	1979	석정로
2817710100	인천광역시 미추홀구 숭의동	2**	단독	8m미만	231.68	115	201804	9	25800	1995	독정안길72번길
2817710100	인천광역시 미추홀구 숭의동	*	단독	12m미만	196.83	126	201804	25	22500	1994	수봉안길
2817710100	인천광역시 미추홀구 숭의동	1**	단독	8m미만	301.31	151.1	201804	11	34500	1993	경인로34번길
2817710100	인천광역시 미추홀구 숭의동	*	단독	8m미만	148.55	208	201804	13	36200	1975	null
2817710100	인천광역시 미추홀구 숭의동	6*	단독	8m미만	173.45	215	201804	12	32000	1990	경인로116번길
2817710100	인천광역시 미추홀구 숭의동	2**	단독	8m미만	49.59	221	201804	9	30000	1990	독정이로92번길
2817710200	인천광역시 미추홀구 용현동	1**	단독	8m미만	32.26	63	201804	16	5000	1985	비룡길11번길
2817710200	인천광역시 미추홀구 용현동	6**	단독	25m이상	66.58	86	201804	30	28600	1985	독배로
2817710200	인천광역시 미추홀구 용현동	1**	단독	12m미만	68.32	92.2	201804	2	20000	1990	경인남길
2817710200	인천광역시 미추홀구 용현동	1**	단독	8m미만	178.09	101.2	201804	20	20000	1991	경인북길251번길
2817710200	인천광역시 미추홀구 용현동	9*	단독	12m미만	185.76	104.5	201804	30	64500	2016	한나루로489번길
2817710200	인천광역시 미추홀구 용현동	8*	단독	8m미만	95.93	115.6	201804	14	32762	1976	null
2817710200	인천광역시 미추홀구 용현동	8*	단독	8m미만	56.85	118.8	201804	14	33759	1974	인하로119번길
2817710200	인천광역시 미추홀구 용현동	1**	단독	12m미만	64.96	119	201804	28	20000	1990	수봉남로18번길
2817710200	인천광역시 미추홀구 용현동	*	단독	12m미만	149.81	131	201804	30	30000	1996	수봉로128번길
2817710200	인천광역시 미추홀구 용현동	4**	단독	25m미만	189.03	134	201804	11	27800	1998	수봉남로
2817710200	인천광역시 미추홀구 용현동	4**	단독	8m미만	59.83	135	201804	19	29600	1968	null
2817710200	인천광역시 미추홀구 용현동	2**	단독	12m미만	190.36	137.5	201804	30	37000	1989	독배로382번길
2817710200	인천광역시 미추홀구 용현동	2**	단독	8m미만	72	153.4	201804	18	24500	1974	독배로376번길
2817710200	인천광역시 미추홀구 용현동	1**	단독	12m미만	148.82	156.6	201804	9	27000	1977	null
2817710200	인천광역시 미추홀구 용현동	1*	단독	12m미만	323.59	157.3	201804	30	70000	2002	경인남길102번길
2817710200	인천광역시 미추홀구 용현동	1**	단독	8m미만	106.32	168.1	201804	20	25000	1979	인주대로237번길
2817710200	인천광역시 미추홀구 용현동	5**	단독	8m미만	263.35	171.9	201804	17	45600	1990	낙섬중로91번길
2817710200	인천광역시 미추홀구 용현동	2*	단독	8m미만	68.43	173.5	201804	23	44000	1990	null
2817710200	인천광역시 미추홀구 용현동	4**	단독	8m미만	100.15	178	201804	23	50400	1968	인주대로128번길
2817710200	인천광역시 미추홀구 용현동	5**	단독	12m미만	429.7	201.3	201804	26	118000	2010	낙섬중로91번길
2817710200	인천광역시 미추홀구 용현동	5**	단독	8m미만	242.85	201.9	201804	9	55000	1987	낙섬중로
2817710200	인천광역시 미추홀구 용현동	1**	단독	12m미만	152.13	208.7	201804	10	34650	1977	null
2817710200	인천광역시 미추홀구 용현동	6**	단독	8m미만	238.27	219.5	201804	13	45500	1981	낙섬서로49번길
2817710200	인천광역시 미추홀구 용현동	4**	단독	12m미만	280.52	220.5	201804	6	59900	1968	인주대로123번길
2817710200	인천광역시 미추홀구 용현동	5**	단독	25m미만	144.45	240.4	201804	27	72500	1979	토금북로
2817710500	인천광역시 미추홀구 주안동	1***	단독	8m미만	57.4	32	201804	6	6000	1994	신기길
2817710500	인천광역시 미추홀구 주안동	1***	단독	8m미만	59.28	35	201804	7	7000	1993	신기길
2817710500	인천광역시 미추홀구 주안동	2**	단독	8m미만	110.92	50.2	201804	4	28000	2015	주안서로43번길
2817710500	인천광역시 미추홀구 주안동	1***	단독	8m미만	79.2	52	201804	2	17000	1993	신기길49번길
2817710500	인천광역시 미추홀구 주안동	5**	단독	8m미만	63.17	78	201804	3	15000	1980	남주길104번길
2817710500	인천광역시 미추홀구 주안동	8**	단독	8m미만	40.66	98.5	201804	13	15000	1990	한나루로490번길
2817710500	인천광역시 미추홀구 주안동	3**	단독	8m미만	46.97	98.9	201804	3	20000	1990	경원대로821번길
2817710500	인천광역시 미추홀구 주안동	1***	단독	8m미만	52.36	102	201804	3	15800	1976	신기길
2817710500	인천광역시 미추홀구 주안동	2*	단독	25m미만	54.66	105.05	201804	18	16000	1980	석정로462번길
2817710500	인천광역시 미추홀구 주안동	8**	단독	8m미만	59.17	107	201804	24	16000	1978	신기길58번길
2817710500	인천광역시 미추홀구 주안동	1***	단독	8m미만	49.74	111	201804	5	19500	1980	인하로318번길
2817710500	인천광역시 미추홀구 주안동	6**	단독	8m미만	65.12	117.7	201804	20	20500	1973	한나루로573번길
2817710500	인천광역시 미추홀구 주안동	8**	단독	8m미만	68.65	118	201804	12	19000	1980	인하로
2817710500	인천광역시 미추홀구 주안동	5**	단독	8m미만	72.56	129.9	201804	23	22000	1977	null
2817710500	인천광역시 미추홀구 주안동	5**	단독	8m미만	77	129.9	201804	23	24000	1977	null
2817710500	인천광역시 미추홀구 주안동	7**	단독	8m미만	82	132.6	201804	9	20800	1990	한나루로464번길
2817710500	인천광역시 미추홀구 주안동	9**	단독	8m미만	182.7	132.6	201804	5	23500	1986	경인로499번길
2817710500	인천광역시 미추홀구 주안동	1***	단독	8m미만	68.48	132.8	201804	9	19160	1977	남주길
2817710500	인천광역시 미추홀구 주안동	1***	단독	12m미만	242.64	133	201804	26	37000	1987	미추홀대로597번길
2817710500	인천광역시 미추홀구 주안동	1***	단독	8m미만	199.86	133.7	201804	11	26841	1993	인주대로381번길
2817710500	인천광역시 미추홀구 주안동	5**	단독	8m미만	61.72	135	201804	4	18920	1990	남주길
2817710500	인천광역시 미추홀구 주안동	6**	단독	8m미만	71.74	136.5	201804	13	21300	1977	경인남길
2817710500	인천광역시 미추홀구 주안동	5**	단독	8m미만	71.08	139	201804	25	21286	1976	남주길
2817710500	인천광역시 미추홀구 주안동	1***	단독	8m미만	84.96	139.7	201804	11	26000	1981	경원대로781번길
2817710500	인천광역시 미추홀구 주안동	1***	단독	8m미만	84.96	140.1	201804	12	29400	1982	경원대로781번길
2817710500	인천광역시 미추홀구 주안동	1***	단독	8m미만	84.96	140.5	201804	11	27600	1981	경원대로781번길
2817710500	인천광역시 미추홀구 주안동	7**	단독	12m미만	224.38	146.1	201804	26	36000	1995	한나루로478번길
2817710500	인천광역시 미추홀구 주안동	6**	단독	8m미만	167.76	147.2	201804	26	24000	1985	한나루로527번길
2817710500	인천광역시 미추홀구 주안동	7**	단독	8m미만	155.22	147.8	201804	12	28000	1983	한나루로526번길
2817710500	인천광역시 미추홀구 주안동	3**	단독	8m미만	262.01	148.8	201804	14	34800	1990	동주길94번길
2817710500	인천광역시 미추홀구 주안동	1***	단독	8m미만	142.02	153	201804	14	31500	1978	미추홀대로575번길
2817710500	인천광역시 미추홀구 주안동	4**	단독	12m미만	140.67	158	201804	16	35000	1979	남주길
2817710500	인천광역시 미추홀구 주안동	8**	단독	8m미만	343.33	159	201804	21	36000	1989	신기길30번길
2817710500	인천광역시 미추홀구 주안동	2**	단독	8m미만	72.72	162.6	201804	15	38700	1990	null
2817710500	인천광역시 미추홀구 주안동	1***	단독	8m미만	288.72	167.3	201804	7	38000	1997	인주대로504번길
2817710500	인천광역시 미추홀구 주안동	9**	단독	8m미만	79.99	169.9	201804	17	28260	1977	경원대로858번길
2817710500	인천광역시 미추홀구 주안동	4**	단독	8m미만	47.6	170.9	201804	2	12500	1968	미추홀대로632번길
2817710500	인천광역시 미추홀구 주안동	1***	단독	8m미만	83.23	180.9	201804	3	26000	1978	null
2817710500	인천광역시 미추홀구 주안동	1***	단독	8m미만	134.11	184.5	201804	23	26783	1990	한나루로516번길
2817710500	인천광역시 미추홀구 주안동	1***	단독	12m미만	101.23	186.9	201804	6	37000	1978	미추홀대로614번길
2817710500	인천광역시 미추홀구 주안동	1*	단독	8m미만	248.9	206.1	201804	8	48440	1976	길파로20번길
2817710500	인천광역시 미추홀구 주안동	2*	단독	8m미만	87.51	209.4	201804	5	46000	1978	null
2817710500	인천광역시 미추홀구 주안동	9**	단독	8m미만	146.81	238.4	201804	10	50000	1985	경인로499번길
2817710300	인천광역시 미추홀구 학익동	*	단독	25m미만	137.74	73.51	201804	5	8000	1983	학익소로
2823710600	인천광역시 부평구 갈산동	4**	단독	12m미만	435.97	216	201804	7	93000	1994	장제로249번길
2823710700	인천광역시 부평구 부개동	1**	단독	25m미만	250.2	126	201804	10	104926	2017	부평문화로
2823710700	인천광역시 부평구 부개동	1**	단독	8m미만	140.4	128	201804	23	32540	1984	부평문화로194번길
2823710700	인천광역시 부평구 부개동	2**	단독	8m미만	93.19	148.1	201804	26	34000	1978	수변로9번길
2823710700	인천광역시 부평구 부개동	9*	단독	8m미만	151.38	170.5	201804	19	45800	2003	부흥로386번길
2823710700	인천광역시 부평구 부개동	6*	단독	25m미만	206.25	187	201804	12	53000	1989	충선로
2823710100	인천광역시 부평구 부평동	4**	다가구	12m미만	457.37	170.1	201804	17	100000	1994	부평문화로142번길
2823710100	인천광역시 부평구 부평동	7**	다가구	8m미만	237.59	185	201804	6	72800	1991	남부역로20번길
2823710100	인천광역시 부평구 부평동	4**	단독	8m미만	158.02	76.9	201804	24	71000	2017	주부토로56번길
2823710100	인천광역시 부평구 부평동	6*	단독	8m미만	62.62	86	201804	23	8000	1990	원적로471번길
2823710100	인천광역시 부평구 부평동	6**	단독	12m미만	50	92.6	201804	27	21000	1990	경인로1002번길
2823710100	인천광역시 부평구 부평동	6**	단독	8m미만	68.1	108.3	201804	27	24000	1990	경인로1002번길
2823710100	인천광역시 부평구 부평동	7**	단독	8m미만	47.27	112	201804	13	32700	1971	null
2823710100	인천광역시 부평구 부평동	1*	단독	8m미만	80	119	201804	23	23000	1978	길주남로
2823710100	인천광역시 부평구 부평동	2**	단독	8m미만	98.55	126	201804	30	20700	1985	안남로64번길
2823710100	인천광역시 부평구 부평동	6**	단독	12m미만	66	138.3	201804	27	37500	1990	경인로1002번길
2823710100	인천광역시 부평구 부평동	1*	단독	8m미만	72.52	159	201804	21	39360	1976	주부토로100번길
2823710100	인천광역시 부평구 부평동	1*	단독	25m이상	465	209	201804	9	138800	1985	장제로
2823710300	인천광역시 부평구 산곡동	8*	단독	25m미만	20	42	201804	9	16000	1990	길주로352번길
2823710300	인천광역시 부평구 산곡동	8*	단독	8m미만	30	46	201804	30	16800	1990	원적로305번길
2823710300	인천광역시 부평구 산곡동	8*	단독	8m미만	36.2	46	201804	10	16100	1985	원적로313번길
2823710300	인천광역시 부평구 산곡동	8*	단독	8m미만	21.32	53	201804	17	18400	1990	원적로321번길
2823710300	인천광역시 부평구 산곡동	7*	단독	8m미만	48.26	116	201804	23	21500	1990	길주로341번길
2823710300	인천광역시 부평구 산곡동	1*	단독	8m미만	109.63	129	201804	6	31000	1990	산청로9번길
2823710300	인천광역시 부평구 산곡동	3**	단독	8m미만	199.6	136	201804	24	23000	2008	마장로
2823710300	인천광역시 부평구 산곡동	1*	단독	8m미만	128.88	140	201804	7	40000	1990	길주로341번길
2823710300	인천광역시 부평구 산곡동	*	단독	8m미만	212.16	146	201804	17	38000	1994	마장로367번길
2823710300	인천광역시 부평구 산곡동	8*	단독	8m미만	78.33	152	201804	5	25400	1990	산곡로
2823710200	인천광역시 부평구 십정동	4**	단독	12m미만	245.89	144.8	201804	12	37000	1990	열우물로50번길
2823710200	인천광역시 부평구 십정동	4**	단독	8m미만	241.44	146	201804	9	54500	2017	아트센터로74번길
2823710200	인천광역시 부평구 십정동	4**	단독	12m미만	160.25	167.2	201804	17	45000	1900	배곶로20번길
2823710800	인천광역시 부평구 일신동	1**	단독	25m이상	164.27	80.8	201804	23	22000	1977	경인로
2823710800	인천광역시 부평구 일신동	1**	단독	8m미만	126.72	107.7	201804	9	18600	1984	경인로1118번길
2823710400	인천광역시 부평구 청천동	8*	단독	8m미만	42.98	82.6	201804	12	16460	1990	산청로75번길
2823710400	인천광역시 부평구 청천동	8*	단독	8m미만	62.61	142	201804	9	22609	1977	산청로61번길
2823710400	인천광역시 부평구 청천동	5*	단독	12m미만	205.58	147.4	201804	4	33700	1989	평천로74번길
2823710400	인천광역시 부평구 청천동	5*	단독	12m미만	173.12	149	201804	8	30700	1982	산청로109번길
2823710400	인천광역시 부평구 청천동	7*	단독	8m미만	294.3	229	201804	17	40000	1986	세월천로98번길
2826010800	인천광역시 서구 가정동	5**	다가구	8m미만	160.83	124.9	201804	8	30500	1987	가정로336번길
2826010800	인천광역시 서구 가정동	5**	단독	12m미만	209.94	168.7	201804	30	25500	1988	원창로229번길
2826011200	인천광역시 서구 가좌동	1**	단독	8m미만	112.32	107.1	201804	14	22000	1985	건지로284번길
2826011200	인천광역시 서구 가좌동	4**	단독	8m미만	207.52	135	201804	6	26500	1990	여우재로82번길
2826010300	인천광역시 서구 검암동	5**	다가구	12m미만	250.85	171	201804	20	85500	2010	검암로20번길
2826011800	인천광역시 서구 금곡동	7**	단독	12m미만	328.61	248.9	201804	17	104800	2018	완정로228번안길
2826011400	인천광역시 서구 당하동	1***	다가구	12m미만	830.76	395.5	201804	30	140000	2008	고산후로78번길
2826011300	인천광역시 서구 마전동	9**	다가구	8m미만	291.99	165.4	201804	2	52000	2007	완정로178번안길
2826011300	인천광역시 서구 마전동	*	다가구	-	632.34	421.8	201804	4	126000	2018	null
2826011300	인천광역시 서구 마전동	1***	단독	12m미만	391.83	261.3	201804	14	130000	2017	원당대로685번2길
2826011000	인천광역시 서구 석남동	5**	단독	8m미만	111.69	132.7	201804	3	22500	1984	가정로190번길
2826011000	인천광역시 서구 석남동	5**	단독	8m미만	80.92	136.8	201804	10	26000	1978	가정로190번길
2826011000	인천광역시 서구 석남동	5**	단독	8m미만	82.03	139.3	201804	10	26000	1978	null
2826011000	인천광역시 서구 석남동	5**	단독	8m미만	242.7	145.7	201804	27	37000	1991	염곡로220번길
2826011000	인천광역시 서구 석남동	5**	단독	8m미만	149.85	148.1	201804	23	24000	1984	석남로
2826011000	인천광역시 서구 석남동	5**	단독	8m미만	57.55	177.1	201804	30	32500	1977	길주로142번길
2826011000	인천광역시 서구 석남동	5**	단독	12m미만	108.12	190.9	201804	30	40500	1981	건지로249번길
2826010900	인천광역시 서구 신현동	1**	단독	8m미만	97.7	150	201804	16	28000	1980	새오개로95번길
2826010900	인천광역시 서구 신현동	1**	단독	8m미만	186.3	156	201804	2	25000	1985	염곡로327번길
2826010900	인천광역시 서구 신현동	1**	단독	8m미만	196	170	201804	11	26800	1989	새오개로48번길
2826010600	인천광역시 서구 연희동	6**	단독	12m미만	251.1	139.9	201804	8	42200	2000	연희로13번길
2826012200	인천광역시 서구 청라동	1**	다가구	12m미만	409.9	274	201804	11	154500	2013	청라커낼로329번길
2818510300	인천광역시 연수구 연수동	6**	단독	12m미만	476.1	209.2	201804	16	50000	1994	샘말로
2818510300	인천광역시 연수구 연수동	5**	단독	12m미만	197.07	213.6	201804	20	52000	1994	함박안로156번길
2818510300	인천광역시 연수구 연수동	6**	단독	12m미만	505.88	240	201804	22	106000	1994	용담로149번길
2818510300	인천광역시 연수구 연수동	5**	단독	12m미만	471.79	242.9	201804	2	71500	1995	새말로35번길
2818510100	인천광역시 연수구 옥련동	3**	단독	8m미만	89.72	188	201804	14	35600	1979	청룡로42번길
2818510100	인천광역시 연수구 옥련동	3**	단독	8m미만	89.72	188	201804	26	34300	1979	청룡로50번길
2818510400	인천광역시 연수구 청학동	4**	단독	25m미만	538.28	215.7	201804	12	93000	1998	청명로
2818510400	인천광역시 연수구 청학동	4**	단독	12m미만	585.21	222.2	201804	26	106300	2000	청능대로53번길
2872033021	인천광역시 옹진군 백령면 진촌리	4**	단독	8m미만	53.32	192	201804	6	5000	1949	사곶로
2872033021	인천광역시 옹진군 백령면 진촌리	1***	단독	8m미만	67.06	243	201804	4	6000	1983	관창길
2872036022	인천광역시 옹진군 영흥면 내리	2**	단독	8m미만	93.29	244	201804	3	20000	2017	영흥남로
2872036022	인천광역시 옹진군 영흥면 내리	1**	단독	12m미만	145.06	377	201804	10	21000	2004	영흥서로
2872036022	인천광역시 옹진군 영흥면 내리	1***	단독	8m미만	173.63	462	201804	15	29000	2011	내동로131번길
2872036023	인천광역시 옹진군 영흥면 선재리	4**	단독	8m미만	77.3	264	201804	9	5500	1950	선재로140번길
2872036021	인천광역시 옹진군 영흥면 외리	6*	다가구	12m미만	568.13	575	201804	13	49600	2012	영흥남로
2872036021	인천광역시 옹진군 영흥면 외리	7**	단독	12m미만	544.65	682	201804	14	39860	2004	영흥남로
2872037023	인천광역시 옹진군 자월면 승봉리	5**	단독	8m미만	170.85	342.19	201804	25	13100	2003	승봉로113번길
2811013400	인천광역시 중구 경동	1**	단독	8m미만	52.89	36.4	201804	5	4800	1900	개항로
2811013400	인천광역시 중구 경동	9*	단독	8m미만	96.86	76	201804	6	18750	1953	개항로
2811013300	인천광역시 중구 내동	*	단독	8m미만	50	94.3	201804	18	18000	1930	자유공원로27번길
2811013300	인천광역시 중구 내동	4*	단독	8m미만	59.78	109.1	201804	25	11800	2014	개항로53번길
2811012500	인천광역시 중구 답동	1*	단독	8m미만	45.96	26.4	201804	20	4000	1961	인중로164번길
2811013800	인천광역시 중구 북성동1가	*	단독	8m미만	66.64	88	201804	20	6300	1985	제물량로335번길
2811014000	인천광역시 중구 북성동3가	*	단독	8m미만	97.73	112.1	201804	28	19000	1971	자유공원서로
2811012200	인천광역시 중구 사동	1*	단독	8m미만	104.76	126	201804	16	35000	1968	null
2811012900	인천광역시 중구 선화동	1*	단독	8m미만	346.9	193.5	201804	18	50000	2003	인중로42번길
2811014300	인천광역시 중구 송월동2가	*	단독	12m미만	123.73	118.3	201804	5	23900	1977	제물량로306번길
2811014400	인천광역시 중구 송월동3가	1*	단독	8m미만	13.2	13.23	201804	11	4000	1985	동화마을길
2811012100	인천광역시 중구 송학동3가	*	단독	12m미만	220.59	132.2	201804	3	52000	2007	신포로
2811012600	인천광역시 중구 신흥동1가	9*	단독	8m미만	16.53	39.7	201804	2	6000	1989	제물량로101번길
2811012600	인천광역시 중구 신흥동1가	3*	단독	8m미만	30.74	44	201804	30	10000	1930	null
2811012600	인천광역시 중구 신흥동1가	3*	단독	8m미만	30.74	45.5	201804	30	11800	1930	null
2811012600	인천광역시 중구 신흥동1가	3*	단독	8m미만	84.24	54.2	201804	5	14500	1993	null
2811012600	인천광역시 중구 신흥동1가	3*	단독	8m미만	48.93	69.4	201804	30	14700	1930	null
2811012600	인천광역시 중구 신흥동1가	*	단독	8m미만	55.44	118	201804	8	18204	1961	제물량로98번길
2811012700	인천광역시 중구 신흥동2가	4*	단독	12m미만	56.2	109.1	201804	16	19800	1900	서해대로449번길
2811014600	인천광역시 중구 운남동	1***	다가구	12m미만	367.72	306.6	201804	18	100000	2014	관창로
2811014600	인천광역시 중구 운남동	*	단독	8m미만	118	601	201804	2	54900	2010	백운로107번길
2811014800	인천광역시 중구 운북동	7**	단독	8m미만	113.52	572	201804	16	43000	2009	백운로457번길
2811014800	인천광역시 중구 운북동	5**	단독	-	127.29	740	201804	20	40400	2008	null
2811014700	인천광역시 중구 운서동	2***	단독	12m미만	291.57	230	201804	28	111000	2014	운서4로
2811014700	인천광역시 중구 운서동	3***	단독	12m미만	444.76	318.9	201804	5	155662	2018	햇내로안길
2811013000	인천광역시 중구 유동	*	단독	8m미만	43.52	59.5	201804	8	4900	1930	서해대로500번길
4681025021	전라남도 강진군 강진읍 동성리	2**	단독	8m미만	59.86	164	201804	9	5720	1980	사의재길
4681025023	전라남도 강진군 강진읍 서성리	1*	단독	8m미만	66.24	247	201804	18	6000	1978	서성4길
4681025023	전라남도 강진군 강진읍 서성리	5**	단독	12m미만	34.76	488	201804	4	5300	1974	솔치로
4681025023	전라남도 강진군 강진읍 서성리	2**	단독	8m미만	96.62	503	201804	30	24650	1996	서문길
4681025034	전라남도 강진군 강진읍 춘전리	8**	단독	8m미만	100.8	486	201804	19	5500	1961	지전부춘길
4681025026	전라남도 강진군 강진읍 평동리	1**	단독	12m미만	178.5	211.7	201804	3	10300	1980	영랑로
4681031029	전라남도 강진군 군동면 덕천리	8**	단독	8m미만	95.04	1107	201804	9	7200	2000	덕천2길
4681034024	전라남도 강진군 도암면 강정리	4**	단독	8m미만	32.39	413	201804	17	3000	1965	지석로
4681034022	전라남도 강진군 도암면 계라리	1**	단독	8m미만	66.08	704	201804	17	3800	1964	귀라1길
4681034025	전라남도 강진군 도암면 덕년리	4**	단독	8m미만	115.7	364	201804	3	2000	1967	신덕길
4681034028	전라남도 강진군 도암면 신기리	5**	단독	8m미만	59.4	546	201804	9	9000	1997	기전로
4681034030	전라남도 강진군 도암면 항촌리	5**	단독	12m미만	20.9	250	201804	18	2900	2014	도암중앙로
4681038023	전라남도 강진군 병영면 박동리	1**	단독	8m미만	73	291	201804	2	450	1940	한골목길
4681038026	전라남도 강진군 병영면 성남리	1**	단독	12m미만	104	72	201804	23	9800	1989	병영성로
4681038024	전라남도 강진군 병영면 성동리	2**	단독	8m미만	88	982	201804	17	3300	1981	병영사거리길
4681036029	전라남도 강진군 성전면 도림리	6**	단독	8m미만	52.8	430	201804	6	845	1944	성전도림길
4681036021	전라남도 강진군 성전면 월남리	1**	단독	8m미만	56.3	512	201804	24	1091	1976	상월길
4681036024	전라남도 강진군 성전면 월평리	4**	단독	12m미만	69.3	265	201804	10	4200	1981	별뫼로
4681035021	전라남도 강진군 신전면 수양리	6*	단독	8m미만	120.9	1168	201804	27	3500	1975	백도로
4681037027	전라남도 강진군 작천면 야흥리	7**	단독	8m미만	109.25	823	201804	19	2600	1996	야흥길
4677025028	전라남도 고흥군 고흥읍 서문리	6*	단독	12m미만	180.54	236	201804	5	11000	1993	흥양길
4677025025	전라남도 고흥군 고흥읍 호형리	5**	단독	8m미만	58	281	201804	28	2100	1970	호천길
4677038027	전라남도 고흥군 과역면 노일리	7**	단독	8m미만	77.3	816	201804	6	4900	1956	내로음짝길
4677039027	전라남도 고흥군 남양면 망주리	1***	단독	12m미만	77	231	201804	19	7000	2008	남양로
4677039027	전라남도 고흥군 남양면 망주리	9**	단독	8m미만	90.86	367	201804	19	1000	1997	남양로
4677039025	전라남도 고흥군 남양면 중산리	2**	단독	8m미만	54.2	575	201804	20	700	1970	운교주곡길
4677041026	전라남도 고흥군 대서면 송강리	2**	단독	8m미만	36.6	400	201804	6	3700	1944	송강2길
4677041023	전라남도 고흥군 대서면 안남리	8**	단독	8m미만	56	281	201804	12	1200	1987	거북2길
4677032024	전라남도 고흥군 도덕면 봉덕리	7**	단독	8m미만	103.4	208	201804	10	4000	1997	외봉길
4677025324	전라남도 고흥군 도양읍 봉암리	2***	단독	8m미만	1743.3	4829	201804	3	61531	1994	도양해안로
4677025323	전라남도 고흥군 도양읍 용정리	2**	단독	8m미만	52.8	226	201804	17	3300	1970	장길의길
4677025323	전라남도 고흥군 도양읍 용정리	1***	단독	8m미만	124.8	377	201804	9	8500	1999	차경길
4677025321	전라남도 고흥군 도양읍 장계리	6**	단독	8m미만	62.85	180	201804	17	1200	1970	장수산골길
4677034022	전라남도 고흥군 도화면 구암리	1**	단독	8m미만	49.58	671	201804	12	1500	1981	가인동길
4677034028	전라남도 고흥군 도화면 신호리	1***	단독	8m미만	33	453	201804	10	1500	1970	지정길
4677036027	전라남도 고흥군 봉래면 사양리	4**	단독	8m미만	52.9	304	201804	4	1000	1970	사양선창길
4677036024	전라남도 고흥군 봉래면 신금리	1***	단독	-	62.8	119	201804	21	850	1941	축정2길
4677044023	전라남도 고흥군 영남면 남열리	1***	단독	8m미만	63.7	188	201804	5	3000	1970	남열메뚝길
4677037028	전라남도 고흥군 점암면 대룡리	6**	단독	8m미만	57.1	208	201804	28	800	1970	용두원동길
4677035026	전라남도 고흥군 포두면 상대리	2**	단독	8m미만	59.5	370	201804	27	2000	1979	삼정길
4677035032	전라남도 고흥군 포두면 오취리	4**	단독	8m미만	44	344	201804	25	1500	1970	오취안길
4677035028	전라남도 고흥군 포두면 장수리	2**	단독	12m미만	82.7	123	201804	24	770	1990	해창로
4677035028	전라남도 고흥군 포두면 장수리	2*	단독	8m미만	57.58	372	201804	4	3600	1984	장수길
4677031028	전라남도 고흥군 풍양면 매곡리	6**	단독	8m미만	52.9	301	201804	4	4000	1943	매곡2길
4677031028	전라남도 고흥군 풍양면 매곡리	1**	단독	8m미만	64.5	632	201804	30	3000	2017	백석길
4672039024	전라남도 곡성군 겸면 마전리	3**	단독	8m미만	68.2	261	201804	20	1000	1999	마전길
4672025021	전라남도 곡성군 곡성읍 읍내리	1**	단독	25m미만	79.2	53	201804	19	3000	1980	중앙로
4672025021	전라남도 곡성군 곡성읍 읍내리	1**	단독	25m미만	71.5	82	201804	19	3000	1980	중앙로
4672025021	전라남도 곡성군 곡성읍 읍내리	4**	단독	8m미만	143.12	327	201804	14	23000	2013	읍내29길
4672025021	전라남도 곡성군 곡성읍 읍내리	4**	단독	8m미만	164.26	344	201804	10	8000	1979	읍내13길
4672034028	전라남도 곡성군 목사동면 대곡리	1***	단독	8m미만	81.82	681	201804	3	4600	1994	대곡소방길
4672033021	전라남도 곡성군 석곡면 석곡리	2**	단독	12m미만	72.9	132	201804	13	9000	2008	석곡로
4672033026	전라남도 곡성군 석곡면 연반리	5**	단독	8m미만	110.8	529	201804	17	2080	1944	연동길
4672033026	전라남도 곡성군 석곡면 연반리	1***	단독	8m미만	56.81	816	201804	23	4200	2011	연반여운길
4672031029	전라남도 곡성군 오곡면 구성리	2**	단독	8m미만	54.45	301	201804	20	850	1948	구성길
4672040027	전라남도 곡성군 오산면 청단리	3**	단독	8m미만	82	368	201804	2	4400	1942	청단길
4672037023	전라남도 곡성군 옥과면 리문리	4**	단독	12m미만	338.78	308	201804	16	48500	2008	리문5길
4672037028	전라남도 곡성군 옥과면 수리	5**	단독	8m미만	66	228	201804	24	3000	1960	신수길
4672038028	전라남도 곡성군 입면 제월리	3*	단독	12m미만	209.36	659	201804	30	9700	1987	청계동로
4623025035	전라남도 광양시 광양읍 덕례리	1***	단독	8m미만	550.72	369	201804	26	76500	2016	예구4길
4623025025	전라남도 광양시 광양읍 목성리	7**	단독	8m미만	54.88	185	201804	28	14300	1968	목성4길
4623025034	전라남도 광양시 광양읍 세풍리	1***	단독	8m미만	39.6	400	201804	23	4800	1959	해창길
4623025031	전라남도 광양시 광양읍 인동리	2**	단독	8m미만	26.4	53	201804	16	4650	1937	남문2길
4623025032	전라남도 광양시 광양읍 인서리	4**	단독	8m미만	135.08	216.2	201804	2	18450	2008	인서9길
4623025023	전라남도 광양시 광양읍 칠성리	9**	단독	8m미만	92.9	172.4	201804	6	10000	1988	인덕3길
4623025023	전라남도 광양시 광양읍 칠성리	2**	단독	8m미만	26.44	245	201804	2	8100	1935	읍성2길
4623036022	전라남도 광양시 다압면 도사리	1***	단독	12m미만	167.94	320	201804	4	6006	1997	용무정길
4623010700	전라남도 광양시 마동	6**	단독	8m미만	64.5	277	201804	12	25140	1960	마흘길
4623033022	전라남도 광양시 옥곡면 대죽리	1***	단독	12m미만	84.8	183	201804	17	3000	1993	옥실로
4623033025	전라남도 광양시 옥곡면 장동리	4**	단독	8m미만	87.6	331	201804	5	9000	1997	장동1길
4623032024	전라남도 광양시 옥룡면 동곡리	1***	단독	-	71.5	291	201804	19	13000	2017	null
4623010600	전라남도 광양시 중동	1***	단독	12m미만	421.29	229.7	201804	24	50000	2010	중촌길
4623034022	전라남도 광양시 진상면 섬거리	6**	단독	8m미만	119.21	340	201804	3	6450	1987	섬거1길
4673032021	전라남도 구례군 간전면 간문리	1**	단독	8m미만	74.4	415	201804	16	10000	1956	해평길
4673035022	전라남도 구례군 광의면 방광리	6**	단독	8m미만	76.98	300	201804	18	11000	1997	방광길
4673025023	전라남도 구례군 구례읍 백련리	5**	단독	12m미만	87.78	321.1	201804	30	22000	2010	택지1길
4673025022	전라남도 구례군 구례읍 봉남리	2**	단독	8m미만	49.8	227	201804	2	12500	1982	봉남길
4673025021	전라남도 구례군 구례읍 봉동리	5**	단독	8m미만	76.68	268	201804	27	22500	1980	북교뒷길
4673025030	전라남도 구례군 구례읍 봉북리	3**	단독	8m미만	73.75	195	201804	26	7500	1976	서당교길
4673025026	전라남도 구례군 구례읍 봉서리	9**	단독	8m미만	56.85	355	201804	30	5000	1934	봉서산정길
4673025024	전라남도 구례군 구례읍 산성리	2*	단독	8m미만	74.36	823	201804	6	8800	1930	아양길
4673034022	전라남도 구례군 마산면 광평리	6**	단독	8m미만	69.88	274	201804	12	11800	2014	광평길
4673034026	전라남도 구례군 마산면 냉천리	3**	단독	8m미만	96.78	566	201804	10	20000	2013	화엄사로
4673031021	전라남도 구례군 문척면 월전리	1**	단독	8m미만	44	198	201804	2	2800	1940	월평골목길
4673031022	전라남도 구례군 문척면 죽마리	5**	단독	8m미만	81.2	288	201804	19	3100	1950	죽연1길
4673031024	전라남도 구례군 문척면 중산리	3**	단독	8m미만	112	322	201804	10	2100	1999	중산로
4673036023	전라남도 구례군 용방면 사림리	3**	단독	8m미만	83.4	404	201804	23	4000	2002	null
4673036026	전라남도 구례군 용방면 신도리	9**	단독	8m미만	72	364	201804	15	5490	1994	가동길
4617034021	전라남도 나주시 공산면 금곡리	4**	단독	8m미만	137.8	823	201804	6	7500	1992	월비길
4617034021	전라남도 나주시 공산면 금곡리	6**	단독	8m미만	99.17	902	201804	26	16500	1935	월비길
4617011300	전라남도 나주시 과원동	5*	단독	8m미만	39.34	298	201804	24	8500	1935	금성관길
4617039021	전라남도 나주시 금천면 오강리	4**	단독	12m미만	101	169	201804	30	6100	1996	벽류길
4617039021	전라남도 나주시 금천면 오강리	3**	단독	8m미만	81.7	172	201804	27	3000	1987	세류길
4617039031	전라남도 나주시 금천면 원곡리	4**	단독	8m미만	49.31	232	201804	17	3000	1998	원곡길
4617039025	전라남도 나주시 금천면 죽촌리	5**	단독	8m미만	33	311	201804	25	800	1950	상촌길
4617025030	전라남도 나주시 남평읍 남석리	2**	단독	8m미만	92	337	201804	16	7140	1978	중남길
4617025022	전라남도 나주시 남평읍 대교리	9*	단독	8m미만	92.56	255	201804	4	4500	1945	남평2로
4617025031	전라남도 나주시 남평읍 풍림리	3**	단독	8m미만	93.43	426	201804	15	6450	1968	null
4617038026	전라남도 나주시 노안면 계림리	7**	단독	8m미만	92.23	327	201804	13	1200	1986	계림덕림길
4617038026	전라남도 나주시 노안면 계림리	2**	단독	8m미만	136.8	479	201804	16	2500	1984	계동길
4617038024	전라남도 나주시 노안면 도산리	2**	단독	8m미만	89.07	303	201804	23	3200	1925	월곡성산길
4617038028	전라남도 나주시 노안면 용산리	1**	단독	8m미만	132.9	605	201804	7	3900	1925	기룡길
4617036029	전라남도 나주시 다시면 문동리	2**	단독	8m미만	111.5	453	201804	18	6370	1953	문동송촌길
4617036029	전라남도 나주시 다시면 문동리	5**	단독	8m미만	83.13	726	201804	24	8200	1994	학정길
4617036031	전라남도 나주시 다시면 송촌리	1**	단독	8m미만	73	461	201804	19	1200	1924	송촌송정길
4617011600	전라남도 나주시 대호동	1***	단독	25m미만	386.4	226.3	201804	22	65700	2013	대호길
4617011600	전라남도 나주시 대호동	7**	단독	8m미만	131.85	515	201804	26	40000	2012	정렬사길
4617013100	전라남도 나주시 동수동	1**	단독	8m미만	61.62	464	201804	30	1800	1987	동방1길
4617037024	전라남도 나주시 문평면 동원리	2**	단독	12m미만	52.53	87	201804	26	1300	1996	문평로
4617037030	전라남도 나주시 문평면 산호리	9**	단독	8m미만	46	1067	201804	10	3000	1930	산호평산길
4617033024	전라남도 나주시 반남면 덕산리	3**	단독	8m미만	110.87	352	201804	4	6200	1995	덕산용산길
4617033025	전라남도 나주시 반남면 신촌리	7**	단독	8m미만	60	281	201804	16	500	1942	청송로
4617043024	전라남도 나주시 봉황면 송현리	6*	단독	8m미만	64.53	330	201804	20	3000	2006	송현원봉길
4617043024	전라남도 나주시 봉황면 송현리	5*	단독	8m미만	101.85	658	201804	26	10000	2009	송현원봉길
4617043032	전라남도 나주시 봉황면 욱곡리	8**	단독	8m미만	63	215	201804	23	4000	1969	예동길
4617043032	전라남도 나주시 봉황면 욱곡리	8**	단독	8m미만	70.86	655	201804	11	4000	2008	null
4617043025	전라남도 나주시 봉황면 장성리	1**	단독	8m미만	60	248	201804	6	2625	1980	두함길
4617043021	전라남도 나주시 봉황면 죽석리	9*	단독	12m미만	57	93	201804	2	3500	1983	금봉로
4617043030	전라남도 나주시 봉황면 황용리	*	단독	8m미만	256.8	985	201804	4	2826	1960	장서길
4617010700	전라남도 나주시 산정동	*	단독	25m미만	44.56	181	201804	26	9100	1978	영산로
4617040028	전라남도 나주시 산포면 내기리	8**	단독	8m미만	103.56	621	201804	25	17700	2002	내기2길
4617040021	전라남도 나주시 산포면 매성리	1**	단독	8m미만	84.06	284	201804	16	8355	1997	마성1길
4617040022	전라남도 나주시 산포면 신도리	1**	단독	8m미만	99.63	453	201804	26	18000	1999	새벽길
4617010400	전라남도 나주시 삼영동	1**	단독	8m미만	23.14	43	201804	9	2500	1944	영산포로
4617031024	전라남도 나주시 세지면 동곡리	*	단독	8m미만	132	486	201804	27	3500	1995	지동탑동길
4617010200	전라남도 나주시 송월동	1***	단독	8m미만	474.91	316.8	201804	16	69160	2018	송월15길
4617010200	전라남도 나주시 송월동	1***	단독	8m미만	658.14	497.7	201804	16	101179	2018	송월14길
4617010200	전라남도 나주시 송월동	1***	단독	8m미만	658.48	533	201804	16	103259	2018	송월10길
4617010200	전라남도 나주시 송월동	1***	단독	8m미만	658.14	539	201804	16	103114	2018	송월12길
4617010200	전라남도 나주시 송월동	1***	단독	12m미만	659.8	582.1	201804	16	107872	2018	송월7길
4617012300	전라남도 나주시 영산동	1*	단독	8m미만	51.85	93	201804	4	1500	1995	골모실길
4617012300	전라남도 나주시 영산동	3*	단독	12m미만	40.28	102	201804	10	2200	1950	골모실길
4617032021	전라남도 나주시 왕곡면 덕산리	5**	단독	8m미만	83.64	463	201804	10	4000	1994	덕실길
4617032023	전라남도 나주시 왕곡면 옥곡리	5*	단독	8m미만	47.2	651	201804	17	4400	1945	가르뫼길
4671033530	전라남도 담양군 가사문학면 가암리	8*	단독	8m미만	75.97	475	201804	23	9000	2001	혈암길
4671033523	전라남도 담양군 가사문학면 연천리	2**	단독	8m미만	162.93	605	201804	6	22300	1993	null
4671032029	전라남도 담양군 고서면 동운리	7**	단독	8m미만	87.4	258	201804	19	4400	1990	동산촌길
4671032029	전라남도 담양군 고서면 동운리	1***	단독	8m미만	63.08	581	201804	20	13800	1960	가사문학로
4671032023	전라남도 담양군 고서면 분향리	2**	단독	8m미만	110.75	421	201804	19	6750	1998	잣정길
4671037026	전라남도 담양군 금성면 덕성리	7**	단독	8m미만	70.03	516	201804	22	6100	1964	덕성길
4671025024	전라남도 담양군 담양읍 객사리	1**	단독	8m미만	66.63	136	201804	24	7500	1986	객사6길
4671025029	전라남도 담양군 담양읍 양각리	8*	단독	8m미만	45.1	205	201804	19	7200	1945	시산1길
4671025029	전라남도 담양군 담양읍 양각리	2**	단독	8m미만	98.96	506	201804	9	27000	2011	사미정길
4671035027	전라남도 담양군 대덕면 운암리	7**	단독	8m미만	58.8	394	201804	2	4300	1994	하운길
4671041032	전라남도 담양군 대전면 갑향리	6**	단독	8m미만	141.55	585	201804	16	13000	1994	사성길
4671041022	전라남도 담양군 대전면 평장리	2**	단독	12m미만	103.88	453	201804	5	20500	1976	대치5길
4671041030	전라남도 담양군 대전면 행성리	6**	단독	8m미만	120.83	330	201804	12	12060	2004	덕진옥산길
4671036028	전라남도 담양군 무정면 덕곡리	4**	단독	8m미만	71.5	516	201804	2	6300	1919	덕곡길
4671036032	전라남도 담양군 무정면 동강리	3**	단독	8m미만	83.62	509	201804	30	10000	1994	강정자길
4671036024	전라남도 담양군 무정면 영천리	5**	단독	8m미만	80.7	277	201804	20	12000	1972	죽산길
4671031026	전라남도 담양군 봉산면 유산리	3**	단독	8m미만	58.81	324	201804	21	7000	1960	유산길
4671040021	전라남도 담양군 수북면 나산리	5**	단독	12m미만	82	195	201804	5	10000	1996	하촌길
4671040026	전라남도 담양군 수북면 오정리	7**	단독	8m미만	86.4	895	201804	4	34000	2012	덕진옥산길
4671039027	전라남도 담양군 월산면 광암리	4**	단독	8m미만	99.9	660	201804	6	6900	2003	사암길
4671039027	전라남도 담양군 월산면 광암리	4**	단독	8m미만	271.3	697	201804	20	27000	2010	사암길
4671039026	전라남도 담양군 월산면 신계리	7*	단독	8m미만	171.1	396	201804	14	9500	1993	박산길
4671034031	전라남도 담양군 창평면 광덕리	6**	단독	8m미만	61.6	291	201804	7	9400	1973	조현길
4671034026	전라남도 담양군 창평면 의항리	3**	단독	8m미만	103.74	443	201804	26	17500	1978	신기길
4611012100	전라남도 목포시 광동3가	*	단독	12m미만	56.19	29.8	201804	2	1500	1936	삼학로18번길
4611015500	전라남도 목포시 금화동	1*	단독	8m미만	39.67	294	201804	17	4500	1955	해안로105번길
4611010400	전라남도 목포시 대성동	1**	단독	8m미만	56.2	76	201804	4	1500	1935	만세로35번길
4611010400	전라남도 목포시 대성동	1**	단독	8m미만	47.93	99	201804	26	3000	1971	마파지로
4611011700	전라남도 목포시 복만동	1*	단독	8m미만	40.99	46.3	201804	26	2500	1937	영산로
4611010600	전라남도 목포시 북교동	6*	단독	8m미만	31.4	66.1	201804	17	2800	1935	북교길
4611010200	전라남도 목포시 산정동	3**	단독	8m미만	94.41	34	201804	10	6200	1983	null
4611010200	전라남도 목포시 산정동	1***	단독	8m미만	28.43	50	201804	21	1200	1979	신촌로16번길
4611010200	전라남도 목포시 산정동	1***	단독	8m미만	41.65	79	201804	16	2800	1995	산대로36번길
4611010200	전라남도 목포시 산정동	1***	단독	8m미만	39.66	100.1	201804	25	5250	1983	고하대로652번길
4611010200	전라남도 목포시 산정동	1***	단독	8m미만	60.06	100.1	201804	12	5900	1983	터진목로15번길
4611010200	전라남도 목포시 산정동	1***	단독	8m미만	39.66	105	201804	19	10600	2004	원산로51번길
4611010200	전라남도 목포시 산정동	1***	단독	8m미만	39.66	113.9	201804	10	3700	1978	둥근섬로47번길
4611010200	전라남도 목포시 산정동	1***	단독	8m미만	39.66	115.7	201804	2	6150	1978	남해로3번길
4611010200	전라남도 목포시 산정동	1***	단독	12m미만	75.52	119	201804	10	6500	1975	산정로63번길
4611010200	전라남도 목포시 산정동	1***	단독	8m미만	118.56	126.6	201804	4	10400	1979	동명주택길17번길
4611010200	전라남도 목포시 산정동	1***	단독	25m미만	154	129.8	201804	11	9000	1990	북항주택로26번길
4611010200	전라남도 목포시 산정동	1***	단독	12m미만	246.24	138.8	201804	16	19500	1990	산정로47번길
4611010200	전라남도 목포시 산정동	1***	단독	12m미만	91.5	180	201804	16	15000	1978	산정로150번길
4611010200	전라남도 목포시 산정동	1***	단독	12m미만	163.23	180.2	201804	4	14500	1991	고하대로642번길
4611010200	전라남도 목포시 산정동	1***	단독	12m미만	95.21	186.4	201804	24	11000	1983	동명들목로
4611010200	전라남도 목포시 산정동	1***	단독	12m미만	174.98	188.5	201804	23	17000	1994	입암천남로77번길
4611010200	전라남도 목포시 산정동	1***	단독	25m미만	202.61	194	201804	17	16000	2005	신촌로
4611010200	전라남도 목포시 산정동	1**	단독	8m미만	80.85	245	201804	14	4600	1978	철로마을길3번길
4611010200	전라남도 목포시 산정동	1***	단독	25m미만	292.71	330.7	201804	23	20000	1988	동명로
4611015800	전라남도 목포시 상동	7**	단독	8m미만	95.76	207.7	201804	3	13800	1994	상리로15번길
4611011600	전라남도 목포시 상락동2가	*	단독	25m미만	216.21	82.6	201804	22	24000	1980	영산로
4611016000	전라남도 목포시 석현동	1**	단독	8m미만	39.67	337	201804	1	6200	1975	신지마을3길
4611016000	전라남도 목포시 석현동	1**	단독	8m미만	39.67	337	201804	21	6200	1975	신지마을3길
4611010300	전라남도 목포시 연산동	1***	단독	25m미만	345.5	187.4	201804	23	67000	2016	연산백련로
4611010300	전라남도 목포시 연산동	7**	단독	8m미만	41	1009	201804	7	26000	2007	까치머리길
4611012300	전라남도 목포시 영해동2가	*	단독	12m미만	68.23	62.8	201804	24	8100	2000	번화로
4611016400	전라남도 목포시 옥암동	1***	단독	12m미만	328.82	231	201804	2	60000	2011	당가두로38번길
4611016400	전라남도 목포시 옥암동	1***	단독	12m미만	130.41	232.2	201804	30	25000	2008	당가두로38번길
4611016400	전라남도 목포시 옥암동	1***	단독	12m미만	231.62	333.9	201804	6	71046	2017	남악로162번길
4611015600	전라남도 목포시 온금동	5*	단독	8m미만	47.27	132	201804	2	3300	1935	올뫼나루길
4611010100	전라남도 목포시 용당동	9**	단독	12m미만	48.73	69	201804	19	3050	1980	용두로14번길
4611010100	전라남도 목포시 용당동	9**	단독	8m미만	56.8	83	201804	11	4915	1983	용당로151번길
4611010100	전라남도 목포시 용당동	1***	단독	8m미만	85.71	85	201804	30	3800	1983	용당로151번길
4611010100	전라남도 목포시 용당동	9**	단독	8m미만	61.15	123	201804	17	2300	1977	동부로18번길
4611010100	전라남도 목포시 용당동	1***	단독	12m미만	197.98	124.6	201804	9	18000	1986	동부로21번길
4611010100	전라남도 목포시 용당동	1***	단독	12m미만	120.23	142.8	201804	20	7500	1982	용두로14번길
4611010100	전라남도 목포시 용당동	1**	단독	12m미만	144.8	146	201804	20	15850	1991	용당로160번길
4611010100	전라남도 목포시 용당동	1***	단독	25m미만	173.8	146.8	201804	9	31000	1988	산정로186번길
4611010100	전라남도 목포시 용당동	1***	단독	12m미만	128.91	147.4	201804	26	16000	1987	동부로11번길
4611010100	전라남도 목포시 용당동	9**	단독	8m미만	77.69	151	201804	13	7900	1985	용당로262번길
4611010100	전라남도 목포시 용당동	9**	단독	12m미만	84.56	159	201804	16	12200	1984	동목포길
4611010100	전라남도 목포시 용당동	3**	단독	12m미만	99.42	160	201804	9	22000	2016	용당로264번길
4611010100	전라남도 목포시 용당동	1***	단독	12m미만	71.07	168.9	201804	13	5200	1972	동부로17번길
4611010100	전라남도 목포시 용당동	9**	단독	8m미만	135.36	169	201804	19	11500	1980	용두로14번길
4611010100	전라남도 목포시 용당동	9**	단독	12m미만	78.34	171	201804	7	13200	1979	동부로46번길
4611010100	전라남도 목포시 용당동	9**	단독	8m미만	73.71	186	201804	4	6100	1978	동목포길12번길
4611010100	전라남도 목포시 용당동	1***	단독	25m미만	177.38	193.8	201804	12	14500	1985	용해로
4611010100	전라남도 목포시 용당동	1***	단독	12m미만	122.3	195.4	201804	26	16000	1977	동부로5번길
4611010100	전라남도 목포시 용당동	9**	단독	8m미만	83.96	196	201804	16	12300	1980	동부로46번길
4611010100	전라남도 목포시 용당동	9**	단독	8m미만	97.12	200	201804	25	10000	1988	소영길49번길
4611010100	전라남도 목포시 용당동	9**	단독	8m미만	71.06	205	201804	6	9200	1979	산정로
4611010100	전라남도 목포시 용당동	1***	단독	12m미만	81.66	223.6	201804	11	7700	1979	산정로134번길
4611015900	전라남도 목포시 용해동	2**	단독	8m미만	92.51	176	201804	9	9400	1978	내동길
4611015900	전라남도 목포시 용해동	3**	단독	8m미만	64.4	187	201804	24	9500	1978	용당로266번길
4611015900	전라남도 목포시 용해동	9**	단독	12m미만	364.98	212.9	201804	18	50600	2014	용당로331번길
4611015700	전라남도 목포시 죽교동	1**	단독	12m미만	37.36	93	201804	13	2250	1935	북교길
4611015700	전라남도 목포시 죽교동	5**	단독	8m미만	73.92	106	201804	19	5000	1985	북항로78번길
4611015700	전라남도 목포시 죽교동	5**	단독	8m미만	153.22	125	201804	11	11000	1993	북항로108번길
4611015700	전라남도 목포시 죽교동	3**	단독	8m미만	37.02	132	201804	25	5400	1946	노적봉길42번길
4611015700	전라남도 목포시 죽교동	4*	단독	8m미만	307.09	574	201804	6	32100	2007	죽교길11번길
4611011400	전라남도 목포시 측후동	*	단독	12m미만	286.56	325.5	201804	5	40632	1989	영산로73번길
4611010800	전라남도 목포시 호남동	5**	단독	8m미만	67.76	119	201804	19	4400	1973	산정로37번길
4611010800	전라남도 목포시 호남동	2**	단독	8m미만	126.32	188	201804	21	7600	1981	잔등로8번길
4684032025	전라남도 무안군 몽탄면 당호리	4**	단독	8m미만	125.61	769	201804	24	3174	1991	신흥동길
4684025026	전라남도 무안군 무안읍 고절리	4**	단독	8m미만	131.53	570	201804	25	4500	1925	본고절길
4684025024	전라남도 무안군 무안읍 교촌리	2**	단독	8m미만	128	354	201804	12	5000	1900	교촌길
4684025022	전라남도 무안군 무안읍 성동리	7**	단독	25m미만	571.44	1262	201804	16	131825	2018	무안로
4684025622	전라남도 무안군 삼향읍 남악리	1***	단독	12m미만	329.76	213	201804	13	43500	2012	남악5로52번길
4684025624	전라남도 무안군 삼향읍 맥포리	6**	단독	8m미만	62.8	552	201804	4	3000	1958	맥포길
4684025623	전라남도 무안군 삼향읍 용포리	6**	단독	-	87.7	575	201804	25	1500	1930	null
4684037024	전라남도 무안군 운남면 내리	1***	단독	8m미만	54	321	201804	10	2540	1998	신월로
4684037022	전라남도 무안군 운남면 동암리	2**	단독	8m미만	37	330	201804	3	1500	2001	용동길
4684025333	전라남도 무안군 일로읍 감돈리	4**	단독	8m미만	92.55	512	201804	9	3000	1964	감돈길
4684025326	전라남도 무안군 일로읍 월암리	1**	단독	8m미만	66.12	132	201804	26	3500	1946	일로신흥길
4684025325	전라남도 무안군 일로읍 의산리	4**	단독	8m미만	132.39	744	201804	19	26500	2015	인의로
4684033026	전라남도 무안군 청계면 구로리	2**	단독	8m미만	62.1	307	201804	5	4000	1975	관동길
4684033031	전라남도 무안군 청계면 서호리	1**	단독	8m미만	46.2	363.5	201804	24	700	1970	청계신기길
4684036027	전라남도 무안군 해제면 덕산리	8**	단독	8m미만	58.53	553	201804	5	1700	1988	슬산길
4684034028	전라남도 무안군 현경면 수양리	1**	단독	8m미만	91.4	615	201804	20	1000	1973	석북길
4684034023	전라남도 무안군 현경면 평산리	1***	단독	8m미만	99.92	262	201804	5	9000	2013	현시길
4678038023	전라남도 보성군 득량면 예당리	3**	단독	8m미만	74.11	157	201804	27	3200	1994	예당초교길
4678038023	전라남도 보성군 득량면 예당리	7**	단독	8m미만	83.88	533	201804	14	14250	2012	득량호동길
4678036027	전라남도 보성군 문덕면 양동리	7**	단독	8m미만	42.97	238	201804	2	2500	1947	문덕내동길
4678032024	전라남도 보성군 미력면 용정리	3**	단독	8m미만	48.26	255	201804	30	2200	1957	null
4678025325	전라남도 보성군 벌교읍 낙성리	6**	단독	8m미만	72	496	201804	2	940	1981	벌교용동길
4678025321	전라남도 보성군 벌교읍 벌교리	5**	단독	8m미만	61.25	224	201804	11	1302	1958	월곡길
4678025339	전라남도 보성군 벌교읍 장양리	8**	단독	8m미만	63.7	334	201804	13	2600	1949	양동길
4678025330	전라남도 보성군 벌교읍 척령리	8*	단독	8m미만	83.6	281	201804	11	1170	1930	원동안길
4678025338	전라남도 보성군 벌교읍 회정리	6*	단독	8m미만	49.59	231	201804	6	1700	1978	하고길
4678025021	전라남도 보성군 보성읍 보성리	7**	단독	8m미만	290.79	139	201804	20	25713	2016	인사길
4678025030	전라남도 보성군 보성읍 용문리	1**	단독	8m미만	83.64	660	201804	2	5000	2012	와장길
4678025028	전라남도 보성군 보성읍 원봉리	*	단독	8m미만	403.2	5293	201804	13	139158	1976	현충로
4678025025	전라남도 보성군 보성읍 쾌상리	9**	단독	8m미만	68.12	364	201804	16	3500	1988	자세길
4678035022	전라남도 보성군 복내면 반석리	3**	단독	8m미만	96.57	744	201804	10	6500	2010	서리실길
4678037031	전라남도 보성군 조성면 동촌리	7**	단독	8m미만	64.7	380	201804	2	1270	1998	조성수촌길
4678037021	전라남도 보성군 조성면 조성리	1**	단독	8m미만	90.06	218	201804	6	6800	2018	조성은곡길
4678037026	전라남도 보성군 조성면 축내리	1**	단독	8m미만	1196.56	990	201804	3	52000	2011	삼정한옥길
4678039026	전라남도 보성군 회천면 영천리	6**	단독	8m미만	88.08	1154	201804	10	13600	2014	영천길
4615010900	전라남도 순천시 가곡동	9**	단독	12m미만	76.65	189.2	201804	5	10500	1982	가곡2길
4615010600	전라남도 순천시 금곡동	7*	단독	8m미만	46.28	175	201804	26	8000	1935	행금길
4615011600	전라남도 순천시 남정동	5**	단독	25m이상	131.94	140.5	201804	9	33000	1982	남산로
4615011600	전라남도 순천시 남정동	5**	단독	12m미만	128.71	171.2	201804	27	19000	1989	장평13길
4615011600	전라남도 순천시 남정동	2**	단독	12m미만	106.4	172	201804	6	19000	1984	남정4길
4615011600	전라남도 순천시 남정동	1**	단독	12m미만	113.04	196	201804	2	11800	1983	남정4길
4615011300	전라남도 순천시 덕암동	3**	단독	8m미만	48.6	228	201804	19	10350	1971	덕암삼거리길
4615012200	전라남도 순천시 동외동	1**	단독	8m미만	55	39.62	201804	3	3000	1981	북부시장3길
4615012200	전라남도 순천시 동외동	1**	단독	12m미만	210.55	86	201804	6	40000	1979	북문길
4615012200	전라남도 순천시 동외동	1**	단독	8m미만	42.31	106	201804	26	8300	1900	감사터2길
4615012200	전라남도 순천시 동외동	5*	단독	8m미만	86.73	205	201804	3	8400	1976	성동2길
4615010700	전라남도 순천시 매곡동	2*	단독	8m미만	41.05	73	201804	6	5500	1994	북문5길
4615010700	전라남도 순천시 매곡동	4*	단독	12m미만	165.45	176	201804	2	22400	2007	매곡길
4615010700	전라남도 순천시 매곡동	1**	단독	8m미만	49.26	350	201804	30	10600	1900	매곡1길
4615039026	전라남도 순천시 별량면 쌍림리	5**	단독	8m미만	184.17	660	201804	30	6700	1994	상림길
4615040022	전라남도 순천시 상사면 응령리	6**	단독	8m미만	188.78	950	201804	12	29500	2013	매재길
4615011200	전라남도 순천시 생목동	3*	단독	25m미만	72.44	123	201804	2	7700	1974	이수로
4615011200	전라남도 순천시 생목동	4*	단독	8m미만	77.13	207	201804	10	12800	1983	이수1길
4615032025	전라남도 순천시 서면 동산리	2*	단독	8m미만	87.68	271	201804	14	15000	1990	북차길
4615032025	전라남도 순천시 서면 동산리	8**	단독	8m미만	98.82	303.8	201804	24	20000	1996	임촌동2길
4615032028	전라남도 순천시 서면 선평리	4**	단독	8m미만	63.02	457	201804	3	31000	2018	백강로
4615032021	전라남도 순천시 서면 학구리	9**	단독	8m미만	73.26	960	201804	20	9000	1998	송치길
4615010800	전라남도 순천시 석현동	7*	단독	8m미만	99.7	98	201804	6	12000	1988	null
4615010800	전라남도 순천시 석현동	6**	단독	8m미만	128.67	663	201804	27	28000	2015	조비길
4615036032	전라남도 순천시 송광면 이읍리	4**	단독	8m미만	67.8	467	201804	23	2300	1952	상이읍길
4615036033	전라남도 순천시 송광면 장안리	9**	단독	8m미만	33	1173	201804	27	2500	2012	월은길
4615013000	전라남도 순천시 안풍동	7**	단독	8m미만	54	173	201804	23	2650	1993	null
4615011400	전라남도 순천시 연향동	1***	단독	12m미만	170.84	179.2	201804	27	38000	2001	대석4길
4615011400	전라남도 순천시 연향동	1***	단독	25m미만	220.88	197.2	201804	2	59900	1995	연향번영길
4615011400	전라남도 순천시 연향동	1***	단독	12m미만	360.4	252.2	201804	24	71000	2011	팔마2길
4615010400	전라남도 순천시 옥천동	1**	단독	12m미만	136.35	166	201804	26	14000	1981	서문로
4615011000	전라남도 순천시 용당동	3**	단독	8m미만	126.27	201	201804	23	25000	1989	업동2길
4615011700	전라남도 순천시 인제동	4*	단독	8m미만	33.06	113	201804	30	7000	1963	우석4길
4615011700	전라남도 순천시 인제동	1**	단독	25m미만	170.63	221	201804	4	21300	1978	저전길
4615011900	전라남도 순천시 장천동	2*	단독	8m미만	66.45	153	201804	24	16100	1973	장천안길
4615011900	전라남도 순천시 장천동	2**	단독	12m미만	52.8	228	201804	23	18000	2000	장명1길
4615011900	전라남도 순천시 장천동	3*	단독	8m미만	57.6	264.1	201804	28	19000	1990	장천2길
4615011900	전라남도 순천시 장천동	2*	단독	12m미만	186.06	634.4	201804	13	42500	1982	장천안길
4615011800	전라남도 순천시 저전동	5*	단독	8m미만	26.45	73	201804	2	2800	1900	저전2길
4615011800	전라남도 순천시 저전동	9*	단독	8m미만	68.1	188	201804	18	6350	1975	저전남산길
4615011100	전라남도 순천시 조곡동	2**	단독	8m미만	46.96	69	201804	11	3648	2005	율전1길
4615011100	전라남도 순천시 조곡동	1**	단독	8m미만	37.35	102	201804	12	5000	1900	이수1길
4615011100	전라남도 순천시 조곡동	5*	단독	8m미만	144.2	125	201804	23	12000	1990	율전2길
4615011100	전라남도 순천시 조곡동	2**	단독	8m미만	69.6	148	201804	18	15000	2005	율전2길
4615011100	전라남도 순천시 조곡동	7*	단독	12m미만	69.09	192	201804	5	12400	1936	자경2길
4615011100	전라남도 순천시 조곡동	4**	단독	8m미만	86.32	221	201804	3	3700	1939	둑실4길
4615011100	전라남도 순천시 조곡동	4**	단독	8m미만	37.2	298	201804	9	13500	1900	둑실4길
4615011100	전라남도 순천시 조곡동	4**	단독	8m미만	70.41	370	201804	4	27500	1963	둑실4길
4615011100	전라남도 순천시 조곡동	3**	단독	8m미만	75.33	403	201804	5	29500	1989	용당둑길
4615013300	전라남도 순천시 조례동	1***	단독	8m미만	66.45	241	201804	16	20000	1974	봉화1길
4615013300	전라남도 순천시 조례동	*	단독	8m미만	129.13	851	201804	14	21000	2009	순광로
4615011500	전라남도 순천시 풍덕동	1***	단독	8m미만	109.06	145.6	201804	18	17000	1986	장평3길
4615011500	전라남도 순천시 풍덕동	8**	단독	25m미만	220.8	152.7	201804	15	35000	2005	풍덕주택3길
4615011500	전라남도 순천시 풍덕동	1***	단독	8m미만	86.61	179.4	201804	16	11500	2000	풍덕5길
4615011500	전라남도 순천시 풍덕동	1***	단독	12m미만	328.59	201.1	201804	20	24200	1994	풍덕3길
4615031024	전라남도 순천시 해룡면 대안리	9**	단독	8m미만	99.87	539	201804	18	21300	2000	소안길
4615031023	전라남도 순천시 해룡면 상삼리	6**	다가구	12m미만	483.6	215	201804	30	40600	1995	조례못등2길
4615031023	전라남도 순천시 해룡면 상삼리	6**	단독	12m미만	49.88	180.6	201804	17	17000	1998	조례못등3길
4615031023	전라남도 순천시 해룡면 상삼리	6**	단독	12m미만	179.28	180.6	201804	9	27000	1997	조례못등3길
4615031023	전라남도 순천시 해룡면 상삼리	6**	단독	12m미만	270.56	206.2	201804	6	37500	1995	조례못등3길
4615031023	전라남도 순천시 해룡면 상삼리	6**	단독	12m미만	393.08	208.2	201804	11	58000	2011	조례못등2길
4615031023	전라남도 순천시 해룡면 상삼리	6**	단독	25m미만	390.87	211.4	201804	17	60000	2011	상대석길
4615031023	전라남도 순천시 해룡면 상삼리	6**	단독	25m미만	485.48	220.5	201804	12	59000	1996	상대석길
4615031023	전라남도 순천시 해룡면 상삼리	6**	단독	12m미만	542.57	253.3	201804	18	59800	2002	장선배기길
4615031023	전라남도 순천시 해룡면 상삼리	6**	단독	25m미만	497.3	313.5	201804	10	69700	2006	상대석길
4615031022	전라남도 순천시 해룡면 신대리	2***	단독	12m미만	449.15	300.5	201804	2	89500	2016	송산4길
4615031030	전라남도 순천시 해룡면 호두리	8**	단독	8m미만	45.9	336	201804	27	8200	1972	호두구상길
4691035024	전라남도 신안군 도초면 오류리	1***	단독	8m미만	61.2	545	201804	17	4122	1947	시목길
4691035022	전라남도 신안군 도초면 지남리	1***	단독	8m미만	51.6	549	201804	30	500	1990	도초서길
4691040039	전라남도 신안군 안좌면 대우리	3**	단독	8m미만	65.8	502	201804	16	760	1937	김환기길
4691032023	전라남도 신안군 임자면 광산리	5**	단독	8m미만	32.7	410	201804	27	6800	1920	null
4691032023	전라남도 신안군 임자면 광산리	1**	단독	8m미만	59.8	512	201804	11	4000	1953	임자로
4691031021	전라남도 신안군 증도면 증동리	1***	단독	8m미만	399.5	500	201804	9	23300	2003	보물섬길
4613010300	전라남도 여수시 공화동	8**	단독	8m미만	41.86	53	201804	30	3000	1984	공화남6길
4613010300	전라남도 여수시 공화동	3**	단독	8m미만	66.93	93	201804	10	3300	1985	공화북7길
4613010300	전라남도 여수시 공화동	1***	단독	12m미만	231.18	324	201804	6	45000	2001	공화북2길
4613011200	전라남도 여수시 광무동	5**	단독	8m미만	64.34	138	201804	27	6000	1996	광무남3길
4613011200	전라남도 여수시 광무동	9**	단독	8m미만	138.58	261	201804	17	8500	1981	광무북4길
4613011700	전라남도 여수시 국동	1**	단독	8m미만	62.68	99	201804	15	4700	1978	국동9길
4613011700	전라남도 여수시 국동	1**	단독	8m미만	33.06	103	201804	11	7300	1978	국동10길
4613011700	전라남도 여수시 국동	1**	단독	8m미만	39.67	116	201804	28	9000	1978	국동15길
4613011700	전라남도 여수시 국동	1**	단독	12m미만	123.66	122	201804	18	13800	1978	국동4길
4613011700	전라남도 여수시 국동	1**	단독	12m미만	66.12	158	201804	30	9000	1978	국동13길
4613011700	전라남도 여수시 국동	1***	단독	12m미만	96.45	236.6	201804	13	24500	1999	구봉길
4613011700	전라남도 여수시 국동	1**	단독	12m미만	146.34	243	201804	11	24000	1981	국동13길
4613010900	전라남도 여수시 군자동	2**	단독	8m미만	43.79	62	201804	3	4900	1999	null
4613010900	전라남도 여수시 군자동	3**	단독	8m미만	127	195	201804	25	7000	1986	서문길
4613010900	전라남도 여수시 군자동	3**	단독	8m미만	146.73	312	201804	10	24900	1981	군자5길
4613034024	전라남도 여수시 남면 유송리	2**	단독	8m미만	71.01	121	201804	23	5000	2002	대유길
4613012600	전라남도 여수시 덕충동	1***	단독	8m미만	50.7	103	201804	16	2500	1984	덕충5길
4613012600	전라남도 여수시 덕충동	1***	단독	12m미만	84.61	103	201804	6	12000	1979	충민공원길
4613012600	전라남도 여수시 덕충동	1***	단독	25m미만	66.12	141	201804	10	5800	1973	충민로
4613025021	전라남도 여수시 돌산읍 군내리	1***	단독	12m미만	106.66	262	201804	12	12000	1965	방답길
4613025021	전라남도 여수시 돌산읍 군내리	5**	단독	8m미만	33.4	307	201804	16	9000	1969	벽송정길
4613025026	전라남도 여수시 돌산읍 서덕리	3**	단독	8m미만	73	380	201804	9	2450	1950	서기동길
4613025024	전라남도 여수시 돌산읍 율림리	2**	단독	8m미만	91.21	170	201804	10	6300	1997	소율길
4613025025	전라남도 여수시 돌산읍 죽포리	1***	단독	8m미만	107.56	226	201804	4	7800	1994	죽포1길
4613025029	전라남도 여수시 돌산읍 평사리	3**	단독	8m미만	563.04	1140	201804	19	132000	2014	계동로
4613012000	전라남도 여수시 문수동	5**	단독	8m미만	34.4	143	201804	2	6100	1948	소미1길
4613012000	전라남도 여수시 문수동	4**	단독	12m미만	345.14	197.8	201804	5	54000	2015	문수7길
4613012200	전라남도 여수시 미평동	7**	단독	12m미만	338.43	204.2	201804	28	41000	2002	양지2길
4613011400	전라남도 여수시 봉강동	4**	단독	8m미만	43.71	70	201804	9	4250	2003	봉강서3길
4613011400	전라남도 여수시 봉강동	2**	단독	25m미만	142.62	158	201804	26	17500	1982	봉강로
4613011400	전라남도 여수시 봉강동	3*	단독	8m미만	82.5	174	201804	17	5000	1981	봉강서1길
4613011400	전라남도 여수시 봉강동	3**	단독	8m미만	97.71	248	201804	16	17000	1960	버드나무길
4613011500	전라남도 여수시 봉산동	2**	단독	12m미만	140.06	131.2	201804	10	18000	1977	봉산남1길
4613011500	전라남도 여수시 봉산동	2**	단독	12m미만	96.1	143.8	201804	27	25800	1986	봉산남7길
4613011500	전라남도 여수시 봉산동	2**	단독	12m미만	133.43	152.4	201804	2	10000	1975	봉산남3길
4613011300	전라남도 여수시 서교동	3**	단독	8m미만	24.56	53	201804	17	4400	1972	서교3길
4613013500	전라남도 여수시 선원동	2**	단독	8m미만	152.02	227.4	201804	8	17000	1989	가곡길
4613013500	전라남도 여수시 선원동	1***	단독	25m이상	396.49	360.5	201804	30	77000	1900	도원로
4613013500	전라남도 여수시 선원동	1***	단독	12m미만	84.87	471.6	201804	19	38000	1996	선원5길
4613031028	전라남도 여수시 소라면 대포리	3**	단독	8m미만	70.2	433	201804	24	11500	1978	마전길
4613031021	전라남도 여수시 소라면 덕양리	1***	단독	12m미만	60	117	201804	18	4800	1981	덕양삼거리길
4613031021	전라남도 여수시 소라면 덕양리	1***	단독	8m미만	187.83	178	201804	9	8500	1993	중승길
4613031021	전라남도 여수시 소라면 덕양리	1***	단독	8m미만	75.96	242	201804	26	5500	1994	중승길
4613031024	전라남도 여수시 소라면 현천리	1**	단독	8m미만	137.45	486	201804	2	7000	1900	null
4613013300	전라남도 여수시 신기동	1**	단독	12m미만	230.65	183.2	201804	7	35000	1991	신기남1길
4613013300	전라남도 여수시 신기동	5*	단독	12m미만	119.05	217.8	201804	30	25000	1900	신기북1길
4613013300	전라남도 여수시 신기동	6*	단독	12m미만	410.22	219.2	201804	24	39600	1900	신기남3길
4613013300	전라남도 여수시 신기동	3*	단독	12m미만	108.42	232.4	201804	4	24900	1986	신기북6길
4613013300	전라남도 여수시 신기동	1*	단독	12m미만	76.12	241.1	201804	13	22800	1900	신기북3길
4613013300	전라남도 여수시 신기동	2*	단독	12m미만	163.14	251.2	201804	14	25900	1991	신기북4길
4613013000	전라남도 여수시 안산동	4**	단독	12m미만	147.9	220.2	201804	18	20000	2017	안산5길
4613013000	전라남도 여수시 안산동	4**	단독	12m미만	156.42	231.5	201804	20	23700	1996	안산5길
4613013000	전라남도 여수시 안산동	4**	단독	25m미만	105.12	250.1	201804	23	17000	1993	안산5길
4613011900	전라남도 여수시 여서동	3**	단독	8m미만	162.96	188.5	201804	17	23200	1988	여서동6길
4613012100	전라남도 여수시 오림동	4**	단독	8m미만	69.39	119.5	201804	30	12000	1990	오림3길
4613032028	전라남도 여수시 율촌면 신풍리	2**	단독	8m미만	48.5	850	201804	16	9000	1972	구암길
4613010100	전라남도 여수시 종화동	6*	단독	8m미만	56.98	112	201804	18	6750	1978	자산공원길
4613012800	전라남도 여수시 학동	*	단독	12m미만	102.9	185.5	201804	25	21450	1983	학동북4길
4613012800	전라남도 여수시 학동	1*	단독	25m이상	194.13	198.2	201804	4	38800	1900	쌍봉로
4613033028	전라남도 여수시 화양면 이목리	1***	단독	8m미만	80.88	364	201804	16	3520	1967	null
4613033024	전라남도 여수시 화양면 이천리	6**	단독	8m미만	46.64	232	201804	26	990	1980	인금이길
4613033024	전라남도 여수시 화양면 이천리	6**	단독	8m미만	63.2	314	201804	14	6200	1900	감도길
4613013700	전라남도 여수시 화장동	8**	단독	25m미만	84.69	245.8	201804	28	25500	1900	대통로
4613013700	전라남도 여수시 화장동	7**	단독	8m미만	464.25	252.1	201804	30	73500	2012	성산4길
4613013700	전라남도 여수시 화장동	7**	단독	12m미만	558.19	397	201804	30	50000	1999	화산1길
4613035030	전라남도 여수시 화정면 여자리	3**	단독	8m미만	58.3	188	201804	5	2800	1972	마파지길
4613035030	전라남도 여수시 화정면 여자리	6**	단독	8m미만	142.1	236	201804	2	3700	1957	여자대동길
4687035025	전라남도 영광군 군남면 동월리	2**	단독	8m미만	60	367	201804	19	2580	1982	봉덕로10길
4687025324	전라남도 영광군 백수읍 장산리	7**	단독	8m미만	96.16	660	201804	3	4000	1997	장산로3길
4687037021	전라남도 영광군 법성면 진내리	2**	단독	8m미만	41.97	129	201804	18	1000	1960	법성진길
4687033021	전라남도 영광군 불갑면 순용리	2**	단독	8m미만	80	433	201804	9	7107	2014	순용길
4687036027	전라남도 영광군 염산면 두우리	7**	단독	-	99.47	255	201804	25	2600	1997	null
4687036029	전라남도 영광군 염산면 옥실리	*	단독	8m미만	101.59	992.3	201804	10	6960	2014	향화로
4687025023	전라남도 영광군 영광읍 남천리	1*	단독	8m미만	53	56	201804	6	2000	1972	중앙로
4687025023	전라남도 영광군 영광읍 남천리	1*	단독	8m미만	77.58	233	201804	6	3500	1983	중앙로
4687025036	전라남도 영광군 영광읍 녹사리	1**	단독	8m미만	29.7	460	201804	6	4100	1980	천년로9길
4687025024	전라남도 영광군 영광읍 도동리	1**	단독	8m미만	73.05	202	201804	12	5000	1980	물무로
4687025024	전라남도 영광군 영광읍 도동리	2**	단독	8m미만	59.83	306	201804	15	9000	1956	향교길
4687025021	전라남도 영광군 영광읍 무령리	3*	단독	12m미만	74.01	248	201804	3	12500	1980	중앙로
4687025021	전라남도 영광군 영광읍 무령리	2**	단독	12m미만	81.42	389	201804	23	8500	1997	중앙로
4687025030	전라남도 영광군 영광읍 신월리	1**	단독	8m미만	82.07	502	201804	21	7500	2015	신월로3길
4683036029	전라남도 영암군 군서면 도갑리	1**	단독	8m미만	108.5	725	201804	23	20000	2009	정자등길
4683036029	전라남도 영암군 군서면 도갑리	1**	단독	8m미만	125	1354	201804	26	11000	1964	정자등길
4683036028	전라남도 영암군 군서면 동구림리	4**	단독	8m미만	40.3	329	201804	19	2200	1960	null
4683032025	전라남도 영암군 금정면 남송리	4**	단독	-	84.48	986	201804	20	4000	2017	인곡길
4683032022	전라남도 영암군 금정면 아천리	8**	단독	8m미만	50.7	440	201804	6	1500	1953	아천길
4683031026	전라남도 영암군 덕진면 용산리	5*	단독	8m미만	110.41	469	201804	3	930	1998	금농촌길
4683039021	전라남도 영암군 미암면 두억리	5**	단독	8m미만	70	436	201804	30	2000	1998	청현길
4683025325	전라남도 영암군 삼호읍 산호리	7*	단독	12m미만	199.68	434	201804	3	22000	2000	녹색로
4683025326	전라남도 영암군 삼호읍 용앙리	1***	단독	12m미만	197.64	210.8	201804	18	11000	2003	대불주거9로
4683025326	전라남도 영암군 삼호읍 용앙리	1***	단독	8m미만	378.78	223.3	201804	5	44000	2013	대불주거7로9길
4683025326	전라남도 영암군 삼호읍 용앙리	1***	단독	8m미만	66	231.3	201804	19	8000	1999	대불주거1로2길
4683025326	전라남도 영암군 삼호읍 용앙리	1***	단독	12m미만	382.92	233.4	201804	25	31500	2008	대불주거7로7길
4683037022	전라남도 영암군 서호면 화송리	1**	단독	12m미만	97.77	764	201804	4	4500	2012	왕인로
4683034034	전라남도 영암군 시종면 옥야리	6**	단독	8m미만	121	417	201804	24	800	1969	효자길
4683034021	전라남도 영암군 시종면 와우리	7**	단독	8m미만	43.2	196	201804	10	1500	1989	계산길
4683033023	전라남도 영암군 신북면 유곡리	4**	단독	8m미만	104	499	201804	3	2350	1975	옥정길
4683033031	전라남도 영암군 신북면 행정리	3**	단독	8m미만	157.9	553	201804	5	3000	1997	원행정길
4683025034	전라남도 영암군 영암읍 농덕리	1***	단독	8m미만	62.8	430	201804	19	1700	1977	백운율산길
4683025031	전라남도 영암군 영암읍 송평리	7**	단독	8m미만	31.4	304	201804	24	744	1955	신기길
4683025026	전라남도 영암군 영암읍 역리	2**	단독	8m미만	76.4	327	201804	10	4000	1990	웃시암길
4683025026	전라남도 영암군 영암읍 역리	4**	단독	8m미만	115.4	480	201804	30	4000	1979	장서동길
4689033021	전라남도 완도군 고금면 농상리	5**	단독	8m미만	114.99	434	201804	30	15000	2008	고금로
4689033022	전라남도 완도군 고금면 덕암리	6**	단독	12m미만	75.9	133	201804	4	3750	1972	고금동로2번길
4689031028	전라남도 완도군 군외면 당인리	2**	단독	12m미만	45.93	268	201804	12	11700	1996	당인길
4689031028	전라남도 완도군 군외면 당인리	6**	단독	8m미만	66.28	522	201804	8	4250	1999	흑일도길
4689031021	전라남도 완도군 군외면 영풍리	1**	단독	8m미만	59.5	347	201804	13	2500	1980	대창2구길
4689037022	전라남도 완도군 금당면 육산리	9**	단독	-	81.4	172	201804	12	1800	1965	금당해변로
4689025321	전라남도 완도군 금일읍 화목리	1**	단독	8m미만	204.86	2001	201804	10	1800	1945	금일로
4689025625	전라남도 완도군 노화읍 신양리	1***	단독	12m미만	83.75	867	201804	10	2500	2015	노화북로
4689036025	전라남도 완도군 소안면 진산리	1**	단독	8m미만	100	446	201804	17	1000	1968	소진길
4689032022	전라남도 완도군 신지면 대곡리	6**	단독	8m미만	155.36	665	201804	10	2850	1972	대곡20번길
4689025022	전라남도 완도군 완도읍 가용리	6*	단독	12m미만	58.18	588	201804	30	3598	1948	청해진동로
4689025021	전라남도 완도군 완도읍 군내리	3**	단독	8m미만	45.36	139	201804	8	1000	1978	군내21번길
4689035033	전라남도 완도군 청산면 여서리	4**	단독	8m미만	67.62	324	201804	26	5500	2015	여서도31번길
4689035023	전라남도 완도군 청산면 읍리	1***	단독	8m미만	60.42	332	201804	10	4500	2015	청산로
4688032024	전라남도 장성군 남면 마령리	9*	단독	8m미만	176.7	605	201804	5	24000	1994	시정길
4688033024	전라남도 장성군 동화면 구림리	4**	단독	8m미만	54	572	201804	12	4600	2008	구림통안길
4688033024	전라남도 장성군 동화면 구림리	3*	단독	12m미만	94.3	625	201804	10	4000	1997	삼동로
4688039024	전라남도 장성군 북이면 달성리	3**	단독	8m미만	63.3	447	201804	3	4500	1998	명정길
4688039031	전라남도 장성군 북이면 오월리	2**	단독	8m미만	59.5	621	201804	12	5640	1978	오현길
4688039032	전라남도 장성군 북이면 조양리	1**	단독	8m미만	46.2	364	201804	16	7500	2011	조양길
4688035026	전라남도 장성군 삼계면 발산리	3**	단독	8m미만	133.05	838	201804	1	30000	2015	발산월곡길
4688034034	전라남도 장성군 삼서면 수양리	7**	단독	8m미만	84.82	508.6	201804	17	26714	2017	수양전원길
4688025026	전라남도 장성군 장성읍 기산리	1**	단독	8m미만	50	241	201804	5	5590	1965	외기길
4688025034	전라남도 장성군 장성읍 상오리	6**	단독	8m미만	71.07	519	201804	8	7800	1996	하오길
4688025028	전라남도 장성군 장성읍 안평리	4**	단독	8m미만	93.42	433	201804	12	18320	2013	구암길
4688025024	전라남도 장성군 장성읍 영천리	7**	단독	8m미만	43.97	221	201804	20	6350	1950	매화5길
4688025024	전라남도 장성군 장성읍 영천리	1***	단독	8m미만	76.64	304	201804	17	10000	1983	청운4길
4688031024	전라남도 장성군 진원면 학전리	5**	단독	12m미만	66.9	121	201804	17	7000	2005	진남1로
4688036029	전라남도 장성군 황룡면 금호리	4**	단독	8m미만	97.2	446	201804	3	6100	1996	홍길동로
4688036021	전라남도 장성군 황룡면 월평리	1**	단독	12m미만	123	161	201804	20	11000	1926	뱃나드리로
4688036021	전라남도 장성군 황룡면 월평리	2**	단독	8m미만	118	482	201804	16	7000	2002	일산1길
4680025328	전라남도 장흥군 관산읍 방촌리	4**	단독	8m미만	76.02	582	201804	16	3000	1942	방촌길
4680025329	전라남도 장흥군 관산읍 송촌리	4**	단독	8m미만	69.3	543	201804	24	3500	1950	평촌길
4680025327	전라남도 장흥군 관산읍 죽교리	4**	단독	8m미만	36.36	102	201804	30	1700	1950	외학2길
4680025327	전라남도 장흥군 관산읍 죽교리	4**	단독	8m미만	39.6	390	201804	27	4200	1950	외학2길
4680036023	전라남도 장흥군 부산면 유량리	1**	단독	12m미만	84.7	185	201804	17	5300	1992	거동길
4680036023	전라남도 장흥군 부산면 유량리	2**	단독	8m미만	75.36	403	201804	6	2500	1945	부유로
4680036023	전라남도 장흥군 부산면 유량리	1**	단독	12m미만	99.66	403	201804	20	4000	1995	부유로
4680032022	전라남도 장흥군 안양면 비동리	6**	단독	12m미만	84.37	461	201804	14	23052	2015	로하스2길
4680032022	전라남도 장흥군 안양면 비동리	4**	단독	8m미만	61.35	724	201804	25	11800	2012	비동돌담길
4680031032	전라남도 장흥군 용산면 덕암리	1**	단독	8m미만	80.9	529	201804	5	1000	1940	null
4680035027	전라남도 장흥군 유치면 신풍리	1**	단독	8m미만	58.12	357	201804	3	5000	1999	마정길
4680035034	전라남도 장흥군 유치면 운월리	4**	단독	8m미만	141.6	544	201804	3	15000	2010	봉덕신덕길
4680034035	전라남도 장흥군 장평면 어곡리	7**	단독	8m미만	133.62	720	201804	13	6500	2017	어곡1길
4680025037	전라남도 장흥군 장흥읍 건산리	5**	단독	8m미만	53.56	15	201804	20	1582	1960	null
4680025037	전라남도 장흥군 장흥읍 건산리	7**	단독	8m미만	83.73	149	201804	18	8000	2000	중앙로
4680025037	전라남도 장흥군 장흥읍 건산리	1**	단독	8m미만	60.03	304	201804	9	8400	1978	학사길
4680025028	전라남도 장흥군 장흥읍 순지리	3**	단독	8m미만	79.34	251	201804	5	4000	1945	순지남외길
4690031022	전라남도 진도군 군내면 녹진리	4**	단독	8m미만	72.73	304	201804	24	1000	1945	대사길
4690033025	전라남도 진도군 의신면 돈지리	6**	단독	8m미만	86.5	491	201804	3	4990	1949	돈지3길
4690033032	전라남도 진도군 의신면 만길리	*	단독	8m미만	84.5	212	201804	10	600	1976	도목길
4690033029	전라남도 진도군 의신면 초사리	1**	단독	8m미만	49.5	347	201804	15	2000	1981	초하길
4690034024	전라남도 진도군 임회면 고정리	3**	단독	8m미만	75	228	201804	16	1600	1925	길우길
4690034031	전라남도 진도군 임회면 굴포리	8*	단독	8m미만	109.6	344	201804	4	5000	1999	굴포길
4690034021	전라남도 진도군 임회면 명슬리	6**	단독	8m미만	143.11	1064	201804	3	6000	2010	중미길
4690034026	전라남도 진도군 임회면 석교리	2**	단독	8m미만	95.5	249	201804	14	4800	1993	십일시길
4690036021	전라남도 진도군 조도면 관매도리	2**	단독	8m미만	39	126	201804	23	1700	1950	관매도길
4690025024	전라남도 진도군 진도읍 교동리	4**	단독	8m미만	77.03	152	201804	13	1746	1945	진도향교길
4690025026	전라남도 진도군 진도읍 포산리	3**	단독	12m미만	48.92	357	201804	3	2100	1914	진도대로
4690025030	전라남도 진도군 진도읍 해창리	5**	단독	12m미만	81.64	171	201804	9	2400	1955	신흥길
4686036031	전라남도 함평군 나산면 월봉리	1**	단독	8m미만	123.34	747	201804	23	6800	2000	나산월봉길
4686035030	전라남도 함평군 대동면 금산리	4**	단독	12m미만	232	1323	201804	19	16504	1991	벽류길
4686035032	전라남도 함평군 대동면 연암리	5**	단독	8m미만	127.95	1134	201804	6	17950	2016	연암길
4686035024	전라남도 함평군 대동면 월송리	4**	단독	8m미만	216.14	1417	201804	21	16300	1961	시랑길
4686031025	전라남도 함평군 손불면 대전리	6**	단독	12m미만	78	281	201804	13	3500	1987	손불중앙길
4686031024	전라남도 함평군 손불면 월천리	1***	단독	8m미만	120.39	493	201804	12	1700	1967	농장길
4686032026	전라남도 함평군 신광면 삼덕리	1***	단독	8m미만	97.92	660	201804	20	20000	2012	신해로
4686034027	전라남도 함평군 엄다면 성천리	7**	단독	8m미만	96	129	201804	30	1000	1945	성암길
4686033021	전라남도 함평군 학교면 복천리	3**	단독	8m미만	66	393	201804	7	2700	1926	학교장동길
4686033027	전라남도 함평군 학교면 사거리	7**	단독	8m미만	96.04	448	201804	26	11922	1997	함영로
4686033027	전라남도 함평군 학교면 사거리	7**	단독	8m미만	175	2100	201804	26	20446	1983	null
4686033028	전라남도 함평군 학교면 월산리	8**	단독	8m미만	99.17	423	201804	5	6000	2009	송산길
4686033026	전라남도 함평군 학교면 학교리	8**	단독	12m미만	85.86	387	201804	1	5300	1979	중천포로
4686033026	전라남도 함평군 학교면 학교리	6**	단독	8m미만	84.25	456	201804	3	12700	1993	백학길
4686025034	전라남도 함평군 함평읍 대덕리	3**	단독	8m미만	92.43	600	201804	9	12500	2003	남일길
4686037023	전라남도 함평군 해보면 용산리	3**	단독	8m미만	60.1	522	201804	26	9300	1937	해보대성길
4686037026	전라남도 함평군 해보면 해보리	6**	단독	8m미만	35.58	115	201804	30	4300	2014	발미길
4682042022	전라남도 해남군 문내면 석교리	6**	단독	8m미만	56.5	255	201804	17	327	1955	신창안길
4682042021	전라남도 해남군 문내면 용암리	2**	단독	8m미만	100	237	201804	30	7000	1999	사교길
4682036024	전라남도 해남군 북일면 흥촌리	1**	단독	8m미만	59.5	348	201804	2	3500	1978	만월길
4682035021	전라남도 해남군 북평면 남창리	7**	단독	8m미만	95	628	201804	20	3200	2016	감정골길
4682041028	전라남도 해남군 산이면 대진리	1**	단독	8m미만	38.88	300	201804	16	3000	2005	지사길
4682041029	전라남도 해남군 산이면 덕송리	3**	단독	8m미만	29.75	498	201804	6	2000	1975	새상골길
4682041031	전라남도 해남군 산이면 상공리	6**	단독	8m미만	175	522	201804	30	9000	1997	산이로
4682031028	전라남도 해남군 삼산면 평활리	2**	단독	8m미만	98.62	1000	201804	16	17500	2011	오소재로
4682034030	전라남도 해남군 송지면 송호리	6**	단독	8m미만	89.91	791	201804	17	11300	2005	송호길
4682037030	전라남도 해남군 옥천면 청신리	1**	단독	8m미만	79.6	700	201804	9	2000	1941	탑동길
4682025033	전라남도 해남군 해남읍 남동리	4*	단독	12m미만	56.2	265	201804	18	7000	1976	남동길
4682025027	전라남도 해남군 해남읍 수성리	9*	단독	12m미만	63	105	201804	1	10500	2000	수성6길
4682025022	전라남도 해남군 해남읍 평동리	1**	단독	8m미만	33	145	201804	5	2500	1978	평남3길
4682025022	전라남도 해남군 해남읍 평동리	1**	단독	8m미만	52.8	182	201804	5	6500	1992	평동길
4682025021	전라남도 해남군 해남읍 해리	5**	단독	25m미만	62.1	150	201804	7	7500	1978	북부순환로
4682025021	전라남도 해남군 해남읍 해리	5**	단독	8m미만	89.2	460	201804	21	20100	1977	북부순환로
4682033026	전라남도 해남군 현산면 읍호리	1**	단독	8m미만	17.5	509	201804	12	800	2002	고담길
4682032029	전라남도 해남군 화산면 방축리	3**	단독	12m미만	64.79	460	201804	17	4800	1978	null
4682032028	전라남도 해남군 화산면 연정리	3*	단독	8m미만	50.58	221	201804	18	435	1977	석정길
4682043022	전라남도 해남군 화원면 금평리	2**	단독	12m미만	171.72	180	201804	24	9500	1998	금평길
4682040025	전라남도 해남군 황산면 우항리	4**	단독	8m미만	125.25	629	201804	25	10000	1988	시등로
4679035026	전라남도 화순군 능주면 관영리	2**	단독	8m미만	81.59	98	201804	6	6000	1995	관동길
4679035025	전라남도 화순군 능주면 내리	1**	단독	8m미만	99.09	500	201804	21	10000	1996	내동길
4679035028	전라남도 화순군 능주면 만인리	2**	단독	8m미만	89.87	509	201804	4	5000	1966	인량동길
4679035023	전라남도 화순군 능주면 석고리	2**	단독	8m미만	96.5	265	201804	10	3500	1983	거석길
4679035024	전라남도 화순군 능주면 잠정리	4**	단독	8m미만	92.36	298	201804	26	3743	1998	학포로
4679036029	전라남도 화순군 도곡면 신덕리	2**	단독	8m미만	181.71	410	201804	13	39000	2013	덕리길
4679036031	전라남도 화순군 도곡면 죽청리	2**	단독	8m미만	27	192	201804	12	2500	1974	하죽청길
4679042028	전라남도 화순군 동면 경치리	4**	단독	8m미만	43.3	440	201804	23	3370	1945	경현길
4679042035	전라남도 화순군 동면 대포리	9**	단독	8m미만	74.4	283	201804	24	2000	2003	대암길
4679042023	전라남도 화순군 동면 서성리	1**	단독	8m미만	103	583	201804	25	21500	2006	하서길
4679042033	전라남도 화순군 동면 운농리	9**	단독	8m미만	60.03	155	201804	12	7408	2009	신운길
4679042031	전라남도 화순군 동면 천덕리	5**	단독	8m미만	99.9	275	201804	30	4600	1997	천덕길
4679042031	전라남도 화순군 동면 천덕리	4**	단독	8m미만	109.09	366	201804	20	8400	1961	천동길
4679042031	전라남도 화순군 동면 천덕리	5**	단독	8m미만	170.56	918	201804	21	24950	2006	천덕길
4679040025	전라남도 화순군 동복면 신율리	5**	단독	8m미만	40.99	426	201804	20	4500	1969	신율길
4679034027	전라남도 화순군 이양면 품평리	1***	단독	8m미만	43.5	208	201804	21	1000	1984	봉하등길
4679034027	전라남도 화순군 이양면 품평리	8**	단독	8m미만	82.68	415	201804	13	8000	1995	봉하등길
4679034027	전라남도 화순군 이양면 품평리	3**	단독	8m미만	59.9	588	201804	19	3395	1977	품평길
4679033021	전라남도 화순군 청풍면 풍암리	3*	단독	8m미만	129.72	341	201804	25	3000	1994	학포로
4679032031	전라남도 화순군 춘양면 가봉리	6**	단독	8m미만	85.9	240	201804	24	1320	1970	가승동길
4679032030	전라남도 화순군 춘양면 산간리	2**	단독	8m미만	85.19	600	201804	21	15800	2015	산간길
4679025036	전라남도 화순군 화순읍 감도리	2**	단독	8m미만	49.65	275	201804	2	7600	1983	하만길
4679025036	전라남도 화순군 화순읍 감도리	2**	단독	8m미만	84.96	543	201804	7	28000	2014	도방길
4679025037	전라남도 화순군 화순읍 계소리	9*	단독	8m미만	74.67	384	201804	30	10100	1934	계량길
4679025030	전라남도 화순군 화순읍 광덕리	1**	단독	8m미만	72.57	137	201804	2	7000	1999	하광1길
4679025021	전라남도 화순군 화순읍 교리	1**	단독	8m미만	30.7	109	201804	9	4500	1925	교동1길
4679025021	전라남도 화순군 화순읍 교리	1**	단독	8m미만	44.13	337	201804	11	14300	1974	동헌길
4679025029	전라남도 화순군 화순읍 다지리	2**	단독	8m미만	46.2	490	201804	23	13320	2012	다산길
4679025033	전라남도 화순군 화순읍 대리	1**	단독	8m미만	81.51	873	201804	13	28500	1981	대동길
4679025035	전라남도 화순군 화순읍 벽라리	3**	단독	8m미만	63.8	250	201804	27	6800	1979	서라실길
4679025043	전라남도 화순군 화순읍 앵남리	2**	단독	8m미만	54.2	364	201804	20	1530	1974	신기촌길
4679025028	전라남도 화순군 화순읍 일심리	7**	단독	12m미만	93.55	225.1	201804	20	23500	1994	일심4길
4679025028	전라남도 화순군 화순읍 일심리	7**	단독	12m미만	125.9	289.8	201804	11	27000	1993	알메로
4679025045	전라남도 화순군 화순읍 주도리	1**	단독	8m미만	72.75	296	201804	11	5600	1996	주도길
4679025025	전라남도 화순군 화순읍 훈리	5*	단독	25m미만	93.05	405	201804	27	34160	1976	훈리길
4579031033	전라북도 고창군 고수면 두평리	1*	단독	8m미만	91.59	651	201804	7	9162	2005	두평1길
4579031031	전라북도 고창군 고수면 부곡리	7**	단독	8m미만	145.8	548	201804	26	2000	1993	먹점길
4579025021	전라북도 고창군 고창읍 읍내리	3**	단독	25m미만	53.76	125	201804	8	7300	1985	중거리당산로
4579034023	전라북도 고창군 공음면 구암리	3**	단독	8m미만	68.04	553	201804	23	2300	1997	마래길
4579033030	전라북도 고창군 무장면 고라리	*	단독	12m미만	96.44	609	201804	25	5600	2011	고라송림길
4579033021	전라북도 고창군 무장면 무장리	3**	단독	8m미만	60.7	281	201804	13	1000	1901	시거길
4579033025	전라북도 고창군 무장면 원촌리	7*	단독	8m미만	46.91	353	201804	30	2100	2016	원금곡길
4579043031	전라북도 고창군 부안면 용산리	4**	단독	8m미만	151.2	600	201804	4	15400	1997	연기길
4579043021	전라북도 고창군 부안면 중흥리	2**	단독	-	58.14	248	201804	23	3150	2015	인촌로
4579035027	전라북도 고창군 상하면 용대리	9**	단독	8m미만	48.6	430	201804	9	3000	1901	용대길
4579035027	전라북도 고창군 상하면 용대리	8**	단독	8m미만	75.12	773	201804	30	2350	1987	샘목로
4579035024	전라북도 고창군 상하면 자룡리	4**	단독	12m미만	84.28	394	201804	10	7000	1901	진암구시포로
4579041029	전라북도 고창군 성내면 옥제리	3**	단독	8m미만	84.5	386	201804	17	6000	1971	옥제월봉길
4579042028	전라북도 고창군 신림면 세곡리	5**	단독	8m미만	101	329	201804	11	10000	1993	가평로
4579032035	전라북도 고창군 아산면 반암리	3**	단독	12m미만	163.99	701	201804	25	6300	1983	인천강변로
4579036032	전라북도 고창군 해리면 동호리	5**	단독	12m미만	90.04	344	201804	19	3700	1996	구동호2길
4579036021	전라북도 고창군 해리면 하련리	1**	단독	25m미만	31.85	34	201804	5	1500	2003	null
4579036021	전라북도 고창군 해리면 하련리	4**	단독	8m미만	66.69	390	201804	4	1500	2012	평장길
4579036021	전라북도 고창군 해리면 하련리	1**	단독	8m미만	99.2	536	201804	10	19000	2007	하련1길
4579040032	전라북도 고창군 흥덕면 오호리	1**	단독	8m미만	80.48	383	201804	3	3850	1999	오태길
4513013900	전라북도 군산시 개정동	3**	단독	8m미만	66.1	169	201804	23	3700	1951	서개정길
4513013600	전라북도 군산시 경암동	6**	단독	12m미만	46.05	56.7	201804	20	4000	1983	진포로
4513013600	전라북도 군산시 경암동	6**	단독	8m미만	44.74	123.9	201804	27	3000	1982	경포1길
4513013600	전라북도 군산시 경암동	6**	단독	8m미만	80.74	140.4	201804	18	7700	1980	경암1길
4513013600	전라북도 군산시 경암동	6**	단독	12m미만	82.44	192	201804	14	15000	1982	경암안1길
4513013600	전라북도 군산시 경암동	6**	단독	12m미만	104.76	382.9	201804	16	19690	1998	경암2길
4513013600	전라북도 군산시 경암동	6**	단독	12m미만	182.28	498.7	201804	16	23500	1980	경암4길
4513013100	전라북도 군산시 금암동	7*	단독	12m미만	219.53	228	201804	30	32000	1981	서래로
4513014400	전라북도 군산시 나운동	7**	단독	8m미만	195.49	243.9	201804	30	20000	1992	상신4길
4513038023	전라북도 군산시 나포면 옥곤리	5**	단독	8m미만	77.5	448	201804	30	8784	1993	교동1길
4513035021	전라북도 군산시 대야면 산월리	1**	단독	8m미만	45.5	331	201804	26	1900	1939	석화1길
4513035021	전라북도 군산시 대야면 산월리	5**	단독	8m미만	61.2	407	201804	16	2723	1947	남흥길
4513035022	전라북도 군산시 대야면 지경리	7**	단독	25m이상	158.4	327	201804	27	30000	1975	석화로
4513011300	전라북도 군산시 둔율동	2**	단독	12m미만	48.6	28.39	201804	27	4925	1933	아리랑로
4513011000	전라북도 군산시 문화동	9**	단독	12m미만	87.45	203.3	201804	13	12000	1977	문화2길
4513011000	전라북도 군산시 문화동	8**	단독	25m미만	175.65	242.3	201804	5	20288	1981	백토로
4513011000	전라북도 군산시 문화동	9**	단독	8m미만	116.35	420.6	201804	19	26000	1983	문화2길
4513015100	전라북도 군산시 산북동	3***	단독	12m미만	494.02	257.2	201804	12	41500	2010	칠성6길
4513011100	전라북도 군산시 삼학동	3**	단독	8m미만	139.65	178.6	201804	18	9300	1980	삼학2길
4513011100	전라북도 군산시 삼학동	7**	단독	8m미만	144.09	226.6	201804	25	14400	1980	삼학1길
4513034022	전라북도 군산시 서수면 축동리	4**	단독	8m미만	152.92	990	201804	25	16948	2004	내무장길
4513013300	전라북도 군산시 서흥남동	8**	단독	25m미만	188	158.1	201804	14	18500	1987	팔마로
4513014100	전라북도 군산시 수송동	8**	다가구	12m미만	378.17	229.6	201804	3	60000	2000	동수송4길
4513014100	전라북도 군산시 수송동	6*	단독	8m미만	121.6	160	201804	13	8600	1979	진포안3길
4513014100	전라북도 군산시 수송동	4**	단독	8m미만	154.04	333	201804	5	12000	1978	동메1길
4513010200	전라북도 군산시 신흥동	6*	단독	8m미만	73.61	110	201804	16	10000	1983	절골2길
4513010600	전라북도 군산시 오룡동	8**	단독	8m미만	44.96	109	201804	16	1000	1970	오룡1길
4513010600	전라북도 군산시 오룡동	9**	단독	12m미만	183.45	366	201804	18	21200	1982	오룡1길
4513014700	전라북도 군산시 오식도동	6**	단독	12m미만	456.69	237.9	201804	14	31700	2008	분멀3길
4513040021	전라북도 군산시 옥서면 옥봉리	1***	단독	8m미만	68.48	384	201804	5	2900	1951	옥봉들길
4513040021	전라북도 군산시 옥서면 옥봉리	1**	단독	8m미만	53.98	563	201804	30	4000	2000	원성산1길
4513013400	전라북도 군산시 조촌동	7**	단독	12m미만	84.42	168.3	201804	9	11500	1983	백릉안5길
4513013400	전라북도 군산시 조촌동	4**	단독	25m이상	194.96	170	201804	6	30000	1988	백릉로
4513013400	전라북도 군산시 조촌동	7**	단독	8m미만	93.23	186.4	201804	19	7900	2000	백릉안4길
4513013400	전라북도 군산시 조촌동	8**	단독	8m미만	333.43	193.7	201804	30	52000	2017	조촌안2길
4513013400	전라북도 군산시 조촌동	7**	단독	8m미만	163.31	496	201804	5	32000	2003	백릉로
4513013000	전라북도 군산시 중동	3**	단독	12m미만	66	206	201804	20	6000	1978	물문1길
4513032022	전라북도 군산시 회현면 금광리	1***	단독	8m미만	29.8	674	201804	23	3000	1964	옥삼길
4513032026	전라북도 군산시 회현면 학당리	1**	단독	8m미만	71	264	201804	2	2300	1984	학당오산촌길
4513032026	전라북도 군산시 회현면 학당리	2**	단독	8m미만	122.67	516	201804	19	13000	1999	신당길
4521010400	전라북도 김제시 검산동	4**	단독	8m미만	88.72	468	201804	1	25000	2017	화동골길
4521046022	전라북도 김제시 광활면 은파리	1**	단독	8m미만	72	281	201804	17	1410	1973	광활로
4521042033	전라북도 김제시 금구면 하신리	4**	단독	8m미만	89.12	450	201804	24	12750	2011	하신길
4521045025	전라북도 김제시 금산면 선동리	2**	단독	8m미만	95.94	847	201804	10	10300	2012	선동로
4521011700	전라북도 김제시 난봉동	4**	단독	8m미만	192	1100	201804	10	16500	2002	봉황로
4521025021	전라북도 김제시 만경읍 만경리	4**	단독	8m미만	88.29	300	201804	20	9700	1982	만경1길
4521025026	전라북도 김제시 만경읍 화포리	4**	단독	8m미만	87.8	504	201804	5	4600	1996	화포3길
4521043033	전라북도 김제시 봉남면 회성리	3**	단독	8m미만	130	577	201804	10	3000	1983	회성3길
4521036026	전라북도 김제시 부량면 금강리	1**	단독	8m미만	80.38	245	201804	10	5000	1975	금강1길
4521036025	전라북도 김제시 부량면 용성리	5**	단독	8m미만	55	450	201804	20	6100	1973	대평4길
4521010700	전라북도 김제시 서암동	3**	단독	8m미만	80.51	647	201804	7	12000	1979	서암2길
4521012900	전라북도 김제시 서정동	2**	단독	8m미만	36	380	201804	26	1214	1930	null
4521010200	전라북도 김제시 신풍동	3**	단독	8m미만	90.72	391	201804	2	9500	1982	남북2길
4521013000	전라북도 김제시 양전동	4**	단독	8m미만	49.5	215	201804	3	1500	1964	용두1길
4521011000	전라북도 김제시 옥산동	2*	단독	-	121.71	677	201804	16	5100	1983	남북9길
4521010100	전라북도 김제시 요촌동	9*	단독	8m미만	83	132	201804	7	4500	1990	동서10길
4521010100	전라북도 김제시 요촌동	3**	단독	8m미만	92.11	182	201804	7	5000	1982	버드나무길
4521010100	전라북도 김제시 요촌동	6**	단독	25m미만	347.23	202.7	201804	21	51500	2014	요촌동1길
4521010100	전라북도 김제시 요촌동	2**	단독	8m미만	77.76	212	201804	9	9250	1979	요촌1길
4521010100	전라북도 김제시 요촌동	1**	단독	8m미만	71.91	218	201804	21	6700	1979	남북13길
4521010100	전라북도 김제시 요촌동	5**	단독	8m미만	453.36	219.9	201804	13	45000	2014	요촌중4길
4521010300	전라북도 김제시 용동	6*	단독	8m미만	125.37	443	201804	26	16000	1999	용동3길
4521011500	전라북도 김제시 월성동	2**	단독	8m미만	40.4	493	201804	29	4000	1972	월성2길
4521039022	전라북도 김제시 청하면 장산리	8**	단독	8m미만	88.6	245	201804	5	5000	1991	null
4521039022	전라북도 김제시 청하면 장산리	6**	단독	8m미만	108	529	201804	10	2500	1941	공경제길
4521044022	전라북도 김제시 황산면 용마리	8**	단독	8m미만	85.5	393	201804	2	7700	1999	용홍2길
4519011800	전라북도 남원시 고죽동	5**	단독	8m미만	46.08	460	201804	30	1200	1992	고산안길
4519010600	전라북도 남원시 금동	1**	단독	8m미만	101.12	225	201804	3	16500	1974	검멀2길
4519035027	전라북도 남원시 금지면 상신리	2**	단독	8m미만	70.94	231	201804	4	4000	1998	금지상신길
4519035026	전라북도 남원시 금지면 창산리	1*	단독	8m미만	42.97	388	201804	3	4500	1941	호산길
4519012100	전라북도 남원시 노암동	4**	단독	8m미만	22.8	114	201804	13	4700	1984	쑥고개로
4519037022	전라북도 남원시 대산면 수덕리	4**	단독	8m미만	61.65	456	201804	3	9500	2008	갈랭이길
4519037025	전라북도 남원시 대산면 신계리	3**	단독	8m미만	184.64	962	201804	9	4300	1930	대산신촌안길
4519039026	전라북도 남원시 덕과면 용산리	6**	단독	8m미만	90.37	668	201804	5	3500	2003	배산길
4519011600	전라북도 남원시 도통동	4**	다가구	12m미만	659.5	491.9	201804	11	98860	2017	춘향로
4519011600	전라북도 남원시 도통동	4**	다가구	8m미만	659.5	497.3	201804	11	98019	2017	춘향로
4519011600	전라북도 남원시 도통동	5**	단독	12m미만	237.93	235.8	201804	16	36000	2006	큰들4길
4519011600	전라북도 남원시 도통동	*	단독	8m미만	51.5	350	201804	25	4500	1926	동도5길
4519010100	전라북도 남원시 동충동	1**	단독	8m미만	117.02	228	201804	11	3500	1940	충정로
4519038027	전라북도 남원시 사매면 오신리	6**	단독	8m미만	76.66	231	201804	11	1400	1993	오신2길
4519038027	전라북도 남원시 사매면 오신리	2**	단독	8m미만	98.4	357	201804	20	5550	1997	오신1길
4519046023	전라북도 남원시 산내면 대정리	4**	단독	8m미만	82.65	362	201804	17	8300	1997	천왕봉로
4519041021	전라북도 남원시 산동면 목동리	5**	단독	8m미만	148.7	530	201804	10	17470	2013	요천로
4519033027	전라북도 남원시 송동면 송기리	3**	단독	8m미만	74.46	671	201804	23	2500	1924	송기윗길
4519032022	전라북도 남원시 수지면 초리	5**	단독	8m미만	61.56	175	201804	30	2750	1999	수지서당길
4519010400	전라북도 남원시 쌍교동	1**	단독	8m미만	83.7	147	201804	6	15000	1995	관서당길
4519045027	전라북도 남원시 아영면 성리	8**	단독	8m미만	100.62	417	201804	23	8000	2009	봉화산로
4519045030	전라북도 남원시 아영면 의지리	6**	단독	8m미만	76.2	400	201804	4	2100	1952	의지길
4519025028	전라북도 남원시 운봉읍 북천리	1**	단독	8m미만	89.83	241	201804	3	3720	1965	운봉로
4519025034	전라북도 남원시 운봉읍 신기리	4**	단독	8m미만	60	129	201804	2	840	1900	운봉신기길
4519034027	전라북도 남원시 주생면 낙동리	2**	단독	8m미만	80	331	201804	9	1950	1974	낙동안길
4519034024	전라북도 남원시 주생면 정송리	9*	단독	8m미만	174.4	284	201804	20	5700	1962	정송1길
4519010300	전라북도 남원시 죽항동	4*	단독	8m미만	162.09	414	201804	6	35200	1983	숲정이1길
4573025022	전라북도 무주군 무주읍 당산리	9**	단독	8m미만	74.38	423	201804	5	4000	1973	null
4573025021	전라북도 무주군 무주읍 읍내리	8**	단독	8m미만	57.96	118	201804	9	4500	1979	다양길
4573031028	전라북도 무주군 무풍면 삼거리	1**	단독	12m미만	92.4	660	201804	9	12750	2004	구천동로
4573035021	전라북도 무주군 부남면 대유리	6**	단독	8m미만	73.8	547	201804	16	2000	1925	봉길길
4573035024	전라북도 무주군 부남면 장안리	8**	단독	8m미만	62.38	188	201804	4	2300	1965	장안교동길
4573035024	전라북도 무주군 부남면 장안리	1***	단독	8m미만	99.63	543	201804	4	7600	2013	당곡길
4573032024	전라북도 무주군 설천면 소천리	1***	단독	8m미만	19.83	218	201804	8	5300	1930	양지길
4573034022	전라북도 무주군 안성면 공진리	8**	단독	8m미만	73.12	635	201804	23	7500	1976	장무로
4573034027	전라북도 무주군 안성면 사전리	6*	단독	12m미만	81.39	274	201804	13	2000	1985	안성로
4573034021	전라북도 무주군 안성면 장기리	1***	단독	12m미만	56.98	139	201804	3	6500	1976	구량천로
4573033023	전라북도 무주군 적상면 삼가리	1***	단독	-	43.97	185	201804	20	1250	1920	하가길
4580034022	전라북도 부안군 계화면 창북리	3***	단독	8m미만	55.03	294	201804	23	3000	1930	용화아랫길
4580032029	전라북도 부안군 동진면 당상리	8**	단독	8m미만	69.6	575	201804	6	6000	1920	용주동길
4580032021	전라북도 부안군 동진면 봉황리	3**	단독	8m미만	40.29	90	201804	23	1350	1991	익상샛터길
4580038027	전라북도 부안군 백산면 대죽리	6**	단독	8m미만	74.4	228	201804	15	2800	1920	국성길
4580036026	전라북도 부안군 변산면 대항리	1**	단독	8m미만	169.36	1150	201804	19	16800	1910	합구길
4580025021	전라북도 부안군 부안읍 동중리	3**	단독	8m미만	24.5	50	201804	26	3450	1930	성황2길
4580025021	전라북도 부안군 부안읍 동중리	3**	단독	8m미만	115.9	203	201804	2	9700	1984	노휴재길
4580025021	전라북도 부안군 부안읍 동중리	3**	단독	8m미만	56.55	215	201804	9	4500	1975	성황2길
4580025022	전라북도 부안군 부안읍 서외리	4**	단독	8m미만	97.54	182	201804	5	15000	2002	서신안길
4580025022	전라북도 부안군 부안읍 서외리	7*	단독	8m미만	98.7	246	201804	4	13900	1996	서신안길
4580025022	전라북도 부안군 부안읍 서외리	4**	단독	8m미만	99.06	310	201804	17	23500	1983	서외길
4580039022	전라북도 부안군 상서면 가오리	4**	단독	8m미만	262.99	872	201804	9	11500	1975	저기길
4580039025	전라북도 부안군 상서면 장동리	8**	단독	8m미만	77.73	420	201804	20	6300	1996	분장2길
4580039026	전라북도 부안군 상서면 통정리	1**	단독	8m미만	99.4	659	201804	16	5000	2009	봉야로
4580037024	전라북도 부안군 진서면 곰소리	3**	단독	8m미만	48.64	53	201804	17	2500	1945	곰소3길
4580040021	전라북도 부안군 하서면 청호리	7**	단독	8m미만	60.4	366	201804	21	8654	2000	노곡길
4580033022	전라북도 부안군 행안면 삼간리	5**	단독	8m미만	191.05	426	201804	6	4500	1965	삼간신흥길
4580033023	전라북도 부안군 행안면 진동리	3**	단독	8m미만	58.2	291	201804	12	7000	1999	남산길
4577034028	전라북도 순창군 금과면 남계리	4**	단독	-	188.63	827	201804	4	22800	0	서암로
4577032023	전라북도 순창군 동계면 어치리	5**	단독	8m미만	63.57	635	201804	6	19000	2015	장군목길
4577032021	전라북도 순창군 동계면 현포리	3**	단독	8m미만	133.3	584	201804	2	22000	2008	충효로
4577037024	전라북도 순창군 복흥면 반월리	4**	단독	8m미만	28.1	288	201804	2	1240	1962	반월1길
4577037025	전라북도 순창군 복흥면 봉덕리	7*	단독	8m미만	48	63	201804	16	4449	1997	null
4577025022	전라북도 순창군 순창읍 남계리	4**	단독	12m미만	292.4	248	201804	30	35000	1998	남계로
4577025021	전라북도 순창군 순창읍 순화리	1**	단독	8m미만	63.8	380	201804	2	5900	1965	순창11길
4577025023	전라북도 순창군 순창읍 장덕리	3**	단독	8m미만	45.6	281	201804	16	4300	1935	장덕마을길
4577036033	전라북도 순창군 쌍치면 쌍계리	2**	단독	12m미만	144.71	140	201804	19	8000	1998	쌍계로
4577031022	전라북도 순창군 인계면 도룡리	8**	단독	8m미만	86.24	390	201804	9	1000	1997	도사3길
4577031022	전라북도 순창군 인계면 도룡리	5**	단독	8m미만	99	556	201804	5	11000	2012	용암길
4577038025	전라북도 순창군 적성면 내월리	6**	단독	12m미만	178.08	373	201804	24	19940	2005	null
4577035030	전라북도 순창군 팔덕면 덕천리	5**	단독	8m미만	96.3	757	201804	30	1900	1951	신덕길
4571041022	전라북도 완주군 경천면 가천리	1***	단독	8m미만	59.8	240	201804	22	8800	2013	시우동길
4571036022	전라북도 완주군 고산면 서봉리	1**	단독	8m미만	65	612	201804	2	4000	1988	관덕길
4571036031	전라북도 완주군 고산면 소향리	2**	단독	12m미만	96.5	581	201804	13	25000	2011	대아저수로
4571036024	전라북도 완주군 고산면 어우리	3**	단독	8m미만	151.6	497	201804	1	25000	2012	어우길
4571036021	전라북도 완주군 고산면 읍내리	5**	단독	12m미만	136.03	153	201804	28	15000	1998	읍내1길
4571035027	전라북도 완주군 구이면 계곡리	4**	단독	8m미만	64.32	603	201804	6	9070	2018	null
4571035022	전라북도 완주군 구이면 광곡리	2*	단독	8m미만	30.3	377	201804	3	5000	1960	왜목로
4571035025	전라북도 완주군 구이면 원기리	1***	단독	12m미만	74.44	478.6	201804	20	28000	2015	모악호수로
4571035021	전라북도 완주군 구이면 평촌리	1**	단독	8m미만	49.5	195	201804	16	3000	2008	평촌로
4571035021	전라북도 완주군 구이면 평촌리	9**	단독	8m미만	97.2	496	201804	16	27200	1998	하척길
4571035026	전라북도 완주군 구이면 항가리	1**	단독	8m미만	89.34	304	201804	5	20000	2013	구이로
4571025331	전라북도 완주군 봉동읍 구미리	8**	단독	8m미만	72.63	298	201804	4	3000	1972	구미2길
4571025329	전라북도 완주군 봉동읍 낙평리	1***	단독	12m미만	417.26	227.3	201804	21	50000	2012	낙평신월2길
4571025329	전라북도 완주군 봉동읍 낙평리	1***	단독	12m미만	99.42	230.8	201804	26	23500	2015	낙평신월3길
4571025324	전라북도 완주군 봉동읍 둔산리	8**	단독	12m미만	384.21	223.9	201804	15	68000	2014	원둔산3길
4571025327	전라북도 완주군 봉동읍 율소리	1**	단독	12m미만	84.33	205	201804	19	5000	1995	고산천로
4571025327	전라북도 완주군 봉동읍 율소리	5**	단독	8m미만	41.2	317	201804	9	2700	1951	율소3길
4571025328	전라북도 완주군 봉동읍 장기리	3**	단독	8m미만	99.11	142	201804	16	7000	1997	봉동동서로
4571037022	전라북도 완주군 비봉면 소농리	4**	단독	12m미만	81.2	317	201804	1	3500	1948	비봉소농길
4571025021	전라북도 완주군 삼례읍 삼례리	1***	다가구	12m미만	645.79	347	201804	11	74876	2012	동학로
4571025021	전라북도 완주군 삼례읍 삼례리	1**	다가구	12m미만	654.6	396	201804	11	76754	2013	삼봉로
4571025021	전라북도 완주군 삼례읍 삼례리	9**	단독	8m미만	155.08	340	201804	17	25000	1979	원후동길
4571025021	전라북도 완주군 삼례읍 삼례리	1***	단독	8m미만	515.76	608	201804	9	27000	2005	마천1길
4571025025	전라북도 완주군 삼례읍 신금리	5**	단독	8m미만	69.03	462	201804	7	15000	1985	원신금2길
4571025022	전라북도 완주군 삼례읍 후정리	3**	단독	8m미만	318.92	283	201804	5	12000	1994	원후정2길
4571032025	전라북도 완주군 상관면 마치리	2**	단독	8m미만	42.5	97	201804	4	2000	1950	마치신덕길
4571034026	전라북도 완주군 소양면 해월리	4*	단독	8m미만	84	330	201804	12	13000	2017	원등산길
4571034027	전라북도 완주군 소양면 화심리	1**	단독	8m미만	111.48	817	201804	24	18500	2009	상관소양로
4571034027	전라북도 완주군 소양면 화심리	1**	단독	12m미만	99.53	1008	201804	7	35000	2011	전진로
4571025622	전라북도 완주군 용진읍 구억리	6**	단독	8m미만	93.91	347	201804	3	5900	1925	목효로
4571025622	전라북도 완주군 용진읍 구억리	4**	단독	8m미만	99.83	417	201804	13	17500	2001	원구억1길
4571025627	전라북도 완주군 용진읍 신지리	6**	단독	8m미만	67.2	588	201804	29	12400	1978	신지용복2길
4571038022	전라북도 완주군 운주면 완창리	6*	단독	8m미만	51.3	376	201804	10	4000	1965	계암길
4571038022	전라북도 완주군 운주면 완창리	5*	단독	8m미만	21	559	201804	16	9500	2011	null
4571038021	전라북도 완주군 운주면 장선리	8*	단독	8m미만	134.44	657	201804	12	7000	2004	원장선로
4571033027	전라북도 완주군 이서면 용서리	산6*	단독	8m미만	286.95	626	201804	10	10025	1993	null
4571033027	전라북도 완주군 이서면 용서리	6*	단독	8m미만	1130.8	3199	201804	10	51975	1991	용서2길
4571039029	전라북도 완주군 화산면 승치리	1**	단독	8m미만	84.84	514	201804	19	13700	2012	승치로
4514010700	전라북도 익산시 갈산동	4*	단독	8m미만	22.15	28.1	201804	2	640	1964	null
4514040025	전라북도 익산시 금마면 용순리	1**	단독	8m미만	140.6	992	201804	27	43000	2011	용순신기길
4514011300	전라북도 익산시 남중동	8*	단독	8m미만	100.4	148	201804	18	4000	1977	선화로39길
4514011300	전라북도 익산시 남중동	1**	단독	8m미만	147.55	175	201804	22	7000	1979	선화로14길
4514011300	전라북도 익산시 남중동	1**	단독	8m미만	70.41	179	201804	27	6000	1975	선화로
4514011300	전라북도 익산시 남중동	3**	단독	12m미만	63.47	182	201804	2	10200	1976	익산대로50길
4514011300	전라북도 익산시 남중동	2**	단독	8m미만	79.54	195	201804	7	7500	1976	익산대로30길
4514011300	전라북도 익산시 남중동	3**	단독	12m미만	139.58	198	201804	27	22300	1980	동서로
4514011300	전라북도 익산시 남중동	8*	단독	8m미만	99.58	206	201804	30	25000	2017	인북로40길
4514011300	전라북도 익산시 남중동	5**	단독	12m미만	184.63	276.8	201804	9	35000	2014	동서로33길
4514011100	전라북도 익산시 동산동	1***	다가구	12m미만	381.62	226.1	201804	3	46300	2010	서동로18길
4514011100	전라북도 익산시 동산동	2**	단독	8m미만	63.81	248	201804	19	5000	1978	서동로14길
4514011200	전라북도 익산시 마동	1**	단독	8m미만	66.88	185	201804	23	9950	1976	인북로32길
4514011200	전라북도 익산시 마동	1**	단독	8m미만	152.11	198	201804	16	9300	1989	고봉로
4514011200	전라북도 익산시 마동	3**	단독	8m미만	206.84	211.4	201804	30	19300	1990	고봉로2길
4514011200	전라북도 익산시 마동	3**	단독	12m미만	493.43	228.4	201804	27	27800	1991	서동로5길
4514011200	전라북도 익산시 마동	5*	단독	8m미만	87.45	255	201804	13	13540	1989	선화로22길
4514038025	전라북도 익산시 망성면 내촌리	3*	단독	8m미만	57.7	433	201804	21	4500	1944	내촌동촌1길
4514038024	전라북도 익산시 망성면 어량리	9**	단독	8m미만	70	1398	201804	25	1850	1959	제내길
4514038022	전라북도 익산시 망성면 화산리	2**	단독	8m미만	40.6	419	201804	30	900	1934	신덕1길
4514011400	전라북도 익산시 모현동1가	7**	단독	8m미만	19.5	43	201804	17	3000	1958	군익로11길
4514011400	전라북도 익산시 모현동1가	2**	단독	8m미만	68.1	172	201804	19	9400	1978	고현로14길
4514011400	전라북도 익산시 모현동1가	6**	단독	8m미만	68.43	179	201804	27	25000	1977	군익로15길
4514011400	전라북도 익산시 모현동1가	7**	단독	8m미만	32.73	252	201804	22	4800	1945	군익로11길
4514011400	전라북도 익산시 모현동1가	1**	단독	8m미만	184.55	314	201804	12	23800	1993	선화로23길
4514011500	전라북도 익산시 모현동2가	5**	단독	8m미만	91	392	201804	24	3290	1985	신기1길
4514013400	전라북도 익산시 부송동	1***	단독	12m미만	232.76	196.6	201804	10	19000	1995	부송로6길
4514011600	전라북도 익산시 송학동	3**	단독	8m미만	52.46	96	201804	23	2500	1978	학곤로16길
4514011600	전라북도 익산시 송학동	2**	단독	8m미만	80	159	201804	11	5000	1978	고현로3길
4514011600	전라북도 익산시 송학동	9*	단독	8m미만	107.67	184	201804	17	13500	1980	고현로
4514012100	전라북도 익산시 신동	7**	다가구	12m미만	734.91	536.8	201804	22	82000	1999	동서로11길
4514012100	전라북도 익산시 신동	7**	단독	12m미만	125.74	108.4	201804	30	21000	1990	익산대로70길
4514012100	전라북도 익산시 신동	7**	단독	8m미만	164.77	261.4	201804	18	12400	1987	동서로5길
4514012100	전라북도 익산시 신동	8**	단독	8m미만	175.96	262.5	201804	25	28000	1987	익산대로56길
4514012100	전라북도 익산시 신동	8**	단독	12m미만	196.29	387.3	201804	23	45000	1988	익산대로60길
4514012400	전라북도 익산시 신흥동	2**	단독	8m미만	73.81	354	201804	10	3417	1995	서동로25길
4514012300	전라북도 익산시 어양동	6**	단독	8m미만	84.18	201.1	201804	4	18000	1989	동서로45길
4514039022	전라북도 익산시 여산면 제남리	3**	단독	-	58.59	453	201804	16	8000	2000	여강로
4514012200	전라북도 익산시 영등동	6**	단독	8m미만	106.42	188.4	201804	9	17300	1990	동서로47길
4514012200	전라북도 익산시 영등동	7**	단독	8m미만	96.17	215	201804	7	16000	1990	동서로43길
4514012200	전라북도 익산시 영등동	7**	단독	8m미만	157.94	231.4	201804	17	18500	1988	고봉로18길
4514012200	전라북도 익산시 영등동	5**	단독	8m미만	83.55	268	201804	8	6500	1983	선화로47길
4514031027	전라북도 익산시 오산면 목천리	9**	단독	8m미만	106.83	639	201804	10	16000	2002	동척길
4514044023	전라북도 익산시 용동면 용성리	3**	단독	8m미만	62.8	529	201804	20	3550	1945	용성길
4514044021	전라북도 익산시 용동면 흥왕리	4**	단독	8m미만	71.3	1240	201804	20	5550	1915	다산길
4514034027	전라북도 익산시 웅포면 대붕암리	4**	단독	8m미만	114.3	1008	201804	18	7800	1991	나루세길
4514034023	전라북도 익산시 웅포면 송천리	6**	단독	12m미만	314.47	2173	201804	19	37200	2002	송천로
4514013300	전라북도 익산시 월성동	5**	단독	8m미만	90.06	165	201804	23	1000	1940	외화길
4514013300	전라북도 익산시 월성동	6**	단독	12m미만	66.42	268	201804	11	2700	1950	몽환신화길
4514013300	전라북도 익산시 월성동	2**	단독	8m미만	86.1	330	201804	27	18000	2011	반월길
4514013200	전라북도 익산시 임상동	6*	단독	-	174.04	567	201804	27	40840	2010	신림길
4514010800	전라북도 익산시 주현동	2**	단독	12m미만	93.83	217.9	201804	11	14200	1981	서동로7길
4514010800	전라북도 익산시 주현동	*	단독	8m미만	147.13	291.9	201804	2	8600	1978	중앙로9길
4514010300	전라북도 익산시 중앙동1가	2*	단독	25m미만	421.58	88.2	201804	30	28000	1979	익산대로16길
4514010100	전라북도 익산시 창인동1가	2**	단독	12m미만	351.1	229.7	201804	6	14800	1976	중앙로7길
4514010200	전라북도 익산시 창인동2가	*	단독	8m미만	33.49	39.7	201804	30	1100	1965	null
4514042026	전라북도 익산시 춘포면 창평리	8**	단독	12m미만	93.09	660	201804	12	10000	2013	궁성로
4514010600	전라북도 익산시 평화동	1**	단독	8m미만	34.4	109.1	201804	27	4000	2011	익산대로1길
4514010600	전라북도 익산시 평화동	1**	단독	8m미만	58.5	162	201804	11	4000	1975	학곤로
4514010600	전라북도 익산시 평화동	1**	단독	8m미만	63.2	166.6	201804	10	4500	2011	학곤로
4514033026	전라북도 익산시 함라면 신목리	4**	단독	8m미만	90.82	337	201804	23	10600	1996	진목길
4514011900	전라북도 익산시 현영동	4**	단독	8m미만	98	435	201804	13	19700	2018	계문2길
4514011900	전라북도 익산시 현영동	4**	단독	8m미만	84.24	572	201804	1	7500	1994	현영길
4514011900	전라북도 익산시 현영동	1**	단독	8m미만	136.62	802	201804	30	22000	2007	현영길
4575039021	전라북도 임실군 강진면 백련리	1**	단독	8m미만	95.48	660	201804	4	5670	2009	청웅로
4575038026	전라북도 임실군 관촌면 관촌리	1**	단독	8m미만	73.7	165	201804	7	10200	2010	사선8길
4575040026	전라북도 임실군 덕치면 일중리	4**	단독	8m미만	75.56	357	201804	17	12700	2010	일중길
4575037033	전라북도 임실군 삼계면 두월리	3**	단독	8m미만	145.88	810	201804	10	7000	1950	두월길
4575025021	전라북도 임실군 임실읍 성가리	3*	단독	8m미만	89.62	310	201804	13	12800	1985	봉황10길
4575025021	전라북도 임실군 임실읍 성가리	6**	단독	8m미만	59.7	314	201804	11	4500	1989	봉황로
4575025022	전라북도 임실군 임실읍 이도리	7**	단독	8m미만	73.1	866.13	201804	9	1500	1945	null
4574036027	전라북도 장수군 계북면 양악리	2**	단독	8m미만	101.12	188	201804	26	6500	1993	양악1길
4574036024	전라북도 장수군 계북면 어전리	9**	단독	8m미만	60.3	330	201804	5	2900	1974	느랏길
4574033526	전라북도 장수군 장계면 월강리	2**	단독	8m미만	108.4	949	201804	5	1500	1935	도장골길
4574033521	전라북도 장수군 장계면 장계리	4**	단독	8m미만	52.5	155	201804	9	4000	1960	장계2길
4574025026	전라북도 장수군 장수읍 덕산리	8**	단독	8m미만	198.24	570	201804	30	15500	2002	신덕산길
4574025021	전라북도 장수군 장수읍 장수리	2**	단독	8m미만	64.5	60	201804	30	4000	2016	교촌로
4574034025	전라북도 장수군 천천면 삼고리	5**	단독	8m미만	72.67	496	201804	30	1000	1955	삼고길
4511312900	전라북도 전주덕진구 고랑동	1***	단독	8m미만	81.45	190	201804	6	19500	2014	쪽구름5길
4511310700	전라북도 전주덕진구 금암동	7**	다가구	12m미만	623.52	351.8	201804	11	133000	2018	떡전3길
4511310700	전라북도 전주덕진구 금암동	2**	단독	8m미만	86.23	88	201804	2	7500	1995	모래내5길
4511310700	전라북도 전주덕진구 금암동	7**	단독	8m미만	109.88	92	201804	27	9500	2001	금암1길
4511310700	전라북도 전주덕진구 금암동	1**	단독	8m미만	38.88	99	201804	20	7200	2018	건산로
4511310700	전라북도 전주덕진구 금암동	1***	단독	12m미만	125.7	126.5	201804	24	14500	1981	금암4길
4511310700	전라북도 전주덕진구 금암동	7**	단독	8m미만	67.09	129	201804	30	18300	2018	기린대로
4511310700	전라북도 전주덕진구 금암동	5**	단독	8m미만	72.72	136	201804	24	12000	1974	권삼득로
4511310700	전라북도 전주덕진구 금암동	1**	단독	8m미만	78.92	142	201804	13	10500	2000	모래내5길
4511310700	전라북도 전주덕진구 금암동	5**	단독	8m미만	60.12	145	201804	16	8000	1974	권삼득로
4511310700	전라북도 전주덕진구 금암동	5**	단독	8m미만	68.1	145	201804	17	13640	1974	권삼득로
4511310700	전라북도 전주덕진구 금암동	1***	단독	8m미만	110.26	168.5	201804	23	19700	2018	금암3길
4511310700	전라북도 전주덕진구 금암동	1***	단독	12m미만	94.66	171.4	201804	3	25900	1981	건지1길
4511310700	전라북도 전주덕진구 금암동	5**	단독	8m미만	80.98	198	201804	16	9800	1974	금암4길
4511310700	전라북도 전주덕진구 금암동	5**	단독	8m미만	84.73	198	201804	5	18277	1976	조경단로
4511310700	전라북도 전주덕진구 금암동	1***	단독	8m미만	190.71	202.9	201804	23	23300	2018	금암3길
4511310700	전라북도 전주덕진구 금암동	6**	단독	8m미만	262.75	317	201804	11	51500	1989	명륜1길
4511310500	전라북도 전주덕진구 덕진동1가	1***	단독	8m미만	56.85	148	201804	15	12150	1957	사평1길
4511310500	전라북도 전주덕진구 덕진동1가	1***	단독	8m미만	81.37	166.6	201804	19	14500	1983	들사평1길
4511310500	전라북도 전주덕진구 덕진동1가	1***	단독	8m미만	128.25	213.9	201804	30	29250	1985	들사평2길
4511310500	전라북도 전주덕진구 덕진동1가	1***	단독	8m미만	131.52	221.5	201804	30	28560	1979	들사평2길
4511310500	전라북도 전주덕진구 덕진동1가	1***	단독	8m미만	111.14	230.7	201804	30	30100	2018	들사평2길
4511310500	전라북도 전주덕진구 덕진동1가	1***	단독	8m미만	96.16	263	201804	30	14750	1980	사평4길
4511310600	전라북도 전주덕진구 덕진동2가	7*	단독	8m미만	156.48	134	201804	25	15900	2007	호반7길
4511310600	전라북도 전주덕진구 덕진동2가	1**	단독	8m미만	69.75	202	201804	26	13700	2018	하가4길
4511310600	전라북도 전주덕진구 덕진동2가	3**	단독	8m미만	65.12	456	201804	3	33810	1968	하가1길
4511312800	전라북도 전주덕진구 동산동	6**	단독	8m미만	156.42	215	201804	4	12000	1968	쪽구름1길
4511312800	전라북도 전주덕진구 동산동	6**	단독	8m미만	84.72	222	201804	4	28000	1983	쪽구름1길
4511312800	전라북도 전주덕진구 동산동	5**	단독	8m미만	59.6	264	201804	30	15700	2018	쪽구름로
4511312100	전라북도 전주덕진구 송천동1가	1**	다가구	8m미만	531.7	290	201804	29	62750	2009	솔내8길
4511312100	전라북도 전주덕진구 송천동1가	1**	단독	8m미만	142.94	169	201804	27	15000	1993	솔내1길
4511313000	전라북도 전주덕진구 여의동	7**	단독	8m미만	37	231	201804	2	3600	1970	팔복로
4511311400	전라북도 전주덕진구 우아동2가	8**	단독	25m미만	433.54	241.3	201804	9	58500	2011	중상보로
4511311400	전라북도 전주덕진구 우아동2가	8**	단독	8m미만	558.59	341.5	201804	17	60000	2006	중상보로
4511311500	전라북도 전주덕진구 우아동3가	4**	다가구	8m미만	441.87	310	201804	17	31000	1997	도당산로
4511311500	전라북도 전주덕진구 우아동3가	7**	단독	12m미만	82.68	155.4	201804	26	10000	1982	우아3길
4511311500	전라북도 전주덕진구 우아동3가	7**	단독	8m미만	162.12	237.2	201804	3	20000	1996	도당산로
4511312700	전라북도 전주덕진구 원동	5**	단독	8m미만	61.16	202	201804	2	7000	1982	매암길
4511310300	전라북도 전주덕진구 인후동1가	7**	단독	8m미만	183.87	182	201804	15	8500	1992	안골3길
4511310300	전라북도 전주덕진구 인후동1가	9**	단독	8m미만	91.84	187.5	201804	26	17500	2001	무삼지5길
4511310300	전라북도 전주덕진구 인후동1가	2**	단독	8m미만	88.7	188	201804	14	8000	1982	인후5길
4511310300	전라북도 전주덕진구 인후동1가	7**	단독	12m미만	424.8	210.4	201804	2	35000	2004	팽나무3길
4511310300	전라북도 전주덕진구 인후동1가	5**	단독	12m미만	143.38	212	201804	27	26000	1982	팽나무3길
4511310300	전라북도 전주덕진구 인후동1가	6**	단독	25m미만	140.73	257	201804	4	25800	1980	반태산5길
4511310300	전라북도 전주덕진구 인후동1가	8**	단독	12m미만	651.93	376.9	201804	9	67000	2007	가재미5길
4511310300	전라북도 전주덕진구 인후동1가	1**	단독	8m미만	153.84	387	201804	11	18310	1968	인후2길
4511310400	전라북도 전주덕진구 인후동2가	2**	단독	8m미만	45.95	102	201804	14	5800	1972	모래내7길
4511310400	전라북도 전주덕진구 인후동2가	2**	단독	8m미만	99.82	126	201804	12	8500	1977	모래내6길
4511313200	전라북도 전주덕진구 장동	8**	단독	8m미만	71.28	456	201804	9	9000	1994	재방마을길
4511313800	전라북도 전주덕진구 중동	7**	단독	12m미만	397.82	262.5	201804	21	76500	2015	오정2길
4511310200	전라북도 전주덕진구 진북동	4**	단독	8m미만	19.83	99	201804	21	6500	1950	숲정이2길
4511310200	전라북도 전주덕진구 진북동	3**	단독	8m미만	46.08	106.4	201804	4	7900	1971	건산3길
4511310200	전라북도 전주덕진구 진북동	7**	단독	8m미만	56.19	109	201804	14	5700	1950	숲정이2길
4511310200	전라북도 전주덕진구 진북동	4**	단독	8m미만	64.46	115	201804	21	6500	1950	숲정이2길
4511310200	전라북도 전주덕진구 진북동	3**	단독	8m미만	70.41	123.6	201804	2	8300	1977	반촌1길
4511310200	전라북도 전주덕진구 진북동	2**	단독	8m미만	58.23	126	201804	4	5000	1976	반촌8길
4511310200	전라북도 전주덕진구 진북동	2**	단독	8m미만	125.24	138	201804	14	16500	1989	반촌8길
4511310200	전라북도 전주덕진구 진북동	4**	단독	8m미만	72.03	154	201804	4	13000	1976	숲정이3길
4511310200	전라북도 전주덕진구 진북동	9**	단독	8m미만	83.62	155	201804	30	8460	1975	어은골1길
4511310200	전라북도 전주덕진구 진북동	1***	단독	8m미만	93.4	162	201804	2	7900	1980	숲정이1길
4511310200	전라북도 전주덕진구 진북동	4**	단독	8m미만	76.68	165	201804	30	12000	1976	숲정이4길
4511310200	전라북도 전주덕진구 진북동	1***	단독	25m미만	66.15	181.8	201804	4	19500	1975	숲정이로
4511310200	전라북도 전주덕진구 진북동	3**	단독	8m미만	65.78	197.7	201804	6	10800	1974	null
4511310200	전라북도 전주덕진구 진북동	3**	단독	8m미만	92.1	201.7	201804	17	20100	1977	팔달로
4511310200	전라북도 전주덕진구 진북동	1***	단독	8m미만	84.82	214.9	201804	27	14000	1975	숲정이로
4511310200	전라북도 전주덕진구 진북동	8**	단독	8m미만	49.68	251	201804	24	19050	1967	숲정이1길
4511310200	전라북도 전주덕진구 진북동	9**	단독	8m미만	80.99	288	201804	10	15000	1977	어은골3길
4511310200	전라북도 전주덕진구 진북동	1***	단독	8m미만	556.38	342.1	201804	6	44000	2001	숲정이1길
4511310900	전라북도 전주덕진구 팔복동2가	4*	단독	8m미만	56.92	115	201804	6	4000	2018	추천3길
4511310900	전라북도 전주덕진구 팔복동2가	6*	단독	8m미만	89.56	212	201804	24	7000	1978	추천2길
4511311600	전라북도 전주덕진구 호성동1가	1**	단독	25m미만	172.77	722	201804	12	27000	1986	초포다리로
4511311700	전라북도 전주덕진구 호성동2가	3**	단독	8m미만	93.73	383	201804	2	9100	2018	봉암길
4511312400	전라북도 전주덕진구 화전동	5**	단독	8m미만	116.49	958	201804	16	12000	1929	원화전2길
4511110700	전라북도 전주완산구 경원동3가	1**	단독	8m미만	61.14	208	201804	12	10629	1956	현무2길
4511111700	전라북도 전주완산구 고사동	4**	단독	8m미만	51.23	137.1	201804	6	28450	1974	전주객사2길
4511111700	전라북도 전주완산구 고사동	2**	단독	8m미만	115.2	231.4	201804	13	45000	2003	전주객사5길
4511111700	전라북도 전주완산구 고사동	2**	단독	8m미만	55.86	244.6	201804	28	18000	1955	대동로
4511112100	전라북도 전주완산구 남노송동	1**	단독	8m미만	52.2	182	201804	10	10800	2010	관선5길
4511112100	전라북도 전주완산구 남노송동	1**	단독	8m미만	50.42	216	201804	25	14000	2010	마당재1길
4511112100	전라북도 전주완산구 남노송동	1**	단독	12m미만	69.75	218	201804	27	10100	1951	관선1길
4511111500	전라북도 전주완산구 다가동3가	8*	단독	25m이상	440.82	152	201804	29	47000	1990	충경로
4511111600	전라북도 전주완산구 다가동4가	6*	단독	8m미만	26.4	72.7	201804	30	10000	2010	전주객사1길
4511111600	전라북도 전주완산구 다가동4가	3*	단독	12m미만	79.2	99.2	201804	7	21000	2010	전주객사1길
4511114300	전라북도 전주완산구 대성동	2**	단독	8m미만	137.79	494	201804	30	35000	2014	객원길
4511112500	전라북도 전주완산구 동서학동	2**	단독	8m미만	105.79	128	201804	25	13500	1976	학봉1길
4511113700	전라북도 전주완산구 삼천동1가	6**	단독	8m미만	183.18	199.7	201804	28	24700	1992	하거마5길
4511113700	전라북도 전주완산구 삼천동1가	5**	단독	8m미만	281.17	214.5	201804	26	23000	2010	송정로
4511113700	전라북도 전주완산구 삼천동1가	6**	단독	8m미만	386.82	216.8	201804	11	26000	1994	하거마4길
4511113700	전라북도 전주완산구 삼천동1가	6**	단독	8m미만	354.2	218.7	201804	28	27000	1997	거마산로
4511113700	전라북도 전주완산구 삼천동1가	5**	단독	8m미만	133.58	225	201804	16	21400	1989	송정4길
4511113700	전라북도 전주완산구 삼천동1가	7**	단독	8m미만	424.5	244	201804	4	43000	1994	솟대1길
4511113700	전라북도 전주완산구 삼천동1가	6**	단독	25m미만	204.32	288.8	201804	18	49000	1993	용리로
4511113700	전라북도 전주완산구 삼천동1가	4**	단독	8m미만	657.88	437	201804	11	101542	2018	삼천천변2길
4511113800	전라북도 전주완산구 삼천동2가	1**	단독	8m미만	85.26	490	201804	21	13000	2010	용산마을길
4511112600	전라북도 전주완산구 서서학동	1**	단독	8m미만	60	182	201804	22	5800	1954	장승배기로
4511112900	전라북도 전주완산구 서신동	8**	다가구	8m미만	210.16	179.9	201804	19	25000	2010	서신천변9길
4511112900	전라북도 전주완산구 서신동	8**	단독	12m미만	108	181.3	201804	17	20000	2009	안터2길
4511112900	전라북도 전주완산구 서신동	8**	단독	12m미만	298.11	192	201804	18	27800	1996	서신천변3길
4511112900	전라북도 전주완산구 서신동	8**	단독	8m미만	363.78	202.7	201804	2	30000	2002	서신천변4길
4511112900	전라북도 전주완산구 서신동	8**	단독	8m미만	344.56	204.2	201804	11	34000	2002	서신천변8길
4511112900	전라북도 전주완산구 서신동	1***	단독	12m미만	335.69	205.4	201804	10	40000	2006	고사평5길
4511112900	전라북도 전주완산구 서신동	9**	단독	25m미만	136	242	201804	2	64500	2008	고사평로
4511112000	전라북도 전주완산구 중노송동	4**	단독	8m미만	42.11	86	201804	28	2600	1985	물왕멀로
4511112000	전라북도 전주완산구 중노송동	7**	단독	12m미만	28.76	131	201804	27	9600	2010	물왕멀로
4511112000	전라북도 전주완산구 중노송동	2**	단독	8m미만	82.32	258	201804	4	21000	2010	문화3길
4511112000	전라북도 전주완산구 중노송동	3**	단독	8m미만	77.59	319	201804	16	15650	2010	인봉남로
4511113500	전라북도 전주완산구 중인동	1***	단독	8m미만	64.83	200	201804	9	9000	2007	중인1길
4511113500	전라북도 전주완산구 중인동	8**	단독	8m미만	296.64	592	201804	8	17000	1990	null
4511112700	전라북도 전주완산구 중화산동1가	2**	단독	8m미만	96.3	185	201804	23	4600	1976	전주천서로
4511112800	전라북도 전주완산구 중화산동2가	5**	다가구	25m미만	488.88	290.8	201804	18	35000	1994	따박골로
4511112800	전라북도 전주완산구 중화산동2가	7**	단독	12m미만	445.28	251.7	201804	27	50000	1998	메너머1길
4511112800	전라북도 전주완산구 중화산동2가	6**	단독	8m미만	477.75	287.5	201804	2	60000	2001	중산3길
4511112800	전라북도 전주완산구 중화산동2가	6**	단독	12m미만	527.71	300.6	201804	9	86000	2012	메너머2길
4511112800	전라북도 전주완산구 중화산동2가	5**	단독	12m미만	588	350.6	201804	27	58000	2002	메너머1길
4511111900	전라북도 전주완산구 태평동	2**	단독	8m미만	33.06	69	201804	10	5700	1956	물레방아2길
4511111900	전라북도 전주완산구 태평동	1**	단독	8m미만	41	69	201804	14	7770	1994	물레방아2길
4511111900	전라북도 전주완산구 태평동	2**	단독	8m미만	50.91	89	201804	4	7080	2010	물레방아2길
4511111900	전라북도 전주완산구 태평동	2**	단독	8m미만	50.91	89	201804	14	7580	2010	물레방아2길
4511111900	전라북도 전주완산구 태평동	1**	단독	8m미만	59.4	102	201804	11	9800	1975	물레방아2길
4511111900	전라북도 전주완산구 태평동	1**	단독	8m미만	51.57	119	201804	10	9100	1953	물레방아3길
4511111900	전라북도 전주완산구 태평동	9*	단독	8m미만	57.19	126	201804	16	3000	1974	대동로
4511111900	전라북도 전주완산구 태평동	1**	단독	8m미만	77.98	155	201804	19	10763	1965	물레방아2길
4511111900	전라북도 전주완산구 태평동	1**	단독	8m미만	50.25	166	201804	11	10000	1971	물레방아2길
4511111900	전라북도 전주완산구 태평동	1**	단독	8m미만	113.4	185	201804	27	12880	1985	물레방아1길
4511111900	전라북도 전주완산구 태평동	2*	단독	8m미만	110.4	314	201804	25	10400	1940	태평3길
4511113200	전라북도 전주완산구 평화동1가	4**	단독	8m미만	76.02	169	201804	6	650	1978	장승배기2길
4511111000	전라북도 전주완산구 풍남동3가	5*	단독	8m미만	48.58	102.5	201804	12	20500	2010	한지길
4511114000	전라북도 전주완산구 효자동1가	1**	단독	8m미만	52.3	109	201804	30	8000	1978	따박골4길
4511114000	전라북도 전주완산구 효자동1가	1**	단독	8m미만	45.9	129	201804	26	14000	1976	따박골4길
4511114000	전라북도 전주완산구 효자동1가	1**	단독	8m미만	74.2	195	201804	4	19000	1978	따박골4길
4511114000	전라북도 전주완산구 효자동1가	1**	단독	12m미만	83.96	199	201804	16	13900	1979	안행5길
4511114000	전라북도 전주완산구 효자동1가	1**	단독	8m미만	74.36	205	201804	30	18700	1978	따박골4길
4511114000	전라북도 전주완산구 효자동1가	1**	단독	8m미만	83.68	225	201804	5	20000	1981	따박골4길
4511114000	전라북도 전주완산구 효자동1가	1**	단독	8m미만	98.82	226	201804	11	22000	1985	따박골4길
4511114000	전라북도 전주완산구 효자동1가	6**	단독	25m미만	466.62	342.4	201804	5	60000	1991	거마평로
4511114200	전라북도 전주완산구 효자동3가	1***	다가구	12m미만	480.71	270.1	201804	7	79000	2010	척동10길
4511114200	전라북도 전주완산구 효자동3가	1***	다가구	12m미만	540.4	308.2	201804	30	70500	2010	황강서원1길
4511114200	전라북도 전주완산구 효자동3가	1***	단독	12m미만	457.54	256.6	201804	24	82000	2011	봉곡2길
4511114200	전라북도 전주완산구 효자동3가	1***	단독	12m미만	484.98	269.5	201804	14	90000	2011	봉곡4길
4511114200	전라북도 전주완산구 효자동3가	1***	단독	12m미만	490.85	273.2	201804	2	87000	2011	배학2길
4511114200	전라북도 전주완산구 효자동3가	1***	단독	25m미만	397.99	278.8	201804	10	42000	2005	서곡4길
4511114200	전라북도 전주완산구 효자동3가	1***	단독	12m미만	592.36	329.6	201804	24	90000	2013	배학4길
4511114200	전라북도 전주완산구 효자동3가	1***	단독	8m미만	160.92	379.5	201804	2	54500	2011	농소7길
4511114200	전라북도 전주완산구 효자동3가	1***	단독	12m미만	884.73	592	201804	15	130000	2012	농소1길
4518040025	전라북도 정읍시 감곡면 오주리	2**	단독	8m미만	56.9	519	201804	17	600	1943	장촌길
4518011200	전라북도 정읍시 금붕동	9**	단독	8m미만	157.94	460	201804	9	46400	2015	금붕1길
4518011200	전라북도 정읍시 금붕동	9*	단독	8m미만	191.97	721	201804	2	32000	2010	대석1길
4518010600	전라북도 정읍시 농소동	1***	단독	8m미만	70.75	119	201804	24	2000	1995	소정1길
4518010600	전라북도 정읍시 농소동	9*	단독	25m이상	724.36	496	201804	4	96000	2014	서부산업도로
4518011700	전라북도 정읍시 부전동	1***	단독	8m미만	75.26	159	201804	9	5800	2002	부전안길
4518031021	전라북도 정읍시 북면 한교리	4**	단독	12m미만	149.88	860	201804	23	21150	2014	화평길
4518031028	전라북도 정읍시 북면 화해리	2*	단독	8m미만	51.9	395	201804	19	2300	1920	원화해1길
4518010300	전라북도 정읍시 상동	7**	단독	8m미만	75.06	142	201804	2	2500	1983	동부4길
4518010300	전라북도 정읍시 상동	1**	단독	8m미만	101.1	247	201804	6	8000	1984	하신경9길
4518033028	전라북도 정읍시 소성면 중광리	2**	단독	8m미만	55	3018	201804	6	2090	1971	광산길
4518010100	전라북도 정읍시 수성동	5**	단독	12m미만	190.35	499	201804	27	46954	1977	중앙1길
4518010400	전라북도 정읍시 시기동	2**	단독	8m미만	392.08	211	201804	13	30000	1993	태평4길
4518010400	전라북도 정읍시 시기동	1**	단독	8m미만	95.29	258	201804	19	11000	1982	중앙로
4518010400	전라북도 정읍시 시기동	2**	단독	8m미만	149.19	359	201804	15	11500	1981	태평5길
4518011800	전라북도 정읍시 쌍암동	5**	단독	8m미만	66.6	738	201804	21	8500	1984	월영2길
4518010500	전라북도 정읍시 연지동	2**	단독	8m미만	102.7	277	201804	9	14100	1981	연지3길
4518010500	전라북도 정읍시 연지동	*	단독	8m미만	143.02	296	201804	13	8900	1989	명덕3길
4518041022	전라북도 정읍시 옹동면 매정리	7**	단독	12m미만	50.4	746	201804	26	10400	2001	태산로
4518032027	전라북도 정읍시 입암면 접지리	8**	단독	8m미만	60	318	201804	30	1500	1978	접지서부1길
4518032027	전라북도 정읍시 입암면 접지리	7**	단독	8m미만	84.76	334	201804	21	5200	1978	접지동부길
4518038028	전라북도 정읍시 정우면 대산리	1**	단독	8m미만	78.88	749	201804	23	7500	2007	대산1길
4518012100	전라북도 정읍시 하북동	6**	단독	8m미만	49.5	323	201804	20	1150	1983	하북2길
4572037023	전라북도 진안군 마령면 계서리	1***	단독	8m미만	77.72	1068	201804	3	5400	1992	서비산길
4572035029	전라북도 진안군 백운면 운교리	9**	단독	8m미만	99.65	324	201804	23	7100	2010	하원산길
4572034024	전라북도 진안군 상전면 월포리	1***	단독	8m미만	99.85	355	201804	24	6000	2003	진무로
4572034024	전라북도 진안군 상전면 월포리	1***	단독	8m미만	83.31	625	201804	27	8500	2003	월포양지길
4572031025	전라북도 진안군 용담면 송풍리	1***	단독	8m미만	24	441	201804	5	3300	2011	왕두길
4572039025	전라북도 진안군 정천면 월평리	9**	단독	8m미만	123.45	341	201804	5	3150	1949	원월평길
4572025022	전라북도 진안군 진안읍 군하리	1**	단독	8m미만	44.56	145	201804	11	4850	1987	대괭이길
4572025033	전라북도 진안군 진안읍 운산리	1***	단독	8m미만	87.95	227	201804	13	4000	1997	구운길
5013011600	제주특별자치도 서귀포시 강정동	1**	단독	12m미만	99.4	239.5	201804	15	49500	2012	신서로
5013011600	제주특별자치도 서귀포시 강정동	1**	단독	8m미만	84.21	287	201804	16	36500	1995	신서로102번길
5013011600	제주특별자치도 서귀포시 강정동	4***	단독	8m미만	33.84	291	201804	2	8800	1983	용흥로49번길
5013011600	제주특별자치도 서귀포시 강정동	4***	단독	8m미만	33.84	291	201804	20	15400	1983	용흥로49번길
5013025329	제주특별자치도 서귀포시 남원읍 신례리	6**	단독	8m미만	89.78	487	201804	2	27930	2016	하신로
5013025327	제주특별자치도 서귀포시 남원읍 위미리	3***	단독	8m미만	112.49	453	201804	30	32500	1955	태위로44번길
5013025327	제주특별자치도 서귀포시 남원읍 위미리	3***	단독	8m미만	64.59	545	201804	12	31000	1976	태위로
5013025322	제주특별자치도 서귀포시 남원읍 태흥리	6**	단독	8m미만	97.08	180.19	201804	20	23191	2018	태신삼석로91번길
5013025322	제주특별자치도 서귀포시 남원읍 태흥리	3*	단독	8m미만	50.8	261	201804	7	29000	1989	삼덕동로
5013025322	제주특별자치도 서귀포시 남원읍 태흥리	4*	단독	12m미만	312.63	498	201804	20	70000	1998	태신해안로
5013025328	제주특별자치도 서귀포시 남원읍 하례리	1***	단독	8m미만	50.4	4797	201804	30	95000	1999	하례로
5013025029	제주특별자치도 서귀포시 대정읍 보성리	1***	단독	12m미만	91.3	311	201804	9	38000	1986	추사로55번길
5013025021	제주특별자치도 서귀포시 대정읍 상모리	3***	단독	8m미만	97.9	311	201804	10	36800	1980	상모로288번길
5013025021	제주특별자치도 서귀포시 대정읍 상모리	3***	단독	12m미만	90.26	410	201804	18	45000	1942	영서중로
5013025021	제주특별자치도 서귀포시 대정읍 상모리	3***	단독	8m미만	57.19	489	201804	18	23500	1973	영서중로
5013025021	제주특별자치도 서귀포시 대정읍 상모리	3***	단독	8m미만	59.5	582	201804	18	45000	1942	영서중로
5013025025	제주특별자치도 서귀포시 대정읍 일과리	9**	단독	8m미만	161.91	493.04	201804	9	65000	2017	null
5013025022	제주특별자치도 서귀포시 대정읍 하모리	1***	단독	8m미만	99.21	344	201804	5	35000	2017	대한로88번길
5013010500	제주특별자치도 서귀포시 동홍동	5**	단독	8m미만	162.6	203	201804	16	32000	2002	동홍로109번길
5013011000	제주특별자치도 서귀포시 보목동	1***	단독	-	82.08	313	201804	3	11500	1995	칠십리로
5013011000	제주특별자치도 서귀포시 보목동	5**	단독	8m미만	99.89	400	201804	2	47000	2010	보목포로
5013010100	제주특별자치도 서귀포시 서귀동	3**	단독	12m미만	60.69	178.5	201804	20	16000	1976	서문로38번길
5013010100	제주특별자치도 서귀포시 서귀동	6**	단독	8m미만	124.08	410	201804	13	64000	1955	솔동산로11번길
5013010300	제주특별자치도 서귀포시 서호동	2**	단독	8m미만	113.23	728	201804	29	65000	2013	호근로26번길
5013010600	제주특별자치도 서귀포시 서홍동	1***	단독	8m미만	197.39	473.93	201804	27	111600	2018	당동산로
5013010600	제주특별자치도 서귀포시 서홍동	*	단독	8m미만	91.04	827	201804	19	41500	2013	지장샘로
5013025924	제주특별자치도 서귀포시 성산읍 고성리	1***	단독	8m미만	26.44	126	201804	17	19800	1969	고성동서로45번길
5013025924	제주특별자치도 서귀포시 성산읍 고성리	2***	단독	8m미만	99.99	345	201804	15	38460	2018	산성효자로114번길
5013025924	제주특별자치도 서귀포시 성산읍 고성리	5**	단독	8m미만	99.73	396	201804	27	22000	2017	신고로22번길
5013025931	제주특별자치도 서귀포시 성산읍 난산리	6**	단독	8m미만	131.83	485	201804	5	40558	2017	난고로
5013025931	제주특별자치도 서귀포시 성산읍 난산리	6**	단독	12m미만	131.83	528	201804	5	40736	2017	난고로
5013025931	제주특별자치도 서귀포시 성산읍 난산리	6**	단독	8m미만	131.83	546	201804	5	40802	2017	난고로
5013031026	제주특별자치도 서귀포시 안덕면 덕수리	2***	단독	8m미만	135.52	660	201804	25	25500	2011	일주서로2048번길
5013031028	제주특별자치도 서귀포시 안덕면 동광리	*	단독	8m미만	126	595	201804	28	30000	2015	신화역사로726번길
5013031028	제주특별자치도 서귀포시 안덕면 동광리	7*	단독	12m미만	39.7	697	201804	13	38000	1969	신화역사로682번길
5013031025	제주특별자치도 서귀포시 안덕면 사계리	2***	단독	8m미만	60.11	228	201804	11	20000	2014	사계중앙로
5013031021	제주특별자치도 서귀포시 안덕면 화순리	1***	단독	8m미만	117.17	188	201804	9	26000	2016	null
5013031021	제주특별자치도 서귀포시 안덕면 화순리	2**	단독	25m미만	226.65	446	201804	3	60000	1991	화순로
5013031021	제주특별자치도 서귀포시 안덕면 화순리	6**	단독	8m미만	56.2	532	201804	20	30000	2012	화순해안로130번길
5013011200	제주특별자치도 서귀포시 중문동	1***	단독	12m미만	167.56	1109	201804	18	36500	1985	중문로
5013032024	제주특별자치도 서귀포시 표선면 가시리	3**	단독	8m미만	128.6	435	201804	5	30835	2018	한마음초등로
5013032022	제주특별자치도 서귀포시 표선면 하천리	4**	단독	12m미만	164.88	977	201804	28	44200	1977	하천로
5013012100	제주특별자치도 서귀포시 하예동	7**	단독	8m미만	98.62	303	201804	30	57900	2013	예래해안로
5013012100	제주특별자치도 서귀포시 하예동	1***	단독	25m미만	395.58	742	201804	20	131000	2015	예래로
5013010800	제주특별자치도 서귀포시 하효동	9**	단독	8m미만	56.83	593	201804	9	37000	1975	하효중앙로
5013010400	제주특별자치도 서귀포시 호근동	1***	단독	8m미만	45.13	215	201804	14	15000	1983	막동산로
5013010400	제주특별자치도 서귀포시 호근동	1***	단독	8m미만	49.96	3071	201804	10	157930	1999	null
5011010700	제주특별자치도 제주시 건입동	1***	단독	12m미만	59.5	105	201804	9	5000	1963	연무정길
5011025621	제주특별자치도 제주시 구좌읍 동복리	1***	단독	8m미만	59.5	122	201804	3	10000	1970	동복로2길
5011025628	제주특별자치도 제주시 구좌읍 세화리	8**	단독	8m미만	49.59	317	201804	24	12000	1969	세송로
5011025625	제주특별자치도 제주시 구좌읍 송당리	1***	단독	12m미만	76.5	550	201804	13	8600	1950	송당6길
5011025625	제주특별자치도 제주시 구좌읍 송당리	1***	단독	12m미만	1403.66	658	201804	13	219000	1950	송당6길
5011025625	제주특별자치도 제주시 구좌읍 송당리	1***	단독	12m미만	66.12	5230	201804	13	35500	1968	송당6길
5011025626	제주특별자치도 제주시 구좌읍 월정리	3**	단독	8m미만	92.55	288	201804	20	12500	2014	월정중길
5011025631	제주특별자치도 제주시 구좌읍 하도리	1***	단독	8m미만	62.81	370	201804	23	5500	1968	하도서문길
5011025631	제주특별자치도 제주시 구좌읍 하도리	1***	단독	-	99.45	453	201804	3	39000	2017	null
5011025631	제주특별자치도 제주시 구좌읍 하도리	1***	단독	12m미만	72.73	460	201804	3	6500	1968	하도3길
5011025631	제주특별자치도 제주시 구좌읍 하도리	1***	단독	8m미만	128.01	941	201804	20	70000	2018	하도3길
5011025627	제주특별자치도 제주시 구좌읍 행원리	3***	단독	8m미만	197.55	1001	201804	19	36000	2010	덕행로
5011012200	제주특별자치도 제주시 노형동	2***	단독	25m이상	84.44	221	201804	2	58900	2017	월광로
5011012200	제주특별자치도 제주시 노형동	2***	단독	25m이상	84.44	221	201804	11	52900	2017	월광로
5011012200	제주특별자치도 제주시 노형동	2***	단독	25m이상	84.44	221	201804	12	52900	2017	월광로
5011012200	제주특별자치도 제주시 노형동	2***	단독	25m이상	84.44	221	201804	13	52900	2017	월광로
5011012200	제주특별자치도 제주시 노형동	2***	단독	25m이상	84.44	221	201804	15	56900	2017	월광로
5011012200	제주특별자치도 제주시 노형동	2***	단독	25m이상	84.44	221	201804	16	53900	2017	월광로
5011012200	제주특별자치도 제주시 노형동	2***	단독	25m이상	84.44	221	201804	17	53900	2017	월광로
5011012200	제주특별자치도 제주시 노형동	2***	단독	25m이상	84.44	221	201804	19	53900	2017	월광로
5011012900	제주특별자치도 제주시 도남동	9**	단독	12m미만	83.66	92.6	201804	27	14000	1983	서광로20길
5011012900	제주특별자치도 제주시 도남동	4*	단독	12m미만	81.63	192.9	201804	2	36800	2005	신성로4길
5011012900	제주특별자치도 제주시 도남동	9**	단독	25m미만	269.86	219.3	201804	30	68000	1991	신성로
5011011600	제주특별자치도 제주시 봉개동	1***	단독	25m이상	91.16	191	201804	4	48000	1995	번영로
5011010600	제주특별자치도 제주시 삼도이동	1***	단독	8m미만	85.94	148.8	201804	18	5000	1971	탑동로9길
5011011300	제주특별자치도 제주시 삼양일동	1***	단독	25m미만	87.67	195.9	201804	22	35800	2013	선사로8길
5011011300	제주특별자치도 제주시 삼양일동	1***	단독	25m미만	49.5	413	201804	30	35300	1998	원당로
5011025333	제주특별자치도 제주시 애월읍 고내리	1***	단독	8m미만	47.2	228	201804	16	15000	2014	고내안길
5011025329	제주특별자치도 제주시 애월읍 고성리	1***	단독	8m미만	85.61	200.2	201804	20	24000	1995	고성서3길
5011025324	제주특별자치도 제주시 애월읍 구엄리	6**	단독	8m미만	99.97	392.35	201804	9	47000	2017	구엄동3길
5011025328	제주특별자치도 제주시 애월읍 소길리	8**	단독	12m미만	99.17	338	201804	13	39000	2018	장소로
5011025328	제주특별자치도 제주시 애월읍 소길리	7*	단독	8m미만	99.27	458	201804	17	31000	2017	유수암서길
5011025328	제주특별자치도 제주시 애월읍 소길리	7*	단독	8m미만	99.27	464	201804	30	31000	2017	유수암서길
5011025328	제주특별자치도 제주시 애월읍 소길리	9*	단독	8m미만	148.94	482	201804	17	41000	2017	유수암서길
5011025328	제주특별자치도 제주시 애월읍 소길리	8**	단독	12m미만	109.44	530	201804	7	52000	2015	장소로
5011025326	제주특별자치도 제주시 애월읍 신엄리	9**	단독	8m미만	165.27	817	201804	27	54500	1971	중엄3길
5011025334	제주특별자치도 제주시 애월읍 애월리	2***	단독	8m미만	90	330	201804	10	190000	1988	애월로1길
5011025336	제주특별자치도 제주시 애월읍 어음리	4**	단독	8m미만	99.7	429.96	201804	19	45600	2017	어음13길
5011025336	제주특별자치도 제주시 애월읍 어음리	2***	단독	12m미만	60.45	622	201804	2	29000	1993	어음10길
5011025342	제주특별자치도 제주시 애월읍 유수암리	1***	단독	12m미만	59.9	410	201804	5	27000	2012	유수암로
5011025342	제주특별자치도 제주시 애월읍 유수암리	8**	단독	8m미만	99.88	430	201804	6	53000	2017	유수암평화길
5011025342	제주특별자치도 제주시 애월읍 유수암리	2***	단독	8m미만	95.7	466.53	201804	20	40500	2017	장유서길
5011025327	제주특별자치도 제주시 애월읍 장전리	3**	단독	8m미만	99	250	201804	5	45000	2018	장전로
5011025340	제주특별자치도 제주시 애월읍 하귀1리	6*	단독	8m미만	65.4	331	201804	2	30900	2016	하귀1길
5011025340	제주특별자치도 제주시 애월읍 하귀1리	4*	단독	8m미만	126.59	441	201804	11	46000	1995	하귀1길
5011013700	제주특별자치도 제주시 연동	1***	단독	12m미만	306.6	212.3	201804	13	82000	2003	연화로4길
5011013700	제주특별자치도 제주시 연동	2**	단독	8m미만	96.96	285	201804	30	30000	1980	null
5011013600	제주특별자치도 제주시 영평동	1**	단독	8m미만	130.32	498	201804	2	40200	2017	구릉동산길
5011013400	제주특별자치도 제주시 오등동	1***	단독	8m미만	23.14	345	201804	4	35000	1960	null
5011012000	제주특별자치도 제주시 오라이동	1**	단독	8m미만	84.35	352.79	201804	11	48000	2018	정실동1길
5011012000	제주특별자치도 제주시 오라이동	1**	단독	8m미만	84.35	420.79	201804	12	52000	2018	정실동1길
5011012000	제주특별자치도 제주시 오라이동	1**	단독	8m미만	84.35	464.79	201804	13	55000	2018	정실동1길
5011012300	제주특별자치도 제주시 외도일동	2***	단독	8m미만	196.41	387	201804	15	37700	1989	일주서로
5011010900	제주특별자치도 제주시 용담이동	2***	단독	8m미만	55.53	139	201804	5	14500	1966	용문로18길
5011010900	제주특별자치도 제주시 용담이동	2***	단독	8m미만	59.5	221	201804	17	15000	1976	용문로
5011010900	제주특별자치도 제주시 용담이동	2***	단독	25m이상	129.58	485	201804	25	81000	1984	용문로
5011010800	제주특별자치도 제주시 용담일동	2**	단독	8m미만	198.7	192.2	201804	28	31000	1992	용남2길
5011033021	제주특별자치도 제주시 우도면 연평리	1***	단독	8m미만	52.89	416	201804	20	24200	1979	삼양고수물길
5011010400	제주특별자치도 제주시 이도이동	1***	단독	12m미만	89.61	185.9	201804	11	47000	1999	오복6길
5011012500	제주특별자치도 제주시 이호일동	5**	단독	8m미만	147.9	486	201804	26	32000	1979	백포동길
5011010200	제주특별자치도 제주시 일도이동	3**	단독	12m미만	71.89	125.4	201804	23	20000	1984	동광로16길
5011010200	제주특별자치도 제주시 일도이동	3**	단독	8m미만	78.26	199.9	201804	3	32000	1979	신산로13길
5011010200	제주특별자치도 제주시 일도이동	1***	단독	12m미만	178.58	208.5	201804	30	25000	1992	신산로8길
5011010100	제주특별자치도 제주시 일도일동	1***	단독	8m미만	116.38	165	201804	2	25000	1972	삼성로5길
5011025926	제주특별자치도 제주시 조천읍 대흘리	1***	단독	8m미만	180.69	660	201804	6	39800	2005	대흘남길
5011025930	제주특별자치도 제주시 조천읍 선흘리	3***	단독	8m미만	49.8	400	201804	10	15000	2017	선흘서5길
5011025930	제주특별자치도 제주시 조천읍 선흘리	1***	단독	25m미만	105	560	201804	2	35000	2016	중산간동로
5011025930	제주특별자치도 제주시 조천읍 선흘리	4***	단독	8m미만	194.35	657	201804	27	98000	2011	와선로
5011025921	제주특별자치도 제주시 조천읍 신촌리	2**	단독	8m미만	27.82	195	201804	13	11600	2006	null
5011025921	제주특별자치도 제주시 조천읍 신촌리	1***	단독	8m미만	42.66	198	201804	9	25000	1977	신촌9길
5011025921	제주특별자치도 제주시 조천읍 신촌리	3**	단독	8m미만	27.82	300	201804	13	18000	2006	조와로5길
5011025921	제주특별자치도 제주시 조천읍 신촌리	1**	단독	8m미만	66	3098	201804	12	32600	1997	null
5011025922	제주특별자치도 제주시 조천읍 와흘리	2***	단독	8m미만	100.16	476	201804	26	15000	2001	와흘전2길
5011025923	제주특별자치도 제주시 조천읍 조천리	4**	단독	8m미만	96.24	176	201804	28	18800	1992	남조로1길
5011025924	제주특별자치도 제주시 조천읍 함덕리	7*	단독	8m미만	42	231	201804	8	30000	1989	함덕남6길
5011025924	제주특별자치도 제주시 조천읍 함덕리	2***	단독	8m미만	288.41	617.5	201804	10	27900	2000	함대로
5011025924	제주특별자치도 제주시 조천읍 함덕리	산*	단독	8m미만	419.56	744	201804	4	115000	2017	신북로
5011032025	제주특별자치도 제주시 추자면 신양리	1**	단독	8m미만	79.33	288	201804	1	5600	1968	신양2길
5011032025	제주특별자치도 제주시 추자면 신양리	4**	단독	8m미만	112.39	730	201804	18	13000	1965	신양1길
5011031023	제주특별자치도 제주시 한경면 고산리	2**	단독	8m미만	66.06	238	201804	9	14000	1983	칠전동길
5011031023	제주특별자치도 제주시 한경면 고산리	2***	단독	25m미만	82.26	301	201804	3	9000	1976	고산서2길
5011031023	제주특별자치도 제주시 한경면 고산리	2***	단독	8m미만	46.28	340	201804	8	19000	1940	고산남1길
5011031027	제주특별자치도 제주시 한경면 두모리	1***	단독	12m미만	47.59	159	201804	13	18000	2017	신한로
5011031027	제주특별자치도 제주시 한경면 두모리	1**	단독	25m미만	287.51	728	201804	11	35000	2014	용금로
5011031021	제주특별자치도 제주시 한경면 청수리	6**	단독	12m미만	99.43	791	201804	27	45000	2012	청수로
5011031024	제주특별자치도 제주시 한경면 판포리	2***	단독	25m이상	71.52	589	201804	22	39000	2009	일주서로
5011025026	제주특별자치도 제주시 한림읍 동명리	1***	단독	25m이상	84.94	497	201804	9	42000	2017	일주서로
5011025026	제주특별자치도 제주시 한림읍 동명리	1***	단독	8m미만	187.81	764	201804	6	12000	1999	동명2길
5011025029	제주특별자치도 제주시 한림읍 상대리	9**	단독	12m미만	133.36	524	201804	26	33000	2017	광산로
5011025034	제주특별자치도 제주시 한림읍 월림리	2**	단독	12m미만	90	204	201804	24	17297	2002	월림로
5011025031	제주특별자치도 제주시 한림읍 협재리	2***	단독	8m미만	33.1	231	201804	5	13500	1963	협재4길
5011025031	제주특별자치도 제주시 한림읍 협재리	5**	단독	8m미만	98.61	369.12	201804	11	27700	2018	협재로
5011011100	제주특별자치도 제주시 화북일동	1***	단독	8m미만	64.31	119	201804	5	10000	1983	진북길
5011011100	제주특별자치도 제주시 화북일동	1***	단독	8m미만	89.05	169.4	201804	23	31000	2009	청풍길
5011011100	제주특별자치도 제주시 화북일동	1***	단독	12m미만	152.22	169.8	201804	17	39500	1992	진남로8길
4425031021	충청남도 계룡시 두마면 두계리	4*	단독	8m미만	80.29	198	201804	9	4000	1993	팥거리1길
4425031521	충청남도 계룡시 엄사면 엄사리	1**	단독	8m미만	143.19	264.4	201804	25	35000	2000	전원2길
4425031521	충청남도 계룡시 엄사면 엄사리	2**	단독	12m미만	323.83	330	201804	24	65000	2013	번영3길
4415033028	충청남도 공주시 계룡면 하대리	1**	단독	8m미만	80.3	579	201804	28	10000	1964	대장길
4415033028	충청남도 공주시 계룡면 하대리	1***	단독	8m미만	97.38	1924	201804	4	12000	1996	동뒤길
4415010600	충청남도 공주시 교동	1**	단독	8m미만	49.68	134.6	201804	17	8200	1973	옛군청옆길
4415010800	충청남도 공주시 금성동	9*	단독	8m미만	81.63	236	201804	19	8600	1983	정자방1길
4415010800	충청남도 공주시 금성동	1**	단독	12m미만	246.58	276.1	201804	25	90000	2017	백미고을길
4415011000	충청남도 공주시 금학동	3**	단독	8m미만	653.73	532	201804	21	56000	2003	하선길
4415012700	충청남도 공주시 동현동	9*	단독	8m미만	219.57	1568	201804	6	68300	1991	월송동현로
4415010100	충청남도 공주시 반죽동	3**	단독	8m미만	53.88	102.5	201804	22	9500	1982	대통1길
4415010100	충청남도 공주시 반죽동	3*	단독	8m미만	94.32	231.4	201804	23	17900	2003	포교당길
4415010100	충청남도 공주시 반죽동	2**	단독	8m미만	266.06	352.9	201804	2	20000	1995	제민1길
4415034028	충청남도 공주시 반포면 마암리	5**	단독	12m미만	161.28	194	201804	17	13900	1991	창벽로
4415034029	충청남도 공주시 반포면 봉곡리	4**	단독	8m미만	191.43	475	201804	1	33210	2003	정광터3길
4415034029	충청남도 공주시 반포면 봉곡리	1**	단독	8m미만	40	1350	201804	16	32000	2006	펀던길
4415034030	충청남도 공주시 반포면 상신리	1**	단독	8m미만	222.57	602	201804	2	40500	1997	상하신길
4415010200	충청남도 공주시 봉황동	1**	단독	8m미만	56.86	165.3	201804	24	8800	1981	장대3길
4415010200	충청남도 공주시 봉황동	2**	단독	8m미만	204.06	330	201804	6	20207	2007	효심3길
4415010200	충청남도 공주시 봉황동	2**	단독	8m미만	145.5	512.4	201804	25	17700	1900	큰샘1길
4415039027	충청남도 공주시 사곡면 대중리	3**	단독	8m미만	99.15	330	201804	2	10000	2011	대중리1길
4415039021	충청남도 공주시 사곡면 호계리	2**	단독	8m미만	94.9	99	201804	17	4000	1962	호계장터2길
4415039030	충청남도 공주시 사곡면 회학리	3**	단독	12m미만	284.22	1878	201804	26	40500	2016	정안마곡사로
4415012500	충청남도 공주시 석장리동	2*	단독	8m미만	85.17	588	201804	12	44000	2018	금벽로
4415040034	충청남도 공주시 신풍면 화흥리	4*	단독	8m미만	91.59	347	201804	7	9500	2000	무라니길
4415010900	충청남도 공주시 옥룡동	2**	단독	8m미만	82.89	76	201804	6	2000	1969	대추골2길
4415038022	충청남도 공주시 우성면 단지리	3**	단독	8m미만	83.61	455.8	201804	11	20000	2013	단지문화마을길
4415025035	충청남도 공주시 유구읍 문금리	6**	단독	8m미만	74.4	383	201804	10	8000	2007	문암길
4415025024	충청남도 공주시 유구읍 유구리	4**	단독	8m미만	72.6	304	201804	30	3000	1988	창말길
4415036026	충청남도 공주시 의당면 청룡리	8**	단독	12m미만	177.04	650	201804	9	38033	2002	의당로
4415037040	충청남도 공주시 정안면 문천리	2**	단독	8m미만	90.54	532	201804	5	4000	2007	문성길
4415032025	충청남도 공주시 탄천면 덕지리	4**	단독	8m미만	98.3	532	201804	12	6141	1991	상효동길
4415032023	충청남도 공주시 탄천면 장선리	3**	단독	8m미만	99.94	660	201804	23	13900	2008	장마루로
4471025024	충청남도 금산군 금산읍 상리	3**	단독	8m미만	43.12	301	201804	27	10920	1978	진산로
4471025026	충청남도 금산군 금산읍 상옥리	1**	단독	25m미만	99.58	650	201804	11	28300	2001	비단로
4471025021	충청남도 금산군 금산읍 신대리	2**	단독	8m미만	99.56	841	201804	27	22000	2010	증티길
4471025025	충청남도 금산군 금산읍 아인리	6**	단독	12m미만	99.21	231.3	201804	20	27700	2011	북사직3길
4471025022	충청남도 금산군 금산읍 중도리	1**	단독	8m미만	79.05	136	201804	30	5300	1982	탑선1길
4471025022	충청남도 금산군 금산읍 중도리	2**	단독	12m미만	228.16	190.6	201804	27	24700	2008	비범로
4471025022	충청남도 금산군 금산읍 중도리	2**	단독	12m미만	98.91	236.8	201804	24	17000	2017	만자동길
4471025023	충청남도 금산군 금산읍 하옥리	2**	단독	8m미만	79.29	811	201804	20	18450	1999	원당원줄길
4471031025	충청남도 금산군 금성면 두곡리	2*	단독	8m미만	78.75	410	201804	13	7300	1957	돌고개2길
4471031029	충청남도 금산군 금성면 마수리	6**	단독	8m미만	54	357	201804	2	8800	2010	상마수길
4471036027	충청남도 금산군 남이면 구석리	6**	단독	8m미만	169.54	588	201804	17	13000	1998	보석사로
4471036030	충청남도 금산군 남이면 성곡리	1**	단독	8m미만	34.69	185	201804	14	4000	2011	대문거리길
4471035021	충청남도 금산군 남일면 황풍리	*	단독	8m미만	88.2	2864	201804	13	32095	2008	창평로
4471038022	충청남도 금산군 복수면 다복리	1**	단독	8m미만	70.31	330	201804	2	5000	2005	다복동길
4471038025	충청남도 금산군 복수면 목소리	1**	단독	8m미만	76.3	417	201804	12	2520	1992	null
4471038024	충청남도 금산군 복수면 수영리	2**	단독	8m미만	198.15	543	201804	30	22500	1997	학평1길
4471038021	충청남도 금산군 복수면 용진리	4**	단독	12m미만	69.84	743	201804	18	22000	1996	다복로
4471033021	충청남도 금산군 부리면 창평리	4**	단독	8m미만	50.85	198	201804	9	1330	1961	창평1길
4471032026	충청남도 금산군 제원면 동곡리	1**	단독	8m미만	54	476	201804	2	5000	2012	새방이1길
4471032033	충청남도 금산군 제원면 천내리	1**	단독	8m미만	187	565	201804	8	31000	2011	낙안2길
4471037027	충청남도 금산군 진산면 교촌리	3*	단독	8m미만	89.91	660	201804	20	4000	2005	대둔산로
4471037023	충청남도 금산군 진산면 부암리	6*	단독	8m미만	50	307	201804	10	7700	1976	뜬바우길
4471037025	충청남도 금산군 진산면 오항리	2**	단독	8m미만	82.14	416	201804	20	3500	1998	일양길
4471037032	충청남도 금산군 진산면 지방리	5**	단독	8m미만	77.23	172	201804	11	5000	2000	null
4471037032	충청남도 금산군 진산면 지방리	2**	단독	8m미만	83.78	440	201804	12	7184	1995	장대울길
4471039023	충청남도 금산군 추부면 마전리	3**	단독	8m미만	427.1	260	201804	6	25000	1998	하마전1길
4471039021	충청남도 금산군 추부면 용지리	2**	단독	8m미만	50	479	201804	3	3000	2003	아래못골길
4471039026	충청남도 금산군 추부면 장대리	4**	단독	8m미만	65.96	221	201804	20	3000	1935	동면길
4471039026	충청남도 금산군 추부면 장대리	1**	단독	8m미만	75.24	674	201804	5	13500	2014	숭암로
4423025033	충청남도 논산시 강경읍 채운리	2**	단독	8m미만	95.85	396	201804	6	8000	1950	골뜸4길
4423032028	충청남도 논산시 광석면 천동리	1**	단독	8m미만	24.1	578	201804	30	5100	1960	천동1길
4423010900	충청남도 논산시 내동	8**	단독	8m미만	370.28	195.3	201804	27	42500	2010	시민로184번길
4423010900	충청남도 논산시 내동	8**	단독	8m미만	371.63	206.2	201804	27	43000	2011	시민로194번길
4423010900	충청남도 논산시 내동	1***	단독	8m미만	344.99	207.7	201804	6	37000	2012	시민로295번길
4423010900	충청남도 논산시 내동	7**	단독	12m미만	509.72	224.8	201804	26	30000	2002	시민로184번길
4423010600	충청남도 논산시 등화동	2*	단독	8m미만	82.9	301	201804	16	5800	1997	논산대로124번길
4423010200	충청남도 논산시 반월동	1**	단독	8m미만	50.24	89	201804	19	6100	1969	해월로
4423010200	충청남도 논산시 반월동	1**	단독	8m미만	49.58	135	201804	19	4000	1968	해월로
4423010200	충청남도 논산시 반월동	7*	단독	8m미만	51.44	135	201804	28	4500	1942	해월로168번길
4423038025	충청남도 논산시 벌곡면 검천리	2**	단독	8m미만	67.36	450	201804	14	7800	1994	검천길
4423038025	충청남도 논산시 벌곡면 검천리	2**	단독	8m미만	87.42	477	201804	8	13950	2016	검천길
4423038025	충청남도 논산시 벌곡면 검천리	2**	단독	8m미만	93.85	548	201804	8	15950	2017	검천길
4423038029	충청남도 논산시 벌곡면 만목리	1**	단독	8m미만	51.39	340	201804	11	9300	2018	만어1길
4423038030	충청남도 논산시 벌곡면 어곡리	4**	단독	8m미만	41.1	600	201804	30	12500	1929	만어길
4423035021	충청남도 논산시 부적면 마구평리	5*	단독	8m미만	37.1	258	201804	25	1600	1925	마구평3길
4423010400	충청남도 논산시 부창동	3**	단독	8m미만	161.61	310	201804	10	16300	1992	해월로
4423034029	충청남도 논산시 상월면 대촌리	5**	단독	8m미만	176.4	990	201804	13	23000	2011	대촌1길
4423031024	충청남도 논산시 성동면 개척리	3**	단독	8m미만	133.82	385	201804	17	4800	1950	개척1길
4423031023	충청남도 논산시 성동면 병촌리	2**	단독	8m미만	54.72	600	201804	25	3900	1998	병촌1길
4423039027	충청남도 논산시 양촌면 채광리	1**	단독	-	65.34	993	201804	30	10400	1992	바랑산1길
4423025321	충청남도 논산시 연무읍 마산리	5**	단독	8m미만	84.46	337	201804	2	11300	1988	null
4423025331	충청남도 논산시 연무읍 안심리	2*	단독	8m미만	54	139	201804	26	3000	1950	연무로
4423025331	충청남도 논산시 연무읍 안심리	3**	단독	12m미만	276.71	970	201804	19	39280	2014	연무로
4423036025	충청남도 논산시 연산면 신암리	1**	단독	8m미만	145.61	723	201804	26	18000	1950	신암길
4423036036	충청남도 논산시 연산면 어은리	2**	단독	8m미만	74.18	400	201804	20	9701	2016	선비로861번길
4423036026	충청남도 논산시 연산면 청동리	5**	단독	12m미만	798.38	1551	201804	6	35000	1978	선비로245번길
4423036032	충청남도 논산시 연산면 표정리	2**	단독	8m미만	117.6	502	201804	16	5300	1950	선비로357번길
4423010500	충청남도 논산시 취암동	5**	단독	25m미만	399.84	273	201804	6	44700	2010	시민로308번길
4423010500	충청남도 논산시 취암동	1***	단독	25m미만	737.95	515.2	201804	13	110000	2013	중앙로398번길
4423010100	충청남도 논산시 화지동	1**	단독	8m미만	63.44	136	201804	30	3700	1974	해월로123번길
4427031022	충청남도 당진시 고대면 슬항리	1**	단독	8m미만	98.68	500	201804	6	16500	2015	해촌길
4427031021	충청남도 당진시 고대면 용두리	5**	단독	8m미만	95.51	543	201804	10	16000	1997	보덕포로
4427010700	충청남도 당진시 대덕동	2**	단독	-	139.87	639	201804	16	35000	2018	다락골길
4427033022	충청남도 당진시 대호지면 사성리	9*	단독	8m미만	199.8	985	201804	28	14000	1999	대호로
4427035027	충청남도 당진시 면천면 대치리	3**	단독	8m미만	133.68	926	201804	16	19500	2007	한티길
4427035021	충청남도 당진시 면천면 성상리	5**	단독	8m미만	99.93	540	201804	5	23950	2017	동문2길
4427035022	충청남도 당진시 면천면 성하리	5**	단독	8m미만	99.4	589	201804	30	4700	2000	성하로
4427032025	충청남도 당진시 석문면 교로리	9**	단독	12m미만	199.44	701	201804	2	35000	2005	대호만로
4427032026	충청남도 당진시 석문면 난지도리	3**	단독	8m미만	198.91	331	201804	2	19500	2014	난지3길
4427032021	충청남도 당진시 석문면 통정리	1**	단독	12m미만	61.92	929	201804	16	22200	2005	보덕포로
4427039022	충청남도 당진시 송산면 금암리	9*	단독	12m미만	653.22	1500	201804	26	145400	2018	당산2로
4427039029	충청남도 당진시 송산면 삼월리	5*	단독	8m미만	634	1157	201804	4	82176	2009	창택길
4427039024	충청남도 당진시 송산면 송석리	3*	단독	12m미만	130.75	271	201804	28	18328	1993	당산1로
4427039024	충청남도 당진시 송산면 송석리	3**	단독	8m미만	157.3	660	201804	15	21775	2013	당산1로
4427039024	충청남도 당진시 송산면 송석리	3**	단독	8m미만	99.87	930	201804	13	27224	2002	잿말길
4427025323	충청남도 당진시 송악읍 방계리	1**	단독	8m미만	135.09	992	201804	6	16600	2014	가청로
4427025326	충청남도 당진시 송악읍 봉교리	3**	단독	8m미만	93.42	764	201804	18	18025	2017	섭실길
4427025325	충청남도 당진시 송악읍 청금리	4*	단독	8m미만	122.97	661	201804	16	21200	2008	가청로
4427025337	충청남도 당진시 송악읍 한진리	1**	단독	8m미만	406.76	198	201804	18	43100	2010	한진1길
4427025337	충청남도 당진시 송악읍 한진리	1**	단독	8m미만	492.5	289	201804	18	50000	2011	한진1길
4427036031	충청남도 당진시 순성면 갈산리	6*	단독	8m미만	111.73	463	201804	9	28500	2017	갈뫼길
4427036031	충청남도 당진시 순성면 갈산리	5**	단독	8m미만	145.61	501	201804	5	29930	2017	갈뫼길
4427037031	충청남도 당진시 우강면 내경리	9*	단독	8m미만	82.81	435	201804	2	9000	1996	평야1로
4427037022	충청남도 당진시 우강면 송산리	3**	단독	8m미만	99.21	448	201804	4	12850	1992	덕평로
4427037022	충청남도 당진시 우강면 송산리	4**	단독	12m미만	101.1	731	201804	5	26500	1980	덕평로
4427037024	충청남도 당진시 우강면 원치리	1**	단독	8m미만	137.88	1305	201804	5	16152	1998	소람말길
4427010100	충청남도 당진시 읍내동	6**	단독	12m미만	159.15	196	201804	16	35500	1988	시장중앙길
4427034023	충청남도 당진시 정미면 대조리	3*	단독	8m미만	119.55	471	201804	20	23050	2017	수시미길
4427034034	충청남도 당진시 정미면 덕마리	4**	단독	12m미만	196.56	348	201804	13	8000	2003	덕마길
4427034034	충청남도 당진시 정미면 덕마리	4**	단독	8m미만	52	496	201804	13	6000	2011	덕마길
4427034037	충청남도 당진시 정미면 봉생리	2**	단독	8m미만	98.83	560	201804	9	23900	2016	말우리길
4427034037	충청남도 당진시 정미면 봉생리	2**	단독	8m미만	162.91	714	201804	9	36100	2007	말우리길
4427010800	충청남도 당진시 행정동	3**	단독	8m미만	50	251	201804	16	8500	2001	역천로
4427010800	충청남도 당진시 행정동	4**	단독	12m미만	640.14	1000	201804	6	36000	1991	역천로
4418010800	충청남도 보령시 남곡동	8**	다가구	12m미만	263.48	330	201804	28	26000	2003	해안로
4418036021	충청남도 보령시 남포면 읍내리	2**	단독	8m미만	79.33	347	201804	3	2500	1960	읍내냇둑길
4418010100	충청남도 보령시 대천동	2**	단독	8m미만	42.47	106	201804	17	3250	1935	옛장터길
4418010100	충청남도 보령시 대천동	4**	단독	8m미만	103.05	113	201804	6	6800	1990	옥갓티1길
4418010100	충청남도 보령시 대천동	2**	단독	12m미만	161.78	197	201804	2	16500	1960	구시7길
4418010100	충청남도 보령시 대천동	6**	단독	8m미만	105.27	209	201804	5	15000	1935	구시청길
4418010100	충청남도 보령시 대천동	1**	단독	8m미만	157.83	209	201804	27	14000	1986	어울길
4418010100	충청남도 보령시 대천동	5**	단독	8m미만	84.6	275	201804	16	13300	1989	소미1길
4418010400	충청남도 보령시 동대동	1***	다가구	8m미만	658.91	378.4	201804	3	105000	1960	신설2길
4418010500	충청남도 보령시 명천동	5**	단독	12m미만	57.75	93	201804	23	4000	1943	진등1길
4418010500	충청남도 보령시 명천동	6**	단독	8m미만	85.86	198	201804	18	4500	1960	한우물안길
4418039025	충청남도 보령시 미산면 늑전리	1**	단독	8m미만	55.7	436	201804	12	2800	1960	소늑길
4418039027	충청남도 보령시 미산면 봉성리	5**	단독	8m미만	127.7	458	201804	27	20000	2002	봉성길
4418040022	충청남도 보령시 성주면 개화리	6**	단독	8m미만	35.67	412	201804	13	7000	1960	성주산로
4418040021	충청남도 보령시 성주면 성주리	2**	단독	8m미만	128.86	350	201804	5	13300	2013	먹방계곡길
4418032023	충청남도 보령시 오천면 교성리	1***	단독	8m미만	118.24	599	201804	14	16700	2017	김신길
4418032028	충청남도 보령시 오천면 삽시도리	1***	단독	8m미만	61.79	195	201804	5	2500	1960	장고도1길
4418032028	충청남도 보령시 오천면 삽시도리	2*	단독	8m미만	76.03	278	201804	3	10000	1965	삽시도1길
4418025028	충청남도 보령시 웅천읍 관당리	7**	단독	8m미만	66	357	201804	3	13000	1960	열린바다로
4418025021	충청남도 보령시 웅천읍 대창리	4**	단독	8m미만	39.67	155	201804	16	4000	1940	장터6길
4418025023	충청남도 보령시 웅천읍 수부리	7**	단독	8m미만	68.34	245	201804	7	6000	1997	만수로
4418041023	충청남도 보령시 주교면 송학리	9**	단독	8m미만	98.88	516	201804	4	5000	1992	현육길
4418041026	충청남도 보령시 주교면 신대리	1***	단독	-	119.52	444	201804	25	27500	2018	신대1길
4418041022	충청남도 보령시 주교면 은포리	4**	단독	8m미만	99.31	460	201804	1	19000	2013	외평길
4418038026	충청남도 보령시 주산면 증산리	1**	단독	8m미만	42.5	228	201804	7	900	1960	석현길
4418033023	충청남도 보령시 천북면 사호리	5**	단독	8m미만	157.36	1084	201804	4	17990	2006	여르문이길
4418035023	충청남도 보령시 청라면 내현리	2**	단독	8m미만	71.3	422	201804	13	16070	2014	느르실길
4418034025	충청남도 보령시 청소면 성연리	2**	단독	8m미만	62	403	201804	3	5000	2003	넙티로
4418034021	충청남도 보령시 청소면 진죽리	8**	단독	8m미만	69	357	201804	27	12160	2006	송덕신송길
4476031036	충청남도 부여군 규암면 노화리	3**	단독	8m미만	59.5	405	201804	24	7000	1991	노화로
4476031035	충청남도 부여군 규암면 합송리	9**	단독	12m미만	116	597	201804	23	10000	1940	합송서로
4476038028	충청남도 부여군 남면 금천리	1**	단독	8m미만	76.48	377	201804	9	5000	2000	금천동로22번길
4476038022	충청남도 부여군 남면 마정리	6**	단독	8m미만	54.88	598	201804	16	3700	1924	마정로23번길
4476038023	충청남도 부여군 남면 송암리	1**	단독	8m미만	77.81	380	201804	11	1050	1933	송암로48번길
4476034029	충청남도 부여군 내산면 묘원리	3**	단독	8m미만	308.6	1017	201804	25	16600	2000	면동로90번길
4476025029	충청남도 부여군 부여읍 구아리	2**	단독	25m이상	140.76	258	201804	27	41700	1940	석탑로
4476025028	충청남도 부여군 부여읍 동남리	3**	단독	8m미만	83.46	190	201804	20	9500	1986	서동로99번길
4476025028	충청남도 부여군 부여읍 동남리	2**	단독	8m미만	113.16	198	201804	20	13500	1997	서동로37번길
4476025039	충청남도 부여군 부여읍 송간리	1**	단독	8m미만	93	493	201804	10	4100	1996	송간로74번길
4476025031	충청남도 부여군 부여읍 쌍북리	5**	단독	8m미만	145.05	158	201804	19	16500	1991	성왕로273번길
4476025041	충청남도 부여군 부여읍 왕포리	3*	단독	8m미만	160.57	867	201804	27	20000	1984	왕중로
4476044026	충청남도 부여군 석성면 현내리	6**	단독	8m미만	66	638	201804	10	2540	1915	석성북로91번길
4476043023	충청남도 부여군 세도면 가회리	4**	단독	8m미만	135	490	201804	14	4700	1999	부흥로987번길
4476043023	충청남도 부여군 세도면 가회리	1**	단독	8m미만	66	504	201804	23	2000	1999	부흥로987번길
4476043024	충청남도 부여군 세도면 청송리	2**	단독	8m미만	80.75	644	201804	1	10000	2012	세도로122번길
4476037025	충청남도 부여군 옥산면 봉산리	3**	단독	8m미만	90.91	469	201804	15	3800	1940	봉산로201번길
4476037027	충청남도 부여군 옥산면 신안리	1**	단독	8m미만	27.44	294	201804	2	2800	1970	신안로
4476033028	충청남도 부여군 외산면 장항리	2**	단독	8m미만	99.33	387	201804	18	12000	2012	만수로441번길
4476032028	충청남도 부여군 은산면 가중리	2**	단독	8m미만	50.3	330	201804	17	5800	2012	은남로20번길
4476041023	충청남도 부여군 임천면 구교리	3**	단독	8m미만	87.2	595	201804	26	9100	1999	구교로
4476042029	충청남도 부여군 장암면 합곡리	2**	단독	8m미만	99	545	201804	25	5500	2014	합하로2번길
4476036027	충청남도 부여군 홍산면 교원리	1**	단독	8m미만	80.65	354	201804	17	6100	1944	대백제로817번길
4421040021	충청남도 서산시 고북면 가구리	5**	단독	12m미만	133	245	201804	27	10000	1978	고북1로
4421040021	충청남도 서산시 고북면 가구리	5**	단독	8m미만	97.02	296	201804	5	6500	1992	고북1로
4421040023	충청남도 서산시 고북면 장요리	3**	단독	8m미만	180.56	933	201804	24	25950	2015	고요동1길
4421025021	충청남도 서산시 대산읍 대산리	1***	단독	25m미만	753.07	511	201804	20	148000	2016	정자동2로
4421025029	충청남도 서산시 대산읍 운산리	*	단독	8m미만	99.32	518	201804	17	14250	2010	망일산로
4421032027	충청남도 서산시 부석면 대두리	4**	단독	8m미만	89.79	308	201804	9	8000	2004	한머리1길
4421010700	충청남도 서산시 석림동	7**	단독	8m미만	79.38	406	201804	16	48000	1900	석림2길
4421010100	충청남도 서산시 읍내동	1*	단독	8m미만	46.08	116	201804	14	18500	1973	동헌로
4421010100	충청남도 서산시 읍내동	1*	단독	12m미만	115.7	124.82	201804	14	20502	1930	효행1로
4421010100	충청남도 서산시 읍내동	7**	단독	8m미만	189.28	590	201804	2	30000	1990	성암1로
4421011300	충청남도 서산시 장동	1**	단독	8m미만	258.36	4790	201804	24	23920	1940	남부순환로
4421039023	충청남도 서산시 해미면 대곡리	3**	단독	8m미만	562.65	610	201804	24	55300	1900	대곡2길
4421039023	충청남도 서산시 해미면 대곡리	5**	단독	8m미만	186.44	659.3	201804	26	7500	1995	대곡원터길
4421039024	충청남도 서산시 해미면 산수리	3**	단독	8m미만	226.43	426	201804	25	23800	1900	산수1길
4421039021	충청남도 서산시 해미면 읍내리	2**	단독	8m미만	122.13	329	201804	26	25000	1983	null
4477031036	충청남도 서천군 마서면 당선리	2**	단독	8m미만	49.59	262	201804	2	5000	2004	null
4477031024	충청남도 서천군 마서면 한성리	6**	단독	12m미만	76.13	466	201804	16	5150	2006	장천로
4477037021	충청남도 서천군 문산면 신농리	2**	단독	8m미만	44.8	393	201804	27	4500	1901	서문로923번길
4477037028	충청남도 서천군 문산면 은곡리	3**	단독	-	42.09	137	201804	12	300	1924	은곡길
4477041021	충청남도 서천군 서면 개야리	6*	단독	8m미만	174.34	522	201804	14	3000	1957	부원길102번길
4477041022	충청남도 서천군 서면 마량리	1**	단독	8m미만	85	211	201804	13	3500	1994	null
4477041027	충청남도 서천군 서면 월호리	5**	단독	8m미만	92.17	467	201804	19	5500	1997	월하성길67번길
4477025333	충청남도 서천군 서천읍 남산리	2**	단독	8m미만	52.9	476	201804	23	6950	1936	남산로228번길
4477025327	충청남도 서천군 서천읍 동산리	3**	단독	8m미만	55.58	241	201804	29	7500	1950	동산길286번길
4477025327	충청남도 서천군 서천읍 동산리	1**	단독	8m미만	70.5	294	201804	9	3500	1990	동산길193번길
4477025330	충청남도 서천군 서천읍 화금리	3**	단독	8m미만	69.23	452	201804	30	10000	1985	서문로191번길
4477036022	충청남도 서천군 시초면 선동리	1**	단독	8m미만	113.12	1280	201804	3	10700	1925	시초남로
4477036024	충청남도 서천군 시초면 신흥리	3**	단독	8m미만	120.25	549	201804	14	9400	2000	시초남로197번길
4477025027	충청남도 서천군 장항읍 송림리	9**	단독	8m미만	64	330	201804	27	7500	1920	신화송로130번길
4477025024	충청남도 서천군 장항읍 신창리	1**	단독	8m미만	63.94	153	201804	14	4500	1977	장마로
4477025030	충청남도 서천군 장항읍 원수리	8**	단독	8m미만	43.44	185	201804	11	2200	1949	장산로407번길
4477039021	충청남도 서천군 종천면 신검리	2**	단독	8m미만	79.6	442.1	201804	15	4100	1962	성검로631번길
4477038026	충청남도 서천군 판교면 문곡리	1**	단독	8m미만	197.98	498	201804	19	27000	2017	문곡길143번길
4477038021	충청남도 서천군 판교면 판교리	3**	단독	8m미만	62.8	192	201804	3	600	1951	대백제로
4477038021	충청남도 서천군 판교면 판교리	3**	단독	8m미만	62.8	192	201804	9	600	1956	대백제로
4477038033	충청남도 서천군 판교면 흥림리	3**	단독	25m미만	130.59	803	201804	17	14000	2015	대백제로1550번길
4477038033	충청남도 서천군 판교면 흥림리	4**	단독	8m미만	195.81	902	201804	17	25000	2007	대백제로1550번길
4477034023	충청남도 서천군 한산면 성외리	1**	단독	8m미만	52.98	618	201804	24	6600	1993	한마로
4477034029	충청남도 서천군 한산면 송산리	1**	단독	8m미만	79.34	179	201804	10	2500	1905	송마길98번길
4477034031	충청남도 서천군 한산면 여사리	1*	단독	8m미만	72.38	350	201804	3	3400	1976	충절로
4477032039	충청남도 서천군 화양면 봉명리	7*	단독	8m미만	42.97	238	201804	30	3000	1949	창봉길
4477032027	충청남도 서천군 화양면 월산리	1**	단독	8m미만	45.45	349	201804	17	6000	2000	화한로504번길
4477032037	충청남도 서천군 화양면 장상리	1**	단독	8m미만	67.44	317	201804	11	1440	1935	신장로409번길
4477032035	충청남도 서천군 화양면 창외리	9*	단독	8m미만	61.82	263	201804	16	1438	1970	창봉길
4420011400	충청남도 아산시 권곡동	5**	다가구	12m미만	724.95	213.2	201804	3	149950	2017	번영로179번길
4420040021	충청남도 아산시 도고면 신언리	1**	단독	12m미만	112.4	112	201804	17	6000	1965	아산만로
4420040021	충청남도 아산시 도고면 신언리	1**	단독	12m미만	60.57	126	201804	22	6500	1980	아산만로184번길
4420040021	충청남도 아산시 도고면 신언리	8*	단독	8m미만	86.4	787	201804	5	7850	1991	아산만로139번길
4420036021	충청남도 아산시 둔포면 둔포리	2**	다가구	8m미만	574.67	424.2	201804	2	97000	2012	둔포중앙로133번길
4420036021	충청남도 아산시 둔포면 둔포리	4**	다가구	8m미만	571.58	1066	201804	9	143825	2015	충무로
4420036021	충청남도 아산시 둔포면 둔포리	3**	단독	8m미만	64.61	155	201804	9	13700	1997	둔포중앙로161번길
4420036030	충청남도 아산시 둔포면 봉재리	*	단독	-	266.44	400	201804	30	53000	2018	봉재길63번길
4420036030	충청남도 아산시 둔포면 봉재리	*	단독	-	266.44	413	201804	30	51500	2018	봉재길63번길
4420036030	충청남도 아산시 둔포면 봉재리	*	단독	-	266.44	448	201804	20	55000	2018	봉재길63번길
4420036024	충청남도 아산시 둔포면 신법리	1**	단독	8m미만	51.78	174	201804	1	6500	2010	아산호로1032번길
4420036026	충청남도 아산시 둔포면 신항리	1**	단독	8m미만	199.5	351	201804	5	56000	2018	null
4420036035	충청남도 아산시 둔포면 염작리	2**	단독	8m미만	484.4	495	201804	11	97200	2016	아산밸리동로
4420036033	충청남도 아산시 둔포면 운용리	3**	단독	8m미만	528.16	529	201804	25	99400	2015	운용길70번길
4420011300	충청남도 아산시 모종동	5**	단독	12m미만	900.9	592.5	201804	12	160000	2002	삼동로28번길
4420025324	충청남도 아산시 배방읍 공수리	2**	단독	8m미만	59.67	158	201804	16	7000	1984	모산로126번길
4420025325	충청남도 아산시 배방읍 북수리	4**	단독	8m미만	210.54	874	201804	12	35000	1991	북수북길13번길
4420025327	충청남도 아산시 배방읍 세출리	3**	다가구	8m미만	456.18	278	201804	2	34500	1996	호서로112번길
4420025327	충청남도 아산시 배방읍 세출리	3**	단독	8m미만	93.27	330	201804	1	24500	2001	호서로125번길
4420025327	충청남도 아산시 배방읍 세출리	3**	단독	8m미만	481.17	346	201804	1	37000	1996	호서로112번길
4420025326	충청남도 아산시 배방읍 회룡리	4**	단독	8m미만	124.6	329	201804	12	37300	2017	솔치로
4420010700	충청남도 아산시 법곡동	2**	단독	8m미만	62.4	417	201804	26	4500	1990	시민로180번길
4420031024	충청남도 아산시 송악면 강당리	6*	단독	8m미만	157.59	463	201804	26	23000	2013	강당로119번길
4420031031	충청남도 아산시 송악면 강장리	6**	단독	8m미만	96.09	331.1	201804	30	25500	2016	송악로
4420041022	충청남도 아산시 신창면 읍내리	6**	다가구	12m미만	516.54	518	201804	4	85000	2012	온천대로
4420041022	충청남도 아산시 신창면 읍내리	3**	단독	8m미만	42.97	465	201804	12	8500	1974	읍내길
4420025032	충청남도 아산시 염치읍 송곡리	1**	단독	8m미만	62.14	503	201804	30	7500	1977	송곡남길
4420025024	충청남도 아산시 염치읍 중방리	2*	단독	8m미만	118.54	875	201804	13	25000	1991	현대로
4420037022	충청남도 아산시 영인면 상성리	1**	단독	8m미만	84.54	702	201804	10	15500	2006	상성길14번길
4420037031	충청남도 아산시 영인면 성내리	7**	단독	8m미만	75.6	298	201804	13	4200	1998	성내안길
4420010100	충청남도 아산시 온천동	3*	단독	8m미만	43.8	96	201804	22	8300	1990	시장길15번길
4420010100	충청남도 아산시 온천동	3**	단독	8m미만	367.1	220	201804	2	75000	2017	청운로112번길
4420010100	충청남도 아산시 온천동	1**	단독	8m미만	123.1	324	201804	6	53000	1978	온화로83번길
4420010100	충청남도 아산시 온천동	1***	단독	12m미만	527.18	344.2	201804	25	118000	2017	번영로93번길
4420010100	충청남도 아산시 온천동	1***	단독	12m미만	611.36	365	201804	9	142000	2018	번영로93번길
4420011200	충청남도 아산시 용화동	1*	단독	8m미만	56.8	129	201804	23	10500	1975	온여고길9번길
4420011200	충청남도 아산시 용화동	1***	단독	12m미만	235.52	249.6	201804	7	41000	2011	용화고길
4420035035	충청남도 아산시 음봉면 동암리	2**	단독	8m미만	106.2	421.58	201804	6	23000	1990	음봉로447번길
4420035027	충청남도 아산시 음봉면 소동리	4**	단독	8m미만	161.4	455	201804	5	13544	2007	연암율금로106번길
4420035027	충청남도 아산시 음봉면 소동리	*	단독	8m미만	204.36	653	201804	16	35000	1994	연암율금로295번길
4420033025	충청남도 아산시 탕정면 매곡리	6**	다가구	12m미만	565.68	465	201804	15	78181	2003	선문로221번길
4420033025	충청남도 아산시 탕정면 매곡리	6**	다가구	8m미만	565.68	720	201804	15	80200	2003	선문로221번길
4420033024	충청남도 아산시 탕정면 호산리	4**	다가구	-	557.09	646	201804	26	126000	2017	탕정면로214번길
4481038031	충청남도 예산군 고덕면 사리	5**	단독	8m미만	70.09	490	201804	16	6000	2016	사리서길
4481033027	충청남도 예산군 광시면 마사리	4**	단독	8m미만	22	343	201804	23	500	1944	null
4481033027	충청남도 예산군 광시면 마사리	4**	단독	8m미만	81.44	754	201804	23	7000	2010	봉수산로
4481031024	충청남도 예산군 대술면 방산리	6*	단독	8m미만	42.85	623	201804	4	6500	2007	방산길
4481031030	충청남도 예산군 대술면 산정리	2**	단독	8m미만	70.4	335	201804	9	1600	1960	산정대실길
4481034026	충청남도 예산군 대흥면 신속리	2**	단독	12m미만	194	500	201804	12	14665	1992	신속대야로
4481036036	충청남도 예산군 덕산면 대동리	2**	단독	8m미만	94.1	487	201804	7	3800	1960	대동3길
4481037025	충청남도 예산군 봉산면 하평리	7*	단독	8m미만	111.4	431	201804	12	15900	2002	하평1길
4481025321	충청남도 예산군 삽교읍 두리	5**	단독	12m미만	66	191	201804	27	8000	1965	삽교로1길
4481039031	충청남도 예산군 신암면 별리	2**	단독	8m미만	89.6	463	201804	11	6941	1960	황금뜰로
4481025026	충청남도 예산군 예산읍 발연리	4**	단독	8m미만	31.86	436	201804	4	1450	2010	null
4481025024	충청남도 예산군 예산읍 주교리	2**	단독	12m미만	40.32	119	201804	23	4350	1971	예산로37번길
4481025029	충청남도 예산군 예산읍 창소리	6*	단독	12m미만	53.46	168.4	201804	21	5500	1983	창말로42번길
4481025029	충청남도 예산군 예산읍 창소리	5**	단독	8m미만	88.8	496	201804	2	8500	1991	신례원로59번길
4481040030	충청남도 예산군 오가면 원천리	4**	단독	8m미만	192	572	201804	12	20000	2008	원천오촌길
4413110800	충청남도 천안동남구 구성동	4**	단독	12m미만	176.82	213.6	201804	11	30500	1982	구성7길
4413110800	충청남도 천안동남구 구성동	4**	단독	12m미만	153.57	310.5	201804	11	38000	1986	구성9길
4413111400	충청남도 천안동남구 다가동	*	단독	8m미만	54.1	112	201804	12	15000	1977	천안천공원3길
4413137025	충청남도 천안동남구 동면 동산리	3**	단독	12m미만	332.76	1830	201804	5	22188	2008	동산행암길
4413125037	충청남도 천안동남구 목천읍 도장리	2**	단독	8m미만	80.8	212	201804	12	6200	1995	도전마을길
4413125022	충청남도 천안동남구 목천읍 동리	1**	단독	8m미만	97.87	1151	201804	12	17000	2001	동리1길
4413125026	충청남도 천안동남구 목천읍 송전리	2**	단독	8m미만	30.17	376	201804	11	5000	2001	송전1길
4413110300	충청남도 천안동남구 문화동	9*	단독	8m미만	71.2	129	201804	28	12660	1966	문화2길
4413110300	충청남도 천안동남구 문화동	9*	단독	8m미만	55.8	139	201804	28	13440	1960	문화2길
4413136021	충청남도 천안동남구 병천면 가전리	6*	단독	8m미만	446.99	260	201804	28	80000	2017	충절로
4413136021	충청남도 천안동남구 병천면 가전리	1**	단독	8m미만	505.26	636	201804	16	62000	2004	가전8길
4413136022	충청남도 천안동남구 병천면 병천리	1**	단독	8m미만	83.2	205	201804	30	8000	2017	아우내2길
4413111300	충청남도 천안동남구 봉명동	1**	단독	12m미만	76.9	212	201804	10	19000	1973	양지15길
4413133028	충청남도 천안동남구 북면 사담리	2**	단독	8m미만	100.63	522	201804	16	14800	2011	사담2길
4413110400	충청남도 천안동남구 사직동	1**	단독	8m미만	108.4	40	201804	18	7000	2015	대흥로
4413111000	충청남도 천안동남구 삼룡동	2**	단독	8m미만	72.3	353	201804	28	20000	2017	삼룡2길
4413110200	충청남도 천안동남구 성황동	2*	단독	8m미만	127.82	107	201804	21	9000	1984	대흥로
4413110200	충청남도 천안동남구 성황동	4*	단독	12m미만	191.05	258	201804	15	38500	1965	복자1길
4413111600	충청남도 천안동남구 신방동	1***	단독	12m미만	204	243.8	201804	12	63000	2013	통정1로
4413111600	충청남도 천안동남구 신방동	1***	단독	12m미만	652.26	494.3	201804	17	148000	2016	통정12로
4413111800	충청남도 천안동남구 신부동	4**	단독	8m미만	227.66	230.4	201804	11	45500	1985	신부11길
4413111900	충청남도 천안동남구 안서동	3*	단독	8m미만	221.46	659	201804	13	21500	1994	문암로
4413110700	충청남도 천안동남구 원성동	2**	단독	8m미만	99.16	90	201804	24	15000	1995	버들3길
4413110700	충청남도 천안동남구 원성동	2**	단독	8m미만	144.75	104	201804	4	11000	1987	신원2길
4413110700	충청남도 천안동남구 원성동	2**	단독	8m미만	107.64	110	201804	24	18900	1993	버들7길
4413110700	충청남도 천안동남구 원성동	1**	단독	8m미만	191.76	127	201804	21	17700	1981	원성2교길
4413110700	충청남도 천안동남구 원성동	1**	단독	8m미만	98.9	133	201804	24	16000	1980	원성2교길
4413110700	충청남도 천안동남구 원성동	2**	단독	8m미만	262.89	173	201804	24	34187	1995	버들8길
4413110700	충청남도 천안동남구 원성동	5**	단독	12m미만	122	188.2	201804	6	19000	1979	고재5길
4413110700	충청남도 천안동남구 원성동	4**	단독	12m미만	225.16	227.7	201804	4	24000	1988	원성8길
4413110700	충청남도 천안동남구 원성동	2**	단독	8m미만	137.43	281	201804	25	26400	1966	버들9길
4413131026	충청남도 천안동남구 풍세면 삼태리	3**	단독	12m미만	140.13	650	201804	16	17000	2004	휴양림길
4413310800	충청남도 천안서북구 불당동	1***	다가구	12m미만	360.89	211.6	201804	26	108000	2018	불당5길
4413310800	충청남도 천안서북구 불당동	1***	단독	12m미만	352.85	251.6	201804	25	155000	2018	불당16길
4413325329	충청남도 천안서북구 성거읍 문덕리	3*	단독	8m미만	58	377	201804	4	7800	1978	석문길
4413325332	충청남도 천안서북구 성거읍 소우리	7*	단독	8m미만	59.65	650	201804	1	19700	1991	소우길
4413325325	충청남도 천안서북구 성거읍 저리	2**	단독	8m미만	114.6	344	201804	19	10600	1983	오송2길
4413310200	충청남도 천안서북구 성정동	6**	다가구	12m미만	466.96	196.1	201804	3	46000	1995	세관길
4413310200	충청남도 천안서북구 성정동	7**	단독	12m미만	548.16	241.8	201804	28	128200	2017	양지10길
4413310200	충청남도 천안서북구 성정동	1***	단독	8m미만	450.77	281.3	201804	4	84500	2009	성정중1길
4413310200	충청남도 천안서북구 성정동	1**	단독	12m미만	169.2	315	201804	18	23500	1978	선영5길
4413325038	충청남도 천안서북구 성환읍 도하리	3**	단독	8m미만	99.58	219	201804	24	6080	1996	연암로
4413325038	충청남도 천안서북구 성환읍 도하리	3**	단독	8m미만	99.88	291	201804	26	13197	2000	하리1길
4413325021	충청남도 천안서북구 성환읍 성환리	1**	단독	8m미만	73.95	274	201804	20	9300	1984	성환18길
4413310700	충청남도 천안서북구 쌍용동	6**	단독	8m미만	199.26	340.7	201804	10	43260	1996	쌍용14길
4413331028	충청남도 천안서북구 입장면 시장리	5*	단독	8m미만	192.33	569	201804	17	28000	2000	시장리2길
4413331030	충청남도 천안서북구 입장면 신덕리	1**	단독	12m미만	85.36	296	201804	5	15000	1995	성진로
4413331037	충청남도 천안서북구 입장면 유리	2*	단독	12m미만	174.38	660	201804	26	13318	1900	입장로
4413331027	충청남도 천안서북구 입장면 호당리	3*	단독	8m미만	153.19	684	201804	25	20000	2012	호계길
4479031025	충청남도 청양군 운곡면 신대리	1**	단독	8m미만	139.48	962	201804	13	30000	2012	안골길
4479036030	충청남도 청양군 장평면 관현리	4**	단독	8m미만	98.98	660	201804	11	16650	2015	원관현길
4479038021	충청남도 청양군 화성면 산정리	2**	단독	8m미만	68.1	355	201804	5	5200	1979	구봉로
4482533026	충청남도 태안군 근흥면 도황리	1***	단독	8m미만	81.99	198	201804	23	4103	2018	도황길
4482533023	충청남도 태안군 근흥면 마금리	2**	단독	8m미만	99.15	594	201804	4	18400	2013	마금로
4482533027	충청남도 태안군 근흥면 정죽리	1***	단독	8m미만	71.7	79.29	201804	5	2200	2018	안흥3길
4482532027	충청남도 태안군 남면 당암리	5**	단독	8m미만	90	538	201804	3	15300	2018	저드래길
4482532022	충청남도 태안군 남면 몽산리	7**	단독	8m미만	161	661	201804	12	18000	1998	몽산포길
4482534022	충청남도 태안군 소원면 법산리	7**	단독	8m미만	140	294	201804	9	6000	2018	사라실길
4482534022	충청남도 태안군 소원면 법산리	9*	단독	8m미만	112.41	822	201804	19	17942	2016	법산길
4482534021	충청남도 태안군 소원면 시목리	2**	단독	8m미만	96.71	653	201804	20	18000	2017	시목길
4482525321	충청남도 태안군 안면읍 승언리	3**	단독	8m미만	63.99	185	201804	14	6000	1979	조운막터길
4482525321	충청남도 태안군 안면읍 승언리	1***	단독	8m미만	66.3	278	201804	26	12340	2018	방포로
4482525321	충청남도 태안군 안면읍 승언리	1***	단독	8m미만	149.13	280	201804	25	18300	2018	응지마을길
4482525321	충청남도 태안군 안면읍 승언리	2**	단독	8m미만	129.6	501	201804	30	23555	1997	꽃지2길
4482535029	충청남도 태안군 원북면 청산리	3**	단독	8m미만	98.82	826	201804	30	22000	2017	원이로
4482525024	충청남도 태안군 태안읍 남산리	6**	단독	8m미만	98.91	500	201804	27	17300	2018	속햇말길
4482525021	충청남도 태안군 태안읍 동문리	3**	단독	12m미만	143.78	140	201804	13	2203	1981	중앙로
4482525033	충청남도 태안군 태안읍 삭선리	8**	단독	-	119.72	660	201804	19	18500	2018	원이로
4482525032	충청남도 태안군 태안읍 산후리	7**	단독	8m미만	159.84	526	201804	4	25000	2018	지막골길
4482525028	충청남도 태안군 태안읍 상옥리	9**	단독	8m미만	136.75	901	201804	3	26564	2012	상도로
4482525027	충청남도 태안군 태안읍 평천리	6**	단독	8m미만	138.87	533	201804	20	7260	1993	귀농촌길
4480025322	충청남도 홍성군 광천읍 광천리	1**	단독	8m미만	58.41	90	201804	10	1200	1999	null
4480025322	충청남도 홍성군 광천읍 광천리	1**	단독	8m미만	17.62	152	201804	18	2800	1999	홍남로737번길
4480025329	충청남도 홍성군 광천읍 상정리	7*	단독	8m미만	77.76	277	201804	3	4000	1992	충서로453번길
4480025321	충청남도 홍성군 광천읍 신진리	3**	단독	8m미만	67.56	145	201804	24	7000	1998	광천로373번길
4480025321	충청남도 홍성군 광천읍 신진리	3**	단독	8m미만	94.13	281	201804	10	4000	1984	광천로386번길
4480025330	충청남도 홍성군 광천읍 옹암리	2**	단독	8m미만	84.81	66	201804	10	600	1999	광천로180번길
4480039028	충청남도 홍성군 구항면 지정리	8**	단독	8m미만	177.5	1854	201804	5	14000	1999	거북로269번길
4480039021	충청남도 홍성군 구항면 황곡리	5**	단독	8m미만	180.6	520	201804	18	15800	2015	구항길194번길
4480032027	충청남도 홍성군 금마면 용흥리	3**	단독	8m미만	142.45	908	201804	8	18400	2015	광금북로
4480037027	충청남도 홍성군 서부면 남당리	6**	단독	8m미만	98.28	516	201804	4	20350	2016	남당항로
4480035030	충청남도 홍성군 은하면 화봉리	4**	단독	8m미만	46.28	589	201804	23	6300	1999	홍남로229번길
4480034034	충청남도 홍성군 장곡면 옥계리	1**	단독	8m미만	94.5	294	201804	7	4500	1990	무한로841번길
4480034029	충청남도 홍성군 장곡면 지정리	7**	단독	8m미만	98.33	960	201804	3	21500	2015	홍장남로
4480033023	충청남도 홍성군 홍동면 원천리	4**	단독	8m미만	66	615	201804	26	1248	1999	null
4480033034	충청남도 홍성군 홍동면 팔괘리	2**	단독	-	99.25	965	201804	19	12700	2018	광금남로699번길
4480025022	충청남도 홍성군 홍성읍 대교리	2**	단독	8m미만	60.25	334	201804	25	12800	1999	간동1길
4480025021	충청남도 홍성군 홍성읍 오관리	3**	단독	8m미만	70.8	419	201804	5	13500	1999	조양로170번길
4376031021	충청북도 괴산군 감물면 오성리	3**	단독	-	116.92	772	201804	8	11000	2018	충민로성골길
4376025021	충청북도 괴산군 괴산읍 동부리	6**	단독	8m미만	84.43	305	201804	24	17500	2018	읍내로13길
4376025022	충청북도 괴산군 괴산읍 서부리	2**	단독	12m미만	57.9	172	201804	18	5000	1975	읍내로5길
4376035025	충청북도 괴산군 문광면 문법리	5**	단독	8m미만	253.09	704	201804	30	18500	1978	모래재로원터1길
4376035026	충청북도 괴산군 문광면 신기리	3**	단독	8m미만	88.67	669	201804	26	11000	2007	괴산로신기2길
4376041021	충청북도 괴산군 불정면 목도리	2**	단독	8m미만	69.68	387	201804	19	5000	1920	목도로5길
4376040024	충청북도 괴산군 소수면 고마리	5**	단독	8m미만	90.95	420	201804	14	8000	1999	화산재로고마길
4376040023	충청북도 괴산군 소수면 아성리	7**	단독	8m미만	44.64	307	201804	20	3500	1994	원소로고마4길
4376033022	충청북도 괴산군 연풍면 행촌리	6**	단독	8m미만	45.28	112	201804	5	3010	null	중앙로행정3길
4376032022	충청북도 괴산군 장연면 추점리	4**	단독	8m미만	98.21	481	201804	9	7500	2010	미선로추점4길
4376037023	충청북도 괴산군 청안면 문방리	1**	단독	8m미만	80.25	1567	201804	12	9000	2004	문방5길
4376037029	충청북도 괴산군 청안면 백봉리	5**	단독	8m미만	96.5	860	201804	7	12000	2016	백봉3길
4376036032	충청북도 괴산군 청천면 무릉리	1**	단독	8m미만	124.81	599	201804	19	9500	2011	null
4376036049	충청북도 괴산군 청천면 사기막리	3**	단독	8m미만	182.43	998	201804	27	21500	2010	사기막1길
4376036021	충청북도 괴산군 청천면 청천리	*	단독	12m미만	229.53	655	201804	2	33000	2014	후평도원로
4376036045	충청북도 괴산군 청천면 화양리	1**	단독	8m미만	179.02	439	201804	16	26085	2012	null
4376034023	충청북도 괴산군 칠성면 비도리	4**	단독	12m미만	164.84	460	201804	30	19000	2016	비도길
4380032028	충청북도 단양군 가곡면 향산리	3**	단독	8m미만	60.07	245	201804	22	6800	1972	향산4길
4380025027	충청북도 단양군 단양읍 상진리	4**	단독	8m미만	82.98	175.2	201804	16	17500	1986	삼봉로
4380025027	충청북도 단양군 단양읍 상진리	7**	단독	25m이상	226.57	202.8	201804	24	41500	1985	삼봉로
4380025033	충청북도 단양군 단양읍 수촌리	2**	단독	-	67.2	660	201804	16	10000	2012	수촌2길
4380031044	충청북도 단양군 대강면 남조리	1**	단독	12m미만	71.5	410	201804	12	4500	2011	온천로
4380031033	충청북도 단양군 대강면 두음리	5**	단독	12m미만	70	293	201804	24	14800	1994	두음4길
4380031036	충청북도 단양군 대강면 직티리	2**	단독	8m미만	80.43	362	201804	4	3000	1961	직티1길
4380031037	충청북도 단양군 대강면 황정리	5*	단독	8m미만	87.71	660	201804	23	10000	2009	우리실길
4380025334	충청북도 단양군 매포읍 고양리	3**	단독	8m미만	81.96	227	201804	23	5000	1988	고양4길
4380025327	충청북도 단양군 매포읍 평동리	1***	단독	8m미만	116.62	191.4	201804	23	7500	1992	평동18길
4380025327	충청북도 단양군 매포읍 평동리	1**	단독	8m미만	49.6	220	201804	26	6000	1988	평동9길
4380025329	충청북도 단양군 매포읍 하시리	3**	단독	8m미만	106.35	883	201804	30	7000	1944	하시1길
4380034022	충청북도 단양군 어상천면 연곡리	8**	단독	12m미만	80.06	600	201804	1	16850	2014	매포어상천로
4380033021	충청북도 단양군 영춘면 상리	4**	단독	8m미만	49.59	195	201804	13	2900	1972	영춘3길
4380033021	충청북도 단양군 영춘면 상리	4**	단독	8m미만	49.58	198	201804	13	2900	1972	영춘2길
4380035027	충청북도 단양군 적성면 기동리	9*	단독	8m미만	87.22	330	201804	9	5000	2018	기동1길
4380035025	충청북도 단양군 적성면 상리	8**	단독	8m미만	152.76	918	201804	19	18800	2008	상학1길
4380035022	충청북도 단양군 적성면 현곡리	5**	단독	8m미만	50.4	330	201804	8	4000	2005	현곡길
4372025045	충청북도 보은군 보은읍 노티리	2**	단독	8m미만	64.5	311	201804	25	9100	1980	노티2길
4372025021	충청북도 보은군 보은읍 삼산리	2*	단독	8m미만	81.84	102	201804	3	8000	1960	삼산로3길
4372025021	충청북도 보은군 보은읍 삼산리	1**	단독	8m미만	82.5	237	201804	11	4300	1980	임업길
4372025023	충청북도 보은군 보은읍 장신리	2*	단독	8m미만	76.42	146	201804	30	6700	1994	장신로
4372025023	충청북도 보은군 보은읍 장신리	7*	단독	12m미만	103.68	218	201804	2	6990	1980	작은장신길
4372025023	충청북도 보은군 보은읍 장신리	5*	단독	8m미만	94.85	301	201804	23	9400	1966	장신1길
4372025026	충청북도 보은군 보은읍 지산리	9*	단독	8m미만	94.24	645	201804	17	14500	2016	지산3길
4372040036	충청북도 보은군 산외면 이식리	4**	단독	8m미만	54	648	201804	17	11380	2017	null
4372035030	충청북도 보은군 삼승면 둔덕리	3**	단독	8m미만	35.7	1005	201804	16	9000	2005	둔덕수정로
4372035021	충청북도 보은군 삼승면 원남리	2**	단독	8m미만	59.89	215	201804	13	7000	2005	원남로5길
4372031531	충청북도 보은군 속리산면 만수리	2*	단독	8m미만	78	321	201804	13	19000	2003	만수길
4372036031	충청북도 보은군 수한면 묘서리	5*	단독	8m미만	90.51	365	201804	17	16500	2018	묘서2길
4372036023	충청북도 보은군 수한면 발산리	2**	단독	8m미만	95.76	473	201804	25	4500	1969	후평바리미2길
4372032524	충청북도 보은군 장안면 황곡리	1**	단독	8m미만	114.71	486	201804	9	1750	1954	황곡길
4374035026	충청북도 영동군 상촌면 둔전리	*	단독	8m미만	46.24	255	201804	12	16000	2011	둔전2길
4374035026	충청북도 영동군 상촌면 둔전리	*	단독	8m미만	164.72	660	201804	12	5000	2002	둔전2길
4374035026	충청북도 영동군 상촌면 둔전리	*	단독	8m미만	152.45	745	201804	12	19000	2011	둔전2길
4374040030	충청북도 영동군 심천면 금정리	5*	단독	12m미만	79.94	740	201804	15	14839	2012	금강로
4374040029	충청북도 영동군 심천면 명천리	1**	단독	8m미만	56.85	294	201804	6	2600	1920	명천3길
4374040031	충청북도 영동군 심천면 약목리	1**	단독	8m미만	121.05	137	201804	6	700	1986	약목제방길
4374040033	충청북도 영동군 심천면 초강리	7**	단독	8m미만	111.54	330	201804	2	2500	2013	null
4374036029	충청북도 영동군 양강면 만계리	5**	단독	8m미만	59.5	256	201804	2	4400	1978	외만길
4374025024	충청북도 영동군 영동읍 화신리	5**	단독	12m미만	102.39	698	201804	6	4000	2014	화신로
4374037024	충청북도 영동군 용화면 월전리	5**	단독	8m미만	67.81	1004	201804	14	12000	2011	월전안길
4374033521	충청북도 영동군 추풍령면 관리	1**	단독	8m미만	29.6	552	201804	9	5000	1940	후리길
4374038026	충청북도 영동군 학산면 지내리	1**	단독	8m미만	163.77	747	201804	20	22826	2017	지내원당로
4374038025	충청북도 영동군 학산면 황산리	8*	단독	8m미만	48.15	330	201804	14	4700	2005	무가길
4374032033	충청북도 영동군 황간면 서송원리	*	단독	8m미만	91.31	660	201804	23	12800	2014	신탄로
4374032031	충청북도 영동군 황간면 우천리	3**	단독	8m미만	63.5	307	201804	6	1000	1981	도동길
4373037022	충청북도 옥천군 군서면 금산리	4**	단독	-	112.98	344	201804	29	10000	2014	null
4373037023	충청북도 옥천군 군서면 사정리	7*	단독	8m미만	85.28	331	201804	23	2700	1948	사정1길
4373031023	충청북도 옥천군 동이면 적하리	5**	단독	8m미만	36.9	417	201804	24	5500	2008	적하4길
4373032024	충청북도 옥천군 안남면 도덕리	5**	단독	8m미만	42.9	479	201804	23	4600	1945	도덕1길
4373025036	충청북도 옥천군 옥천읍 금구리	3*	단독	8m미만	112.71	209	201804	16	14000	1987	금장로
4373025036	충청북도 옥천군 옥천읍 금구리	3*	단독	8m미만	82.71	407	201804	1	45000	1976	중앙로9길
4373025030	충청북도 옥천군 옥천읍 서대리	1**	단독	8m미만	87.99	446	201804	18	15500	2004	송신길
4373025037	충청북도 옥천군 옥천읍 장야리	2**	단독	12m미만	56.07	188	201804	30	10800	1985	장야1길
4373036023	충청북도 옥천군 이원면 강청리	1**	단독	8m미만	41.6	410	201804	17	9500	1903	강청1길
4373036033	충청북도 옥천군 이원면 백지리	4**	단독	8m미만	78.96	867	201804	13	18800	2016	백지1길
4373036035	충청북도 옥천군 이원면 용방리	7**	단독	8m미만	162.6	486	201804	6	13000	1998	용방2길
4373036031	충청북도 옥천군 이원면 이원리	4**	단독	12m미만	165	539	201804	13	24000	1995	묘목로
4373035023	충청북도 옥천군 청산면 교평리	2**	단독	12m미만	99.82	284	201804	20	10000	1996	교평길
4373035027	충청북도 옥천군 청산면 장위리	4**	단독	8m미만	33.4	753	201804	30	2280	1924	장위2길
4373035021	충청북도 옥천군 청산면 지전리	7*	단독	8m미만	131.11	400	201804	16	10500	1984	지전길
4373034029	충청북도 옥천군 청성면 고당리	3**	단독	12m미만	99.66	530	201804	25	20600	2006	고당로
4373034032	충청북도 옥천군 청성면 구음리	3**	단독	8m미만	104.42	324	201804	12	1350	1970	구음2길
4373034032	충청북도 옥천군 청성면 구음리	2**	단독	8m미만	113.83	399	201804	15	5000	1934	구음길
4373034033	충청북도 옥천군 청성면 대안리	8**	단독	8m미만	42.64	1491	201804	5	4200	1912	대안로2길
4373034021	충청북도 옥천군 청성면 산계리	6**	단독	8m미만	148.01	636	201804	7	19000	2012	산계2길
4377037027	충청북도 음성군 감곡면 사곡리	*	단독	-	97.05	962	201804	22	30400	2007	사곡길69번길
4377037026	충청북도 음성군 감곡면 영산리	5**	단독	8m미만	131.89	1220	201804	18	18816	1920	영산로55번길
4377037021	충청북도 음성군 감곡면 오향리	6**	단독	8m미만	59.4	294	201804	30	7900	1977	음성로2576번길
4377037031	충청북도 음성군 감곡면 왕장리	4**	단독	8m미만	52.22	869	201804	13	43000	1945	장감로125번길
4377025339	충청북도 음성군 금왕읍 내송리	5*	단독	8m미만	84.46	337	201804	16	7300	1952	금일로38번길
4377025338	충청북도 음성군 금왕읍 도청리	7*	단독	8m미만	84.33	466	201804	18	23000	2016	청평길
4377025321	충청북도 음성군 금왕읍 무극리	7**	단독	8m미만	80.8	181	201804	13	15000	1998	탑골7길
4377034032	충청북도 음성군 대소면 대풍리	3**	단독	8m미만	196.93	228	201804	10	3000	1919	대금로54번길
4377034024	충청북도 음성군 대소면 성본리	4**	단독	8m미만	99.87	924	201804	14	27500	2010	신내로391번길
4377034031	충청북도 음성군 대소면 오류리	2**	단독	8m미만	112.82	372	201804	17	16000	1900	대금로
4377034031	충청북도 음성군 대소면 오류리	3**	단독	8m미만	159.91	678	201804	3	26500	2014	삼양로460번길
4377034022	충청북도 음성군 대소면 태생리	7**	단독	8m미만	176.77	485.1	201804	4	30000	1998	대화1길
4377035022	충청북도 음성군 삼성면 양덕리	4**	단독	8m미만	1124	4366	201804	25	115000	2014	금일로965번길
4377036024	충청북도 음성군 생극면 관성리	4**	단독	8m미만	153.99	742	201804	30	27000	2015	일생로355번길
4377036022	충청북도 음성군 생극면 병암리	2**	단독	8m미만	47.24	123	201804	30	3000	1991	안곤재길10번길
4377036022	충청북도 음성군 생극면 병암리	1***	단독	8m미만	198	486.9	201804	30	16000	2003	이진말3길
4377031023	충청북도 음성군 소이면 중동리	5*	단독	8m미만	129.93	947	201804	9	15500	2003	중동안길37번길
4377032022	충청북도 음성군 원남면 보룡리	4**	단독	12m미만	74.82	347	201804	2	7600	2012	보천로
4377032021	충청북도 음성군 원남면 보천리	8**	단독	8m미만	64.01	182	201804	5	4000	1971	보천로
4377032021	충청북도 음성군 원남면 보천리	6**	단독	8m미만	78.7	228	201804	24	4000	1918	충청대로465번길
4377032027	충청북도 음성군 원남면 하노리	2**	단독	12m미만	64.8	911	201804	13	6500	1992	상경로
4377025029	충청북도 음성군 음성읍 신천리	6**	단독	8m미만	89.42	321	201804	21	9400	1975	음성로193번길
4377025021	충청북도 음성군 음성읍 읍내리	5**	단독	12m미만	94.59	174	201804	25	13200	1995	예술로18번길
4377025021	충청북도 음성군 음성읍 읍내리	5**	단독	8m미만	69.08	240	201804	24	9350	1980	수정로
4377025021	충청북도 음성군 음성읍 읍내리	5**	단독	12m미만	249.4	474	201804	23	28000	1987	예술로
4377025021	충청북도 음성군 음성읍 읍내리	3**	단독	25m미만	128.04	2635	201804	18	218000	1992	시장로50번길
4315031021	충청북도 제천시 금성면 구룡리	4**	단독	12m미만	131.45	312	201804	21	12500	1999	국사봉로28길
4315031024	충청북도 제천시 금성면 중전리	4**	단독	8m미만	72.5	234	201804	21	1200	1984	신담2길
4315010400	충청북도 제천시 남천동	6**	단독	8m미만	179.16	171	201804	9	13000	1990	의병대로21길
4315034024	충청북도 제천시 덕산면 수산리	2**	단독	8m미만	68.1	849	201804	20	7400	1970	월악산로2길
4315010300	충청북도 제천시 동현동	2**	다가구	12m미만	659.02	570.5	201804	7	80000	2011	의병대로26다길
4315036022	충청북도 제천시 백운면 운학리	2**	단독	8m미만	88.95	366	201804	10	14800	2001	운학길
4315025034	충청북도 제천시 봉양읍 공전리	8**	단독	8m미만	99.24	760	201804	9	17000	2014	의암로2길
4315025031	충청북도 제천시 봉양읍 연박리	2**	단독	8m미만	227.04	1168	201804	26	14490	1994	논골로4길
4315025027	충청북도 제천시 봉양읍 학산리	3**	단독	8m미만	149.68	493	201804	5	16400	2007	제원로10길
4315010200	충청북도 제천시 서부동	2**	단독	12m미만	54.03	100	201804	10	5500	1986	의병대로1길
4315010200	충청북도 제천시 서부동	5**	단독	12m미만	88.06	159	201804	11	10000	1985	내제로9안길
4315038025	충청북도 제천시 송학면 도화리	3**	단독	8m미만	65.34	400	201804	16	5500	1987	송학주천로1길
4315038025	충청북도 제천시 송학면 도화리	8**	단독	8m미만	149.94	798	201804	21	27000	2011	도화로2길
4315038024	충청북도 제천시 송학면 시곡리	7**	단독	8m미만	126.28	498.9	201804	9	12000	2001	시곡길
4315038024	충청북도 제천시 송학면 시곡리	1***	단독	8m미만	209.39	645	201804	20	23950	2017	시곡포전로
4315038024	충청북도 제천시 송학면 시곡리	5**	단독	8m미만	63.36	746	201804	27	10200	1990	송학로8길
4315038028	충청북도 제천시 송학면 오미리	3**	단독	8m미만	96.3	909	201804	24	28000	2016	오미로13길
4315038026	충청북도 제천시 송학면 포전리	4**	단독	8m미만	39.01	717	201804	14	6500	1945	송학주천로13안길
4315033021	충청북도 제천시 수산면 수산리	4**	단독	8m미만	25.5	130	201804	13	1006	2017	월악로28길
4315012000	충청북도 제천시 신백동	2**	단독	12m미만	73.26	186	201804	7	12500	1984	단양로24길
4315011200	충청북도 제천시 신월동	1***	단독	12m미만	378.99	168.7	201804	15	27500	2008	대학로13길
4315011000	충청북도 제천시 영천동	1***	단독	8m미만	70.44	158	201804	30	7200	1981	청풍호로5길
4315010100	충청북도 제천시 의림동	2*	단독	12m미만	60.5	146	201804	16	5100	1979	명륜로9길
4315010100	충청북도 제천시 의림동	2*	단독	12m미만	76.04	160	201804	6	13500	1978	명륜로11길
4315010100	충청북도 제천시 의림동	1*	단독	12m미만	65.79	202	201804	23	12000	1973	숭문로19길
4315011600	충청북도 제천시 장락동	6**	단독	12m미만	83.84	119	201804	14	17300	2014	죽하로11안길
4315011600	충청북도 제천시 장락동	7**	단독	8m미만	106.32	217.5	201804	4	18500	1991	용두천로34길
4315011600	충청북도 제천시 장락동	6**	단독	12m미만	367.02	307	201804	20	25500	1997	용두천로28길
4315011600	충청북도 제천시 장락동	6**	단독	8m미만	82.16	327	201804	16	13000	1983	내토로54길
4315011300	충청북도 제천시 청전동	1**	단독	8m미만	137.55	153.1	201804	26	15000	1985	의림대로33길
4315011300	충청북도 제천시 청전동	1**	단독	8m미만	72.07	186	201804	20	7500	1978	내제로33길
4315011300	충청북도 제천시 청전동	7**	단독	25m미만	359.86	222.9	201804	30	66000	1996	내제로27길
4315011300	충청북도 제천시 청전동	5**	단독	12m미만	105.96	231.5	201804	12	20000	1989	고암로
4315011300	충청북도 제천시 청전동	8*	단독	8m미만	86.88	252	201804	26	7400	1984	의림대로30길
4374531025	충청북도 증평군 도안면 광덕리	1**	단독	8m미만	63.08	1071	201804	25	3800	1967	상모산길
4374525022	충청북도 증평군 증평읍 교동리	1**	단독	8m미만	239.53	338.8	201804	21	20500	1983	삼일로11길
4374525027	충청북도 증평군 증평읍 장동리	4**	단독	8m미만	172.02	330	201804	2	13200	1978	중앙로12길
4374525021	충청북도 증평군 증평읍 증평리	2**	단독	25m미만	138.74	128	201804	16	12000	1994	삼일로
4374525030	충청북도 증평군 증평읍 초중리	5**	다가구	12m미만	462.16	243.5	201804	4	52000	2013	초중2길
4374525030	충청북도 증평군 증평읍 초중리	6**	다가구	12m미만	488.52	261.8	201804	25	40000	2011	초중3길
4375037027	충청북도 진천군 광혜원면 광혜원리	5**	단독	12m미만	653.4	314	201804	12	45000	2002	화랑4안길
4375025323	충청북도 진천군 덕산읍 산수리	1***	단독	25m미만	787.89	596.7	201804	26	139000	2016	산수산단2로
4375025330	충청북도 진천군 덕산읍 용몽리	6**	단독	25m미만	119.96	163	201804	7	20000	1958	덕금로
4375025330	충청북도 진천군 덕산읍 용몽리	2*	단독	8m미만	99.45	409	201804	18	15000	2009	신평1길
4375025332	충청북도 진천군 덕산읍 합목리	3**	단독	8m미만	542.48	544	201804	28	88000	2017	합목3길
4375025332	충청북도 진천군 덕산읍 합목리	3**	단독	8m미만	598.21	600	201804	28	89500	2017	합목3길
4375025322	충청북도 진천군 덕산읍 화상리	5**	단독	8m미만	154.24	825	201804	20	20130	2004	귀농2길
4375033027	충청북도 진천군 문백면 봉죽리	2**	단독	8m미만	122.79	333	201804	14	11300	1983	봉죽3길
4375034028	충청북도 진천군 백곡면 명암리	8*	단독	8m미만	142.6	660	201804	25	14000	2005	명암길
4375025021	충청북도 진천군 진천읍 교성리	1**	단독	8m미만	70.59	176	201804	14	13800	1979	남산5길
4375025021	충청북도 진천군 진천읍 교성리	2**	단독	8m미만	112.27	460	201804	11	30000	1941	남산길
4375025036	충청북도 진천군 진천읍 삼덕리	3**	단독	8m미만	97.82	234	201804	7	6000	1994	덕문이1길
4375025036	충청북도 진천군 진천읍 삼덕리	6**	단독	8m미만	125.73	378	201804	11	20000	2018	삼덕1길
4375025035	충청북도 진천군 진천읍 연곡리	1**	단독	8m미만	84.5	496	201804	19	15500	2005	김유신길
4375032022	충청북도 진천군 초평면 영구리	5**	단독	8m미만	75.28	484	201804	15	7000	1998	영구리길
4375032026	충청북도 진천군 초평면 오갑리	6**	단독	8m미만	60	410	201804	30	7000	2000	초평로
4375032031	충청북도 진천군 초평면 진암리	1**	단독	8m미만	106.45	338	201804	21	6600	1925	진동길
4311133024	충청북도 청주상당구 가덕면 국전리	2**	단독	8m미만	99.41	440	201804	16	6500	1994	국전길
4311112000	충청북도 청주상당구 금천동	1**	단독	8m미만	84.97	139	201804	15	15000	1983	쇠내로65번길
4311112000	충청북도 청주상당구 금천동	1**	단독	8m미만	57.14	152	201804	28	9500	1975	쇠내로65번길
4311112000	충청북도 청주상당구 금천동	1**	단독	8m미만	66.94	155	201804	28	12000	1978	꽃산서로8번길
4311112000	충청북도 청주상당구 금천동	9*	단독	8m미만	84.02	155	201804	10	15900	1983	꽃산서로3번길
4311112000	충청북도 청주상당구 금천동	1**	단독	8m미만	125.95	168	201804	24	16000	1984	쇠내로59번길
4311112000	충청북도 청주상당구 금천동	1**	단독	8m미만	60.3	183	201804	25	18150	1970	중고개로337번길
4311112000	충청북도 청주상당구 금천동	1**	단독	25m이상	83.98	200	201804	26	29000	1983	중고개로337번길
4311112000	충청북도 청주상당구 금천동	3**	단독	12m미만	368.52	205.5	201804	1	47000	2003	영운천로153번길
4311112000	충청북도 청주상당구 금천동	4**	단독	12m미만	491.6	278.4	201804	7	84500	2015	영운천로153번길
4311134030	충청북도 청주상당구 남일면 가산리	2**	단독	8m미만	48	1378	201804	25	20300	2014	미천고은로
4311134032	충청북도 청주상당구 남일면 가중리	1**	단독	8m미만	99.72	659	201804	14	30973	2010	가중길
4311134028	충청북도 청주상당구 남일면 고은리	4**	단독	8m미만	114.9	244	201804	23	8500	1981	단재로
4311134025	충청북도 청주상당구 남일면 은행리	3**	단독	12m미만	75.68	239	201804	23	11000	2013	교육원로
4311134025	충청북도 청주상당구 남일면 은행리	2**	단독	8m미만	136.44	557	201804	13	9358	1952	은행길
4311111000	충청북도 청주상당구 남주동	5**	단독	12m미만	550.84	238.9	201804	7	30000	1981	성안로74번길
4311111000	충청북도 청주상당구 남주동	5*	단독	8m미만	141.49	383.8	201804	18	27000	1949	남사로112번길
4311111800	충청북도 청주상당구 대성동	1**	단독	12m미만	93.46	46.3	201804	13	9000	1979	null
4311135023	충청북도 청주상당구 문의면 남계리	6**	단독	8m미만	90.06	548	201804	16	14500	1976	남계4길
4311135036	충청북도 청주상당구 문의면 도원리	1**	단독	8m미만	54.85	327	201804	23	2300	1940	문의도원길
4311135022	충청북도 청주상당구 문의면 미천리	3**	단독	8m미만	74.62	198	201804	4	8000	1980	미천4길
4311132024	충청북도 청주상당구 미원면 내산리	1**	단독	8m미만	89.27	830	201804	14	9600	1998	미원초정로
4311111100	충청북도 청주상당구 석교동	1**	단독	8m미만	133.11	105.8	201804	4	7000	1979	무심동로282번길
4311111200	충청북도 청주상당구 수동	8*	단독	12m미만	37.2	46.9	201804	24	4800	1954	수동로
4311111200	충청북도 청주상당구 수동	3**	단독	8m미만	117.82	115.7	201804	10	12000	1984	대성로200번길
4311111200	충청북도 청주상당구 수동	3*	단독	8m미만	179.85	175.2	201804	2	13000	1994	교동로
4311111900	충청북도 청주상당구 영운동	1**	단독	8m미만	38	102	201804	4	5500	1959	수영로137번길
4311111900	충청북도 청주상당구 영운동	8*	단독	8m미만	118.38	129	201804	7	7700	1981	수영로136번길
4311111900	충청북도 청주상당구 영운동	5*	단독	8m미만	168.25	179	201804	2	16500	1989	영운천로91번길
4311111900	충청북도 청주상당구 영운동	1**	단독	8m미만	99.27	215	201804	4	13100	1995	null
4311112100	충청북도 청주상당구 용담동	1**	단독	8m미만	115.59	123	201804	21	16000	1981	당산로
4311112100	충청북도 청주상당구 용담동	1**	단독	12m미만	357.12	213	201804	17	58800	2013	산성로101번길
4311112100	충청북도 청주상당구 용담동	1**	단독	12m미만	585.37	336	201804	1	59050	2009	용담로139번길
4311112400	충청북도 청주상당구 용암동	6**	단독	8m미만	149.85	173	201804	6	36000	2016	용암로95번길
4311112400	충청북도 청주상당구 용암동	1***	단독	12m미만	325.5	195.2	201804	6	25000	1996	무농정로2번길
4311112400	충청북도 청주상당구 용암동	2***	단독	12m미만	369.62	217.6	201804	30	42000	2003	용암북로160번길
4311112400	충청북도 청주상당구 용암동	2***	단독	12m미만	393.99	241.2	201804	23	38000	2004	용암북로180번길
4311111700	충청북도 청주상당구 탑동	2**	단독	8m미만	178.62	246.3	201804	9	23450	1982	대성로50번길
4311231036	충청북도 청주서원구 남이면 가좌리	1**	단독	8m미만	145.06	472	201804	5	37600	2017	남이가좌1길
4311231036	충청북도 청주서원구 남이면 가좌리	1**	단독	8m미만	146.14	518	201804	29	36747	2017	남이가좌1길
4311210300	충청북도 청주서원구 모충동	1**	다가구	8m미만	292.94	166.6	201804	6	47000	2012	구룡산로337번길
4311210300	충청북도 청주서원구 모충동	4**	단독	25m미만	121.33	106	201804	20	19000	1977	모충로
4311210300	충청북도 청주서원구 모충동	2**	단독	12m미만	277.99	179	201804	24	57800	2012	남들로35번길
4311210300	충청북도 청주서원구 모충동	8*	단독	8m미만	131.61	179.8	201804	19	18000	1976	청남로2128번길
4311210100	충청북도 청주서원구 사직동	1**	단독	8m미만	246.35	130.9	201804	5	56900	2017	사운로172번길
4311210100	충청북도 청주서원구 사직동	2**	단독	12m미만	66.36	132.3	201804	16	9500	1979	사북로48번길
4311210100	충청북도 청주서원구 사직동	6**	단독	8m미만	164.83	133	201804	30	13000	1984	창직로96번길
4311210100	충청북도 청주서원구 사직동	2**	단독	8m미만	122.91	166.8	201804	21	11400	1978	사운로116번길
4311210100	충청북도 청주서원구 사직동	6**	단독	8m미만	93.6	178	201804	24	11700	1978	호국로37번길
4311210200	충청북도 청주서원구 사창동	2**	다가구	8m미만	275.87	232	201804	13	24000	1990	창신로26번길
4311210200	충청북도 청주서원구 사창동	1**	다가구	8m미만	393.77	234.2	201804	24	51500	2004	사직대로89번길
4311210200	충청북도 청주서원구 사창동	1**	다가구	12m미만	578.12	291.9	201804	16	106500	2014	봉명로132번길
4311210200	충청북도 청주서원구 사창동	3**	단독	25m미만	121.14	103	201804	19	21500	1983	창직로
4311210200	충청북도 청주서원구 사창동	2**	단독	8m미만	147.64	139.9	201804	13	9300	1986	천석로8번길
4311210200	충청북도 청주서원구 사창동	2**	단독	12m미만	136.87	140	201804	28	17000	1987	천수로18번길
4311210200	충청북도 청주서원구 사창동	2**	단독	8m미만	131.11	150.1	201804	12	16000	1983	봉명로240번길
4311210200	충청북도 청주서원구 사창동	2**	단독	8m미만	178.36	164	201804	28	25000	1988	천수로18번길
4311210200	충청북도 청주서원구 사창동	1**	단독	8m미만	143.28	168.6	201804	27	28700	1984	사직대로89번길
4311210200	충청북도 청주서원구 사창동	1**	단독	8m미만	226.98	201.9	201804	17	29300	1982	사직대로89번길
4311210200	충청북도 청주서원구 사창동	1**	단독	8m미만	195.32	228.4	201804	3	26000	1985	1순환로634번길
4311210200	충청북도 청주서원구 사창동	2**	단독	8m미만	456.55	242.4	201804	24	84000	2018	천석로8번길
4311210200	충청북도 청주서원구 사창동	2**	단독	25m미만	723.8	363	201804	16	160000	2015	창신로25번길
4311210400	충청북도 청주서원구 산남동	9**	단독	12m미만	364.92	228.6	201804	12	55000	2010	두꺼비로70번길
4311210800	충청북도 청주서원구 성화동	8**	단독	12m미만	398.83	213.5	201804	30	64000	2012	장전로20번가길
4311210800	충청북도 청주서원구 성화동	9**	단독	25m미만	483.43	242.5	201804	6	81000	2012	용호로15번길
4311210700	충청북도 청주서원구 수곡동	1*	단독	12m미만	63.65	134.2	201804	24	15000	1977	청남로2098번길
4311210700	충청북도 청주서원구 수곡동	7*	단독	25m이상	195.1	174.3	201804	17	40000	1991	청남로
4311210700	충청북도 청주서원구 수곡동	8*	단독	8m미만	278.19	188.1	201804	24	29000	1991	청남로2109번길
4311210700	충청북도 청주서원구 수곡동	9**	단독	12m미만	342.68	200.9	201804	30	36000	1997	수곡로5번길
4311210700	충청북도 청주서원구 수곡동	5*	단독	12m미만	99.82	219	201804	11	23500	1980	청남로2074번길
4311210700	충청북도 청주서원구 수곡동	8*	단독	12m미만	70.71	223.5	201804	18	15500	1975	구룡산로375번길
4311210700	충청북도 청주서원구 수곡동	4*	단독	12m미만	531.6	244.7	201804	18	43000	2001	청남로2110번길
4311210700	충청북도 청주서원구 수곡동	8*	단독	8m미만	490.9	320.6	201804	15	60000	2005	남들로35번길
4311232024	충청북도 청주서원구 현도면 우록리	7**	단독	8m미만	91.58	346	201804	9	6000	1969	null
4311232024	충청북도 청주서원구 현도면 우록리	4**	단독	8m미만	130.1	406	201804	23	16000	1978	우록길
4311410200	충청북도 청주청원구 내덕동	1**	단독	25m미만	95.5	53	201804	23	9500	1986	안덕벌로
4311410200	충청북도 청주청원구 내덕동	8**	단독	8m미만	99.57	104	201804	27	13800	1997	사뜸로5번길
4311410200	충청북도 청주청원구 내덕동	3**	단독	8m미만	60.8	110	201804	12	7800	1980	공항로
4311410200	충청북도 청주청원구 내덕동	6**	단독	8m미만	58.44	129.9	201804	12	9000	1975	1순환로311번길
4311410200	충청북도 청주청원구 내덕동	2*	단독	8m미만	209.49	141	201804	28	23000	1994	안덕벌로102번길
4311410200	충청북도 청주청원구 내덕동	2**	단독	8m미만	255.4	164	201804	22	22000	2001	우암로64번길
4311410200	충청북도 청주청원구 내덕동	4**	단독	8m미만	60.49	185	201804	23	13000	1976	null
4311410200	충청북도 청주청원구 내덕동	4**	단독	12m미만	84.8	197	201804	19	19500	1979	충청대로62번길
4311410200	충청북도 청주청원구 내덕동	5**	단독	8m미만	59.5	208	201804	11	18400	1969	사뜸로5번길
4311410200	충청북도 청주청원구 내덕동	3**	단독	8m미만	125.19	251	201804	16	17500	2000	내덕로61번길
4311410200	충청북도 청주청원구 내덕동	2**	단독	8m미만	473.84	267	201804	23	41500	1998	상당로
4311410200	충청북도 청주청원구 내덕동	1**	단독	8m미만	541.85	360	201804	9	64000	2008	안덕벌로76번길
4311425036	충청북도 청주청원구 내수읍 은곡리	1**	단독	8m미만	69.48	367	201804	8	15000	2010	은곡길
4311431033	충청북도 청주청원구 북이면 금암리	3*	단독	8m미만	69.5	812	201804	10	14000	2011	금암1길
4311431037	충청북도 청주청원구 북이면 내추리	3**	단독	8m미만	89.01	346.9	201804	13	14800	1999	내추길
4311431042	충청북도 청주청원구 북이면 석성리	3**	단독	8m미만	166.68	221	201804	20	15000	1997	신대석성로
4311431032	충청북도 청주청원구 북이면 장재리	4**	단독	8m미만	109.8	563	201804	19	12000	2010	장재2길
4311431032	충청북도 청주청원구 북이면 장재리	4**	단독	8m미만	109.8	563	201804	30	13000	2010	장재2길
4311431045	충청북도 청주청원구 북이면 화하리	3*	단독	8m미만	60.45	247	201804	25	5300	1987	null
4311431045	충청북도 청주청원구 북이면 화하리	7*	단독	8m미만	110.61	329	201804	11	6500	1942	화하길
4311425346	충청북도 청주청원구 오창읍 구룡리	4**	다가구	12m미만	461.39	341.1	201804	5	84500	2015	구룡6길
4311425346	충청북도 청주청원구 오창읍 구룡리	4**	다가구	25m이상	444.48	347.6	201804	3	94500	2017	구룡택지1로
4311425346	충청북도 청주청원구 오창읍 구룡리	4**	다가구	12m미만	587.78	358.3	201804	24	65000	2004	구룡2길
4311425346	충청북도 청주청원구 오창읍 구룡리	4**	단독	12m미만	580.89	360.1	201804	19	64500	2007	구룡5길
4311425346	충청북도 청주청원구 오창읍 구룡리	4**	단독	12m미만	607.5	369.7	201804	27	60000	2007	구룡2길
4311425328	충청북도 청주청원구 오창읍 복현리	1**	단독	8m미만	426.09	428	201804	9	40000	2011	복현3길
4311425347	충청북도 청주청원구 오창읍 성산리	4**	단독	-	33	382	201804	2	13464	2018	미래지로
4311425345	충청북도 청주청원구 오창읍 양청리	7**	다가구	25m이상	263.4	220.7	201804	9	43000	2011	양청택지로
4311425345	충청북도 청주청원구 오창읍 양청리	7**	다가구	25m미만	425.23	246.8	201804	6	69000	2014	양청1길
4311425345	충청북도 청주청원구 오창읍 양청리	7**	다가구	12m미만	465.31	333.7	201804	13	48900	2007	양청택지로
4311425345	충청북도 청주청원구 오창읍 양청리	7**	단독	25m미만	257.41	214.6	201804	10	55000	2015	양청택지로
4311425345	충청북도 청주청원구 오창읍 양청리	7**	단독	12m미만	403.76	342.5	201804	9	47500	2009	양청택지1길
4311425349	충청북도 청주청원구 오창읍 용두리	2**	단독	8m미만	99.87	758.2	201804	26	38000	2008	용두1길
4311410100	충청북도 청주청원구 우암동	3**	단독	8m미만	56.9	132.8	201804	17	9000	1961	직지대로832번길
4311410100	충청북도 청주청원구 우암동	3**	단독	8m미만	129.22	143	201804	16	8550	1980	향군로41번길
4311410100	충청북도 청주청원구 우암동	2**	단독	8m미만	77.49	146	201804	29	14500	1984	교서로186번길
4311410100	충청북도 청주청원구 우암동	4**	단독	8m미만	123.06	151.2	201804	10	8800	1984	교서로
4311410100	충청북도 청주청원구 우암동	3**	단독	8m미만	71.47	191.1	201804	10	15000	1970	직지대로839번길
4311410100	충청북도 청주청원구 우암동	5*	단독	8m미만	598.99	307	201804	29	119000	2017	수암로
4311410300	충청북도 청주청원구 율량동	2***	다가구	12m미만	432.62	230.3	201804	8	77000	2017	율중로16번길
4311410300	충청북도 청주청원구 율량동	2***	단독	8m미만	484.32	262.9	201804	10	80000	2016	율봉로262번길
4311410300	충청북도 청주청원구 율량동	1***	단독	8m미만	463.67	266.9	201804	16	80000	2013	율봉로261번길
4311410700	충청북도 청주청원구 정상동	1**	단독	8m미만	67.2	327	201804	5	7900	1960	토성로214번가길
4311311300	충청북도 청주흥덕구 가경동	1***	다가구	12m미만	316.58	181	201804	2	33250	2003	장구봉로29번길
4311311300	충청북도 청주흥덕구 가경동	9**	다가구	12m미만	298.91	258.6	201804	16	40000	1994	풍년로206번길
4311311300	충청북도 청주흥덕구 가경동	1***	단독	12m미만	349.95	182.9	201804	30	35000	1999	풍산로25번길
4311311300	충청북도 청주흥덕구 가경동	1***	단독	25m미만	293.52	188.9	201804	2	45500	1994	풍년로180번길
4311311300	충청북도 청주흥덕구 가경동	1***	단독	25m미만	397.52	204	201804	16	54500	2000	경산로
4311311300	충청북도 청주흥덕구 가경동	2***	단독	12m미만	351.2	208.6	201804	18	73800	2011	서현중로28번길
4311311300	충청북도 청주흥덕구 가경동	1***	단독	12m미만	376.85	230.2	201804	23	57000	2010	서경로12번길
4311311300	충청북도 청주흥덕구 가경동	3**	단독	8m미만	98.74	255.9	201804	12	29700	2005	서현로60번길
4311311300	충청북도 청주흥덕구 가경동	6**	단독	8m미만	117.27	347.1	201804	4	29000	2005	서현로52번길
4311331032	충청북도 청주흥덕구 강내면 석화리	*	단독	8m미만	51.45	259	201804	16	17094	2013	강내석화길
4311331030	충청북도 청주흥덕구 강내면 월탄리	3*	단독	8m미만	536	676	201804	29	60000	2008	월탄3길
4311311400	충청북도 청주흥덕구 복대동	3***	다가구	12m미만	526	305.7	201804	6	85000	2007	대신로67번길
4311311400	충청북도 청주흥덕구 복대동	2**	단독	8m미만	65.34	101	201804	4	14600	1980	null
4311311400	충청북도 청주흥덕구 복대동	2**	단독	8m미만	112.72	120	201804	4	17400	1980	복대로209번길
4311311400	충청북도 청주흥덕구 복대동	8**	단독	8m미만	129.65	152	201804	18	25000	1983	월명로13번길
4311311400	충청북도 청주흥덕구 복대동	6*	단독	8m미만	162.69	164	201804	24	13500	1987	산단로28번길
4311311400	충청북도 청주흥덕구 복대동	2***	단독	8m미만	209.56	167.7	201804	21	18400	1991	풍산로156번길
4311311400	충청북도 청주흥덕구 복대동	8**	단독	8m미만	145.95	171	201804	3	23700	1982	사직대로41번길
4311311400	충청북도 청주흥덕구 복대동	8**	단독	8m미만	151	172.5	201804	30	26800	1980	월명로5번길
4311311400	충청북도 청주흥덕구 복대동	7**	단독	12m미만	413.3	205	201804	10	29600	1995	복대로164번길
4311311400	충청북도 청주흥덕구 복대동	2***	단독	12m미만	426.98	215	201804	26	60000	2001	짐대로50번길
4311311400	충청북도 청주흥덕구 복대동	2***	단독	12m미만	494.86	221	201804	11	55500	2001	증안로22번길
4311311400	충청북도 청주흥덕구 복대동	1***	단독	12m미만	409.87	228.5	201804	19	57500	2011	풍산로169번길
4311311400	충청북도 청주흥덕구 복대동	6**	단독	8m미만	433.92	244	201804	20	52500	2002	내수동로12번길
4311311400	충청북도 청주흥덕구 복대동	8**	단독	8m미만	247.72	248	201804	9	52500	1987	사직대로62번길
4311311500	충청북도 청주흥덕구 봉명동	1***	다가구	12m미만	494.66	249.8	201804	3	86300	2014	봉정로66번길
4311311500	충청북도 청주흥덕구 봉명동	2**	다가구	25m미만	647.85	323.9	201804	14	98000	2013	봉명로
4311311500	충청북도 청주흥덕구 봉명동	1***	단독	12m미만	310.83	173.1	201804	5	30000	2001	1순환로634번길
4311311500	충청북도 청주흥덕구 봉명동	1***	단독	8m미만	183.61	180	201804	6	17000	1986	주현로33번길
4311311500	충청북도 청주흥덕구 봉명동	1***	단독	25m미만	274.94	208.3	201804	12	26000	1994	봉정로56번길
4311311500	충청북도 청주흥덕구 봉명동	1***	단독	8m미만	184.77	208.9	201804	1	21500	1987	과상미로66번길
4311311500	충청북도 청주흥덕구 봉명동	1***	단독	8m미만	248.66	221.6	201804	16	18000	1990	천석로36번길
4311311500	충청북도 청주흥덕구 봉명동	6**	단독	8m미만	171.81	245.8	201804	24	29500	1985	직지대로667번길
4311311500	충청북도 청주흥덕구 봉명동	1***	단독	25m미만	418.51	252.1	201804	10	66800	2015	봉명로
4311311500	충청북도 청주흥덕구 봉명동	4**	단독	8m미만	480.35	302.9	201804	22	55500	2003	1순환로523번길
4311311500	충청북도 청주흥덕구 봉명동	2***	단독	25m미만	494.84	352.1	201804	30	92000	2005	덕암로59번길
4311311500	충청북도 청주흥덕구 봉명동	2***	단독	12m미만	575.54	384	201804	2	71000	2007	덕암로71번길
4311311500	충청북도 청주흥덕구 봉명동	2***	단독	25m미만	823.99	412.5	201804	28	127000	2013	월명로236번길
4311313800	충청북도 청주흥덕구 비하동	6**	단독	8m미만	113.66	156	201804	9	17000	1988	청향로27번길
4311313800	충청북도 청주흥덕구 비하동	7*	단독	12m미만	342.81	161	201804	5	70000	2018	가로수로1154번길
4311313800	충청북도 청주흥덕구 비하동	6**	단독	8m미만	219.75	191	201804	27	25500	1991	청향로27번길
4311313800	충청북도 청주흥덕구 비하동	6**	단독	8m미만	237.27	236	201804	10	32500	1990	청향로14번길
4311313800	충청북도 청주흥덕구 비하동	1**	단독	12m미만	418.68	255	201804	11	51000	2000	비하로35번길
4311312000	충청북도 청주흥덕구 신전동	2**	단독	8m미만	85.28	273	201804	13	10500	1998	신전로
4311312000	충청북도 청주흥덕구 신전동	1**	단독	8m미만	154.1	608	201804	20	18000	2001	신전로175번길
4311314100	충청북도 청주흥덕구 신촌동	6*	단독	8m미만	65.61	440	201804	10	9800	1999	청주역로406번길
4311325023	충청북도 청주흥덕구 오송읍 공북리	3**	단독	8m미만	56.5	466	201804	16	12250	1990	공북2길
4311325025	충청북도 청주흥덕구 오송읍 만수리	8**	다가구	12m미만	375.38	273.1	201804	25	70000	2011	만수1길
4311325030	충청북도 청주흥덕구 오송읍 서평리	3**	단독	8m미만	91.9	308	201804	18	13680	1973	서평2길
4311325028	충청북도 청주흥덕구 오송읍 오송리	2**	단독	8m미만	90.72	383	201804	26	24500	2005	오송5길
4311332026	충청북도 청주흥덕구 옥산면 동림리	5**	단독	8m미만	185.33	844	201804	26	10341	1965	동림1길
4311332034	충청북도 청주흥덕구 옥산면 소로리	6*	단독	8m미만	65.9	247	201804	28	5000	1943	소로2길
4311310400	충청북도 청주흥덕구 운천동	9**	단독	25m미만	196.65	182.1	201804	21	21100	1988	직지대로753번길
4311310400	충청북도 청주흥덕구 운천동	1***	단독	8m미만	293.9	198.4	201804	7	21000	1987	흥덕로161번길
4313010500	충청북도 충주시 교현동	3**	단독	-	43.2	142	201804	12	15050	2009	야현4길
4313010500	충청북도 충주시 교현동	4**	단독	12m미만	78.98	146	201804	29	14200	1981	신호3길
4313010500	충청북도 충주시 교현동	1**	단독	8m미만	75.34	161	201804	16	7000	1981	신호5길
4313010500	충청북도 충주시 교현동	5**	단독	8m미만	76.03	177.5	201804	11	6000	1975	예성4길
4313010500	충청북도 충주시 교현동	9**	단독	8m미만	150.12	224.7	201804	20	30000	1987	남산8길
4313039026	충청북도 충주시 금가면 문산리	2**	단독	8m미만	89.16	301	201804	5	11500	1996	금가중앙2길
4313039023	충청북도 충주시 금가면 유송리	2**	단독	8m미만	98.88	499	201804	24	20000	1996	화동길
4313036023	충청북도 충주시 노은면 안락리	3**	단독	8m미만	99.96	654	201804	10	26243	2013	안락안골1길
4313010900	충청북도 충주시 단월동	4**	단독	8m미만	328.53	287	201804	13	38300	1998	하단7길
4313010900	충청북도 충주시 단월동	2**	단독	8m미만	141.21	342	201804	29	13700	1987	모시래1길
4313011400	충청북도 충주시 달천동	3**	단독	8m미만	68.86	496	201804	16	12250	1972	달신2길
4313033529	충청북도 충주시 대소원면 검단리	7*	단독	8m미만	647.12	380	201804	11	71000	2009	용두제방길
4313033529	충청북도 충주시 대소원면 검단리	1**	단독	12m미만	381.54	384	201804	13	48000	2000	요도천변길
4313033529	충청북도 충주시 대소원면 검단리	1**	단독	12m미만	381.54	385	201804	13	52000	2000	요도천변길
4313033522	충청북도 충주시 대소원면 금곡리	7*	단독	12m미만	36.9	254	201804	12	2500	1935	쇠실로
4313033530	충청북도 충주시 대소원면 완오리	6**	단독	8m미만	74.12	258	201804	23	5000	1990	완오신촌길
4313040024	충청북도 충주시 동량면 하천리	1**	단독	8m미만	195.83	878	201804	6	34500	2005	호반로
4313012700	충청북도 충주시 문화동	1***	단독	25m이상	281.77	231.1	201804	5	26500	1988	중원대로
4313011500	충청북도 충주시 봉방동	1**	단독	12m미만	140.79	198.3	201804	16	13500	1979	봉계12길
4313011500	충청북도 충주시 봉방동	2**	단독	25m미만	111.99	238.6	201804	18	17000	1988	삼원로
4313041024	충청북도 충주시 산척면 석천리	4*	단독	8m미만	84.7	496	201804	28	20600	2014	명암길
4313041021	충청북도 충주시 산척면 송강리	8**	단독	8m미만	127.09	549	201804	7	21770	2013	양지담길
4313041021	충청북도 충주시 산척면 송강리	1***	단독	8m미만	95.14	721	201804	2	17000	2006	증촌길
4313031032	충청북도 충주시 살미면 문강리	1**	단독	8m미만	134.08	767	201804	27	30000	2014	강진길
4313010200	충청북도 충주시 성남동	1**	단독	12m미만	99.14	172	201804	10	14500	1997	성남5길
4313032526	충청북도 충주시 수안보면 고운리	2**	단독	8m미만	112.25	357	201804	7	18000	2006	고운길
4313032522	충청북도 충주시 수안보면 안보리	3**	단독	8m미만	73.31	354	201804	25	3300	1965	대안보2길
4313032523	충청북도 충주시 수안보면 화천리	1**	단독	8m미만	117.3	496	201804	27	5700	1999	사시동길
4313035029	충청북도 충주시 신니면 송암리	6*	단독	8m미만	84.02	567	201804	23	18900	2015	왜실길
4313035021	충청북도 충주시 신니면 용원리	3**	단독	8m미만	77	245	201804	17	7130	2004	신덕로
4313037034	충청북도 충주시 앙성면 능암리	7**	단독	8m미만	155.55	500	201804	23	10870	2000	능동3길
4313037027	충청북도 충주시 앙성면 목미리	4**	단독	8m미만	32	287	201804	24	4800	2007	null
4313037032	충청북도 충주시 앙성면 사미리	2**	단독	8m미만	137.8	586	201804	30	35000	2017	사리골길
4313037030	충청북도 충주시 앙성면 용대리	2**	단독	8m미만	92.58	588	201804	15	15000	2012	내용3길
4313042023	충청북도 충주시 엄정면 목계리	2**	단독	8m미만	42.5	208	201804	7	4700	1907	서계2길
4313011300	충청북도 충주시 용두동	3**	단독	8m미만	48.59	311	201804	1	7600	1972	상용두1길
4313010600	충청북도 충주시 용산동	1***	단독	8m미만	65.12	124	201804	4	5000	1978	거룡10길
4313010600	충청북도 충주시 용산동	1**	단독	8m미만	119.01	463	201804	16	29213	1945	용정8길
4313012100	충청북도 충주시 종민동	8**	단독	8m미만	96.34	259	201804	6	13500	2012	종민1길
4313025023	충청북도 충주시 주덕읍 대곡리	8**	단독	8m미만	170.8	495	201804	11	5000	2002	석포길
4313025030	충청북도 충주시 주덕읍 덕련리	6*	단독	8m미만	37.45	321	201804	18	9100	1947	덕련창동길
4313038527	충청북도 충주시 중앙탑면 루암리	2*	단독	8m미만	111.6	460	201804	27	4680	1980	새마을길
4313038527	충청북도 충주시 중앙탑면 루암리	*	단독	8m미만	99.21	589	201804	3	33500	2014	청금로
4313038525	충청북도 충주시 중앙탑면 하구암리	4**	단독	8m미만	71.65	446	201804	30	4430	1995	걸피기길
4313012500	충청북도 충주시 지현동	1***	단독	-	46.95	165	201804	10	6500	1971	예성로
4313012500	충청북도 충주시 지현동	1***	단독	8m미만	77.73	165	201804	3	11786	1980	지곡1길
4313012500	충청북도 충주시 지현동	1***	단독	8m미만	85.41	172	201804	3	12512	2002	지곡2길
4313012500	충청북도 충주시 지현동	1**	단독	8m미만	212.3	187	201804	20	20600	2011	사직산14길
4313012500	충청북도 충주시 지현동	1***	단독	8m미만	171.98	238	201804	4	28500	1969	신촌16길
4313012500	충청북도 충주시 지현동	1***	단독	12m미만	545.03	257	201804	23	74500	2017	지곡8길
4313011600	충청북도 충주시 칠금동	1***	다가구	12m미만	328.68	236.8	201804	30	44200	2005	대가미5길
